50
25
0 1 2 3 4 5 6 7 8 9 10 11 12 13 14 15 16 17 18 19 20 21 22 23 24 25 26 27 28 29 30 31 32 33 34 35 36 37 38 39 40 41 42 43 44 45 46 47 48 49
49 19 36 1 0 43 24 14 40 16 29 15 17 46 23 33 38 44 47 31 7 22 32 41 6
0
x 94.99486 85.50532 91.98568 64.46048 65.98685 95.4169 96.62693 80.96299 77.08346 59.57627 83.64796 66.87291 81.59622 x 65.29269 65.26827 59.63371 75.74627 92.26894 50.41205 54.07476 93.68166 67.42506 81.99393 58.85094 95.16364 91.43134 95.68137 63.42092 62.91426 98.51987 84.96925 54.95429 61.80277 x 86.70814 94.00388 89.88104 54.81427 92.53827 96.81718 74.94432 x 79.18233 91.6453 92.64894 51.56885 62.94453 85.06036
94.99486 x 83.78043 54.3417 83.22842 53.52214 92.79187 57.86596 79.84005 78.01133 50.29859 68.05861 82.9301 57.21978 95.23516 95.92136 65.26025 95.1111 75.34337 82.63247 95.61596 77.34843 95.26968 76.82334 87.1773 x 55.79114 66.30059 96.73547 64.1873 64.24581 93.8015 x 62.35739 92.45974 78.16175 65.32001 55.48396 56.45562 50.95066 71.63227 86.69983 87.95798 52.87259 84.66747 85.44051 68.44503 50.38126 53.93106 81.60804
85.50532 83.78043 x 93.97271 56.46429 87.51972 79.36181 65.78495 91.92091 50.44707 54.75546 90.06853 63.95122 66.5471 76.30278 61.85216 58.2984 94.57843 86.98724 94.04944 75.66361 91.33654 79.69296 67.48546 72.09639 92.91106 87.22586 62.96012 85.17234 91.5934 94.2175 66.05551 90.52348 70.37742 86.6208 71.97143 77.11627 58.5607 91.23298 x 66.79145 85.49655 74.33272 68.07019 82.37486 88.18594 90.9369 63.9869 67.31378 61.06762
91.98568 54.3417 93.97271 x 57.95868 91.30393 92.227 91.93658 x 73.65947 83.17747 71.99216 76.4685 98.20691 53.20171 83.09819 98.63918 73.89772 83.7089 54.69351 86.71676 73.13343 79.81417 78.59359 60.85454 51.47484 92.98953 81.82895 80.33716 83.08443 x x 57.70102 64.22981 94.52611 92.30687 84.00084 68.4324 90.65788 56.73704 74.68865 53.13562 64.6908 94.11574 87.07297 87.14815 96.16103 56.89157 51.98754 68.22618
64.46048 83.22842 56.46429 57.95868 x 56.0319 71.89032 93.46805 83.19029 65.91683 57.66274 78.85947 57.25108 93.88654 91.18239 51.85012 x 92.0031 60.34249 80.89721 83.28825 76.85439 61.49834 89.84948 72.57132 53.1759 54.21642 67.61356 51.89444 95.70367 76.1231 74.00814 94.8682 60.23544 59.45259 61.91907 87.09523 85.70842 51.52313 76.89745 61.47498 67.62212 66.88249 96.05378 92.44626 94.21902 92.62458 61.5273 52.29014 77.53822
65.98685 53.52214 87.51972 91.30393 56.0319 x 56.70108 74.64861 66.56077 74.46905 65.99128 80.74968 79.62296 72.10586 52.25301 50.86142 62.73525 86.90936 52.38286 84.12051 88.44908 65.03227 70.9072 72.3916 97.42763 96.7641 66.99965 60.11035 62.62668 71.92543 93.49979 95.57594 75.59095 x 84.75572 91.55307 x 83.69093 51.3183 67.43302 93.34819 71.86487 93.96367 98.27722 83.53987 x 81.77072 81.63052 51.42047 53.00265
95.4169 92.79187 79.36181 92.227 71.89032 56.70108 x x 54.52851 x x 60.15871 58.07204 77.62661 82.538 87.57355 82.88857 55.80505 97.16167 92.92635 82.00363 67.90161 98.56699 86.01787 x 88.14511 51.05043 57.61457 50.64677 54.06875 79.96033 76.20022 65.70773 53.38855 55.28111 68.37627 84.14754 80.31385 69.13088 78.81561 79.05222 77.06551 66.11015 65.22922 73.77068 81.92525 97.7739 66.61844 88.97419 95.1238
96.62693 57.86596 65.78495 91.93658 93.46805 74.64861 x x 94.43574 83.05912 74.89108 78.18847 54.77554 81.09183 71.79304 55.13521 75.31215 90.42638 52.43889 53.90566 63.91994 71.03864 x 76.46432 72.97551 54.52739 60.51764 64.65277 71.26584 84.69226 91.3006 84.53723 77.58042 63.57033 57.04792 54.87228 83.9525 63.71936 88.24495 51.24956 85.33818 68.28102 56.0785 76.90185 67.72523 55.96273 79.92467 83.93929 51.32418 62.43638
80.96299 79.84005 91.92091 x 83.19029 66.56077 54.52851 94.43574 x 68.28642 72.41939 88.59571 93.3256 56.04809 76.54746 70.92015 56.75042 52.36403 69.42313 64.8682 65.71131 94.90766 79.81152 70.69515 71.44622 61.03797 65.57558 53.58925 61.32768 64.64517 86.79825 73.63862 80.09768 67.47692 83.15207 x 53.14815 70.37687 x 95.85033 83.31033 56.38403 53.43053 81.61261 69.25586 70.75825 85.23948 79.19358 x 92.41936
77.08346 78.01133 50.44707 73.65947 65.91683 74.46905 x 83.05912 68.28642 x 90.65825 59.0064 70.78473 93.96056 x 68.75795 59.64565 66.57061 82.66043 65.49736 63.24942 93.80898 92.07218 52.61611 82.46256 61.30036 63.98045 58.10458 87.38614 63.32585 88.68454 64.80165 60.77618 97.3011 x 97.38825 80.14591 59.34769 80.66651 55.2035 86.1363 87.78913 85.43681 80.36428 64.51196 66.53937 56.54301 98.22665 x 54.22215
59.57627 50.29859 54.75546 83.17747 57.66274 65.99128 x 74.89108 72.41939 90.65825 x 68.98495 68.0907 70.45364 x 90.05836 95.59443 x 70.92709 84.96595 94.50382 86.09607 64.68319 90.66965 78.51752 74.4105 68.10096 86.59959 66.91216 x 81.8174 94.75003 50.79868 50.10535 78.89894 60.59427 53.9191 55.44924 77.96338 90.72223 69.30508 x 85.1087 93.64677 94.14623 81.4434 97.21671 54.04067 96.05898 92.96153
83.64796 68.05861 90.06853 71.99216 78.85947 80.74968 60.15871 78.18847 88.59571 59.0064 68.98495 x 52.48753 97.46836 94.71168 77.62032 67.78463 98.35401 60.28545 94.50187 90.08736 96.01255 77.41538 67.39436 76.8914 83.73294 74.82912 87.99965 91.92623 97.42484 82.26041 55.60333 76.38211 88.33417 93.1332 64.49274 97.68773 98.63844 79.94092 85.09009 58.97242 71.62847 92.6954 84.18457 76.30324 69.79316 64.86053 61.08943 81.34294 67.56414
66.87291 82.9301 63.95122 76.4685 57.25108 79.62296 58.07204 54.77554 93.3256 70.78473 68.0907 52.48753 x 98.59817 66.61956 95.06082 52.41949 80.14853 62.37839 54.53834 78.52614 81.20091 68.4573 91.36137 89.39754 90.09875 64.13182 75.46373 81.78175 97.24558 85.1765 79.15149 54.42934 96.53881 94.33779 65.15529 79.10034 88.94219 x 81.54431 71.43745 72.49789 78.4877 89.84974 74.15261 64.08146 91.68468 93.45179 58.60118 92.62755
81.59622 57.21978 66.5471 98.20691 93.88654 72.10586 77.62661 81.09183 56.04809 93.96056 70.45364 97.46836 98.59817 x 98.00969 65.67138 84.79288 88.31559 x 83.70221 75.89005 94.92291 80.18462 58.84881 92.99337 82.83787 62.11438 85.51317 98.50054 59.88855 51.37487 88.17572 63.15314 65.93624 53.98399 82.72934 76.76976 x 50.77774 96.1884 89.7549 53.12724 96.62531 58.26605 75.55356 62.31524 98.9896 65.26679 64.99144 81.68513
x 95.23516 76.30278 53.20171 91.18239 52.25301 82.538 71.79304 76.54746 x x 94.71168 66.61956 98.00969 x 91.77031 88.06789 88.47035 77.46428 51.5456 76.70873 80.36213 79.77472 69.44659 62.57789 89.80278 94.27266 80.2122 63.92159 62.6946 83.94564 54.43659 x 85.03381 59.35665 59.60536 71.49463 57.74482 58.79825 72.90305 53.00251 67.85057 83.78398 56.55615 54.02387 73.53044 60.09289 77.75694 63.99635 91.39355
65.29269 95.92136 61.85216 83.09819 51.85012 50.86142 87.57355 55.13521 70.92015 68.75795 90.05836 77.62032 95.06082 65.67138 91.77031 x 78.59845 75.28293 85.17767 79.13904 94.11617 81.54073 89.65933 94.023 56.56686 53.43843 93.21813 71.07262 58.58816 57.78059 75.46677 56.90457 54.16216 70.90297 92.10209 96.79999 93.03599 85.35638 x x 89.56882 96.37215 92.74675 80.87602 78.71487 69.62243 53.97199 57.87741 84.54229 59.89492
65.26827 65.26025 58.2984 98.63918 x 62.73525 82.88857 75.31215 56.75042 59.64565 95.59443 67.78463 52.41949 84.79288 88.06789 78.59845 x 66.08171 x 61.87916 77.12043 87.47304 50.20449 50.51675 80.63203 53.98045 81.84334 76.94703 69.85951 59.02668 74.28031 61.01918 54.92438 97.08003 86.13929 53.83058 86.89653 66.33659 87.10862 72.25809 56.9576 81.62989 65.79055 76.47447 73.96347 64.4958 x x 77.24076 91.98623
59.63371 95.1111 94.57843 73.89772 92.0031 86.90936 55.80505 90.42638 52.36403 66.57061 x 98.35401 80.14853 88.31559 88.47035 75.28293 66.08171 x 50.84846 63.04035 71.77077 81.30237 52.36174 82.32018 61.69815 x 68.64009 57.3447 80.38251 75.59546 58.16586 81.25272 97.25535 66.5148 85.46399 86.9006 84.85703 54.22508 54.69833 74.56436 55.17188 97.98137 66.40786 52.48845 81.28904 97.34389 78.93282 86.70537 57.05748 55.43008
75.74627 75.34337 86.98724 83.7089 60.34249 52.38286 97.16167 52.43889 69.42313 82.66043 70.92709 60.28545 62.37839 x 77.46428 85.17767 x 50.84846 x 74.8085 95.86314 81.47495 61.22868 66.55968 66.12482 50.88943 69.36657 85.84202 67.29844 61.74662 74.48643 52.66297 74.48001 80.92738 91.21811 59.12854 51.88499 62.793 97.84506 90.88237 77.92234 57.08433 79.53412 87.77731 53.11994 89.68009 63.45551 98.92508 80.414 60.93408
92.26894 82.63247 94.04944 54.69351 80.89721 84.12051 92.92635 53.90566 64.8682 65.49736 84.96595 94.50187 54.53834 83.70221 51.5456 79.13904 61.87916 63.04035 74.8085 x 62.05039 86.16972 67.51687 58.21761 87.92947 91.70056 95.42599 71.09831 78.33594 90.0473 55.9718 97.90143 80.02809 83.00484 86.81639 50.08065 89.90364 91.07849 70.29315 92.06192 82.67815 85.82073 x 63.76887 67.51433 61.16351 84.30269 84.11846 98.06244 89.31439
50.41205 95.61596 75.66361 86.71676 83.28825 88.44908 82.00363 63.91994 65.71131 63.24942 94.50382 90.08736 78.52614 75.89005 76.70873 94.11617 77.12043 71.77077 95.86314 62.05039 x 96.66813 98.5514 73.77115 55.67248 55.43678 88.08849 96.77027 55.56873 87.04853 82.23973 x 90.45137 63.33572 98.45558 87.61966 71.76797 84.90999 86.20585 75.21523 84.46498 77.31884 53.88175 54.43664 68.24337 82.6079 61.61165 66.48891 52.93794 54.66082
54.07476 77.34843 91.33654 73.13343 76.85439 65.03227 67.90161 71.03864 94.90766 93.80898 86.09607 96.01255 81.20091 94.92291 80.36213 81.54073 87.47304 81.30237 81.47495 86.16972 96.66813 x x 85.91163 77.93264 74.56908 96.14642 55.59788 66.75207 51.08622 84.70244 72.18337 89.93076 81.67863 84.46978 91.47656 53.34022 88.11802 94.37481 76.66607 x 69.93682 x 63.88178 97.83966 94.3549 x 56.45914 97.87807 83.69239
93.68166 95.26968 79.69296 79.81417 61.49834 70.9072 98.56699 x 79.81152 92.07218 64.68319 77.41538 68.4573 80.18462 79.77472 89.65933 50.20449 52.36174 61.22868 67.51687 98.5514 x x 72.73295 51.82791 73.42198 51.93558 72.96285 79.37818 82.51887 83.99624 62.75899 91.05388 92.5597 78.34972 83.62741 54.09823 61.06541 87.48268 63.00458 71.8565 87.23699 83.46581 52.38977 91.65969 96.73043 72.51901 x 80.0044 84.86375
67.42506 76.82334 67.48546 78.59359 89.84948 72.3916 86.01787 76.46432 70.69515 52.61611 90.66965 67.39436 91.36137 58.84881 69.44659 94.023 50.51675 82.32018 66.55968 58.21761 73.77115 85.91163 72.73295 x 54.38849 83.67475 80.00067 80.04969 75.61105 58.94888 87.35345 89.8817 61.78469 92.38708 54.30892 67.56765 95.92663 91.26546 81.36194 x 61.8304 64.5752 97.85451 x 69.80251 96.84885 88.51797 50.72858 51.12312 91.4355
81.99393 87.1773 72.09639 60.85454 72.57132 97.42763 x 72.97551 71.44622 82.46256 78.51752 76.8914 89.39754 92.99337 62.57789 56.56686 80.63203 61.69815 66.12482 87.92947 55.67248 77.93264 51.82791 54.38849 x 75.0004 70.53562 98.04177 81.36061 69.22124 69.32331 x 83.1913 50.97794 96.84388 85.68885 69.82152 77.55977 64.51498 x 90.03905 67.7678 61.41446 91.30828 97.82315 82.68564 51.872 x 54.73681 50.31987
58.85094 x 92.91106 51.47484 53.1759 96.7641 88.14511 54.52739 61.03797 61.30036 74.4105 83.73294 90.09875 82.83787 89.80278 53.43843 53.98045 x 50.88943 91.70056 55.43678 74.56908 73.42198 83.67475 75.0004 x 76.68503 96.25231 69.35942 90.66271 59.26612 98.30952 54.44908 61.89874 92.87733 77.92094 67.58459 59.85318 84.24236 84.42707 77.16894 64.68081 60.78776 63.00101 84.51165 89.07368 x 65.61947 82.4232 71.19249
95.16364 55.79114 87.22586 92.98953 54.21642 66.99965 51.05043 60.51764 65.57558 63.98045 68.10096 74.82912 64.13182 62.11438 94.27266 93.21813 81.84334 68.64009 69.36657 95.42599 88.08849 96.14642 51.93558 80.00067 70.53562 76.68503 x x 93.71898 73.42389 77.87181 74.70395 72.55454 x 50.46418 88.26694 70.04083 83.81417 55.3373 75.85126 59.67571 89.89219 60.51419 83.56435 76.1744 75.95 55.4861 76.36029 79.37624 87.48391
91.43134 66.30059 62.96012 81.82895 67.61356 60.11035 57.61457 64.65277 53.58925 58.10458 86.59959 87.99965 75.46373 85.51317 80.2122 71.07262 76.94703 57.3447 85.84202 71.09831 96.77027 55.59788 72.96285 80.04969 98.04177 96.25231 x x 50.82135 89.98329 50.99433 56.57938 63.97743 81.37727 62.2153 52.38511 81.82057 90.33987 86.15636 77.13108 69.91719 84.54191 61.51416 69.6951 63.50393 73.02378 94.53957 80.42235 91.85278 54.7936
95.68137 96.73547 85.17234 80.33716 51.89444 62.62668 50.64677 71.26584 61.32768 87.38614 66.91216 91.92623 81.78175 98.50054 63.92159 58.58816 69.85951 80.38251 67.29844 78.33594 55.56873 66.75207 79.37818 75.61105 81.36061 69.35942 93.71898 50.82135 x 79.72876 78.29978 59.60074 82.18813 60.21577 60.67564 79.9777 90.03672 69.9259 93.54825 x 65.46692 96.51377 77.44366 62.51681 52.10342 79.19937 86.05306 67.9259 80.73228 90.23119
63.42092 64.1873 91.5934 83.08443 95.70367 71.92543 54.06875 84.69226 64.64517 63.32585 x 97.42484 97.24558 59.88855 62.6946 57.78059 59.02668 75.59546 61.74662 90.0473 87.04853 51.08622 82.51887 58.94888 69.22124 90.66271 73.42389 89.98329 79.72876 x 96.9073 96.40982 97.06371 51.15989 62.23803 50.29086 87.58246 67.6459 70.31695 64.45478 62.25854 54.77956 55.35009 87.00121 91.37532 76.66416 50.5774 86.41004 71.09557 56.63643
62.91426 64.24581 94.2175 x 76.1231 93.49979 79.96033 91.3006 86.79825 88.68454 81.8174 82.26041 85.1765 51.37487 83.94564 75.46677 74.28031 58.16586 74.48643 55.9718 82.23973 84.70244 83.99624 87.35345 69.32331 59.26612 77.87181 50.99433 78.29978 96.9073 x 90.29034 61.78479 58.25121 58.62013 x 54.8135 78.81167 56.59175 86.45547 72.1668 89.06195 67.81598 52.59924 66.98805 92.91399 55.5233 80.82335 80.41708 50.48314
98.51987 93.8015 66.05551 x 74.00814 95.57594 76.20022 84.53723 73.63862 64.80165 94.75003 55.60333 79.15149 88.17572 54.43659 56.90457 61.01918 81.25272 52.66297 97.90143 x 72.18337 62.75899 89.8817 x 98.30952 74.70395 56.57938 59.60074 96.40982 90.29034 x 60.67134 70.61987 70.27406 63.71045 71.79933 66.58715 84.51115 74.40136 95.19112 96.68144 73.17182 75.62369 61.8229 84.1649 94.386 80.7012 x 54.5725
84.96925 x 90.52348 57.70102 94.8682 75.59095 65.70773 77.58042 80.09768 60.77618 50.79868 76.38211 54.42934 63.15314 x 54.16216 54.92438 97.25535 74.48001 80.02809 90.45137 89.93076 91.05388 61.78469 83.1913 54.44908 72.55454 63.97743 82.18813 97.06371 61.78479 60.67134 x 89.15114 68.44047 73.33956 88.73035 54.65104 79.80252 81.26204 85.13247 79.01297 67.8485 64.83849 73.9552 83.71712 71.38894 72.36302 71.65004 73.00383
54.95429 62.35739 70.37742 64.22981 60.23544 x 53.38855 63.57033 67.47692 97.3011 50.10535 88.33417 96.53881 65.93624 85.03381 70.90297 97.08003 66.5148 80.92738 83.00484 63.33572 81.67863 92.5597 92.38708 50.97794 61.89874 x 81.37727 60.21577 51.15989 58.25121 70.61987 89.15114 x 88.45846 77.71595 95.61916 80.78665 x 94.41511 51.1279 81.44362 96.0632 55.85937 82.99098 64.51938 90.75839 83.67875 86.6319 78.68946
61.80277 92.45974 86.6208 94.52611 59.45259 84.75572 55.28111 57.04792 83.15207 x 78.89894 93.1332 94.33779 53.98399 59.35665 92.10209 86.13929 85.46399 91.21811 86.81639 98.45558 84.46978 78.34972 54.30892 96.84388 92.87733 50.46418 62.2153 60.67564 62.23803 58.62013 70.27406 68.44047 88.45846 x 62.67866 93.13176 79.98179 50.01787 70.86186 59.60537 87.74347 97.9571 77.30466 73.19177 64.17778 58.19888 91.30508 x 52.50618
x 78.16175 71.97143 92.30687 61.91907 91.55307 68.37627 54.87228 x 97.38825 60.59427 64.49274 65.15529 82.72934 59.60536 96.79999 53.83058 86.9006 59.12854 50.08065 87.61966 91.47656 83.62741 67.56765 85.68885 77.92094 88.26694 52.38511 79.9777 50.29086 x 63.71045 73.33956 77.71595 62.67866 x 51.49429 87.74822 58.72438 79.45691 66.14716 62.16476 51.63714 81.55204 95.33698 94.90217 74.95919 77.83859 66.04389 54.34134
86.70814 65.32001 77.11627 84.00084 87.09523 x 84.14754 83.9525 53.14815 80.14591 53.9191 97.68773 79.10034 76.76976 71.49463 93.03599 86.89653 84.85703 51.88499 89.90364 71.76797 53.34022 54.09823 95.92663 69.82152 67.58459 70.04083 81.82057 90.03672 87.58246 54.8135 71.79933 88.73035 95.61916 93.13176 51.49429 x 53.06584 95.23428 77.35795 85.88262 85.75036 97.96617 66.83539 83.37266 87.41594 79.33415 56.96495 69.10717 95.57032
94.00388 55.48396 58.5607 68.4324 85.70842 83.69093 80.31385 63.71936 70.37687 59.34769 55.44924 98.63844 88.94219 x 57.74482 85.35638 66.33659 54.22508 62.793 91.07849 84.90999 88.11802 61.06541 91.26546 77.55977 59.85318 83.81417 90.33987 69.9259 67.6459 78.81167 66.58715 54.65104 80.78665 79.98179 87.74822 53.06584 x 91.42853 52.01595 64.78056 79.53772 64.31702 59.80935 98.96088 85.40183 50.00773 72.72406 80.27849 69.83928
89.88104 56.45562 91.23298 90.65788 51.52313 51.3183 69.13088 88.24495 x 80.66651 77.96338 79.94092 x 50.77774 58.79825 x 87.10862 54.69833 97.84506 70.29315 86.20585 94.37481 87.48268 81.36194 64.51498 84.24236 55.3373 86.15636 93.54825 70.31695 56.59175 84.51115 79.80252 x 50.01787 58.72438 95.23428 91.42853 x 85.90513 72.36762 86.972 74.72569 91.40807 59.00307 53.50444 63.753 70.39932 82.5866 59.95394
54.81427 50.95066 x 56.73704 76.89745 67.43302 78.81561 51.24956 95.85033 55.2035 90.72223 85.09009 81.54431 96.1884 72.90305 x 72.25809 74.56436 90.88237 92.06192 75.21523 76.66607 63.00458 x x 84.42707 75.85126 77.13108 x 64.45478 86.45547 74.40136 81.26204 94.41511 70.86186 79.45691 77.35795 52.01595 85.90513 x 88.35769 82.92886 64.23606 96.09979 69.35353 68.82861 70.161 53.22022 52.71766 84.57188
92.53827 71.63227 66.79145 74.68865 61.47498 93.34819 79.05222 85.33818 83.31033 86.1363 69.30508 58.97242 71.43745 89.7549 53.00251 89.56882 56.9576 55.17188 77.92234 82.67815 84.46498 x 71.8565 61.8304 90.03905 77.16894 59.67571 69.91719 65.46692 62.25854 72.1668 95.19112 85.13247 51.1279 59.60537 66.14716 85.88262 64.78056 72.36762 88.35769 x 60.31978 x 67.59269 61.80448 61.87756 57.79908 92.32123 62.57066 59.56623
96.81718 86.69983 85.49655 53.13562 67.62212 71.86487 77.06551 68.28102 56.38403 87.78913 x 71.62847 72.49789 53.12724 67.85057 96.37215 81.62989 97.98137 57.08433 85.82073 77.31884 69.93682 87.23699 64.5752 67.7678 64.68081 89.89219 84.54191 96.51377 54.77956 89.06195 96.68144 79.01297 81.44362 87.74347 62.16476 85.75036 79.53772 86.972 82.92886 60.31978 x 65.89516 70.47592 62.99606 98.26415 76.14574 90.68667 83.79945 84.19575
74.94432 87.95798 74.33272 64.6908 66.88249 93.96367 66.11015 56.0785 53.43053 85.43681 85.1087 92.6954 78.4877 96.62531 83.78398 92.74675 65.79055 66.40786 79.53412 x 53.88175 x 83.46581 97.85451 61.41446 60.78776 60.51419 61.51416 77.44366 55.35009 67.81598 73.17182 67.8485 96.0632 97.9571 51.63714 97.96617 64.31702 74.72569 64.23606 x 65.89516 x 63.04729 77.78456 94.47122 x 80.83937 76.78221 80.17698
x 52.87259 68.07019 94.11574 96.05378 98.27722 65.22922 76.90185 81.61261 80.36428 93.64677 84.18457 89.84974 58.26605 56.55615 80.87602 76.47447 52.48845 87.77731 63.76887 54.43664 63.88178 52.38977 x 91.30828 63.00101 83.56435 69.6951 62.51681 87.00121 52.59924 75.62369 64.83849 55.85937 77.30466 81.55204 66.83539 59.80935 91.40807 96.09979 67.59269 70.47592 63.04729 x 89.92694 62.84164 65.44553 91.107 75.09951 94.66543
79.18233 84.66747 82.37486 87.07297 92.44626 83.53987 73.77068 67.72523 69.25586 64.51196 94.14623 76.30324 74.15261 75.55356 54.02387 78.71487 73.96347 81.28904 53.11994 67.51433 68.24337 97.83966 91.65969 69.80251 97.82315 84.51165 76.1744 63.50393 52.10342 91.37532 66.98805 61.8229 73.9552 82.99098 73.19177 95.33698 83.37266 98.96088 59.00307 69.35353 61.80448 62.99606 77.78456 89.92694 x 91.75455 60.5215 81.43086 57.9399 x
91.6453 85.44051 88.18594 87.14815 94.21902 x 81.92525 55.96273 70.75825 66.53937 81.4434 69.79316 64.08146 62.31524 73.53044 69.62243 64.4958 97.34389 89.68009 61.16351 82.6079 94.3549 96.73043 96.84885 82.68564 89.07368 75.95 73.02378 79.19937 76.66416 92.91399 84.1649 83.71712 64.51938 64.17778 94.90217 87.41594 85.40183 53.50444 68.82861 61.87756 98.26415 94.47122 62.84164 91.75455 x 89.51255 77.36995 98.90384 98.01463
92.64894 68.44503 90.9369 96.16103 92.62458 81.77072 97.7739 79.92467 85.23948 56.54301 97.21671 64.86053 91.68468 98.9896 60.09289 53.97199 x 78.93282 63.45551 84.30269 61.61165 x 72.51901 88.51797 51.872 x 55.4861 94.53957 86.05306 50.5774 55.5233 94.386 71.38894 90.75839 58.19888 74.95919 79.33415 50.00773 63.753 70.161 57.79908 76.14574 x 65.44553 60.5215 89.51255 x x 64.19608 59.38591
51.56885 50.38126 63.9869 56.89157 61.5273 81.63052 66.61844 83.93929 79.19358 98.22665 54.04067 61.08943 93.45179 65.26679 77.75694 57.87741 x 86.70537 98.92508 84.11846 66.48891 56.45914 x 50.72858 x 65.61947 76.36029 80.42235 67.9259 86.41004 80.82335 80.7012 72.36302 83.67875 91.30508 77.83859 56.96495 72.72406 70.39932 53.22022 92.32123 90.68667 80.83937 91.107 81.43086 77.36995 x x 59.88199 78.25629
62.94453 53.93106 67.31378 51.98754 52.29014 51.42047 88.97419 51.32418 x x 96.05898 81.34294 58.60118 64.99144 63.99635 84.54229 77.24076 57.05748 80.414 98.06244 52.93794 97.87807 80.0044 51.12312 54.73681 82.4232 79.37624 91.85278 80.73228 71.09557 80.41708 x 71.65004 86.6319 x 66.04389 69.10717 80.27849 82.5866 52.71766 62.57066 83.79945 76.78221 75.09951 57.9399 98.90384 64.19608 59.88199 x 87.49351
85.06036 81.60804 61.06762 68.22618 77.53822 53.00265 95.1238 62.43638 92.41936 54.22215 92.96153 67.56414 92.62755 81.68513 91.39355 59.89492 91.98623 55.43008 60.93408 89.31439 54.66082 83.69239 84.86375 91.4355 50.31987 71.19249 87.48391 54.7936 90.23119 56.63643 50.48314 54.5725 73.00383 78.68946 52.50618 54.34134 95.57032 69.83928 59.95394 84.57188 59.56623 84.19575 80.17698 94.66543 x 98.01463 59.38591 78.25629 87.49351 x