50
25
0 1 2 3 4 5 6 7 8 9 10 11 12 13 14 15 16 17 18 19 20 21 22 23 24 25 26 27 28 29 30 31 32 33 34 35 36 37 38 39 40 41 42 43 44 45 46 47 48 49
4 23 15 20 46 35 43 3 9 6 25 47 7 8 36 32 21 2 33 12 28 13 16 39 40
0
x 70.15713 58.57917 70.16724 x 73.19421 52.74187 68.12491 91.97275 93.09731 70.81144 90.98378 68.57587 82.77935 56.34752 90.4442 98.81785 55.38576 81.20832 66.78741 83.52497 59.09444 94.64835 95.92748 57.77145 88.3049 88.41597 73.22904 58.00464 51.00058 53.08474 81.9645 75.71239 83.50722 81.76666 60.85419 75.95691 74.37382 59.5297 75.06371 67.93133 82.63867 60.03289 x 64.68806 62.6258 50.1784 96.1601 70.64393 73.68422
70.15713 x 60.37182 55.51504 67.06196 70.57257 x 63.77838 82.16461 82.91655 93.31543 70.04723 82.30354 50.8327 50.90246 80.35557 85.35384 69.70625 87.93065 59.35995 78.0032 95.33997 58.91861 51.88289 54.86226 83.65985 x x 71.44008 50.69867 78.5197 81.83532 74.593 62.02293 x 76.86164 67.27836 85.13244 81.87036 50.07902 97.94024 94.02282 97.66226 73.89024 72.65006 75.2957 83.67282 94.58039 59.8478 53.83472
58.57917 60.37182 x 66.61328 57.15027 78.71105 53.51208 81.7097 75.52585 62.75846 80.06482 75.2255 80.69864 67.14776 66.89731 89.77996 90.76178 91.24155 59.50324 89.00855 81.00111 73.77719 65.66171 78.51356 97.62037 59.01082 53.58725 92.54852 89.12232 86.65984 73.09097 70.05283 87.06579 67.00531 50.40437 59.34536 94.79121 77.20582 95.30009 91.84728 74.38902 94.29376 80.51954 83.27571 51.66867 68.09051 57.39348 79.96601 76.89308 78.30373
70.16724 55.51504 66.61328 x 64.88604 93.57893 86.02587 62.01248 91.96199 81.71468 90.78676 55.10166 89.51058 96.42713 76.79872 57.1626 58.83641 75.54397 x 87.98188 94.28479 86.45314 98.71279 66.87874 67.25201 59.50096 57.53853 52.88591 x 77.95139 68.21367 66.40391 63.94061 88.94023 83.29396 65.45688 97.10259 96.39913 74.39151 97.62875 85.03489 98.82167 79.77323 61.88749 76.48151 96.30405 75.31653 61.55652 50.82506 60.27888
x 67.06196 57.15027 64.88604 x 76.03753 72.28751 72.43302 96.31622 56.56754 98.1205 84.14199 74.7398 62.52654 81.3835 89.81114 53.88927 74.90788 86.03019 61.16321 86.90271 68.55037 90.77214 56.4467 82.44609 80.37192 88.42367 90.93078 66.42256 54.47216 63.13394 50.17778 75.53917 90.25447 78.9063 x 82.42333 79.90558 54.56584 98.88188 53.41195 65.01913 79.2271 86.78661 69.46941 86.85443 65.03923 90.13555 92.25838 68.02294
73.19421 70.57257 78.71105 93.57893 76.03753 x 97.82385 86.68859 50.85143 68.32189 64.69582 76.1117 66.0387 52.26998 86.68628 52.00226 81.32736 70.78786 55.83387 87.14259 x 65.80023 x 80.54646 67.49 94.25834 90.15124 66.62097 77.83126 61.20387 96.19567 79.1248 77.65222 64.41094 60.05572 64.23455 79.65513 64.35831 93.70151 60.14425 79.29002 x 76.29298 50.40596 53.04945 53.35372 51.13271 58.66902 67.01659 x
52.74187 x 53.51208 86.02587 72.28751 97.82385 x 65.27372 93.69512 57.16127 74.94804 74.25445 83.38859 78.29568 67.21497 69.86645 x 75.91632 56.30458 67.19193 91.27441 x 82.04254 57.70734 58.69856 61.02046 92.37874 74.53893 95.9495 71.08644 56.56447 69.66919 x 97.13795 51.35663 x 82.73817 87.00068 82.12305 77.13329 65.40568 98.33155 88.3561 53.57707 87.40338 63.02526 97.14313 51.25559 91.44008 62.38993
68.12491 63.77838 81.7097 62.01248 72.43302 86.68859 65.27372 x 97.77557 68.13599 54.88416 x 66.52306 51.57127 57.279 68.23879 85.72294 91.3046 76.60827 98.31084 94.91947 90.52662 94.89086 57.21345 90.5707 87.26924 77.13523 91.24419 92.27163 59.6771 89.61496 96.17938 64.67 92.97788 65.44465 92.7918 95.36583 93.60632 60.78313 77.40592 56.04721 74.32776 88.96152 68.33702 64.87726 94.46691 58.16798 78.69475 95.41125 80.93411
91.97275 82.16461 75.52585 91.96199 96.31622 50.85143 93.69512 97.77557 x 86.12451 91.43976 63.1082 58.36552 82.14959 84.5299 92.73327 85.08826 87.70869 78.41572 x 60.21174 69.7261 90.99374 92.61165 83.27856 75.86928 74.16911 96.49825 55.59288 84.3831 82.53356 83.65104 x 53.9638 66.7595 85.65363 51.98231 67.80159 63.15659 94.2872 81.60626 83.64292 88.12159 57.2384 58.14272 63.30898 56.0536 89.39146 92.27643 77.88432
93.09731 82.91655 62.75846 81.71468 56.56754 68.32189 57.16127 68.13599 86.12451 x 79.89236 76.9864 57.67727 75.1315 68.35049 64.57958 77.47191 56.68326 87.18107 88.20373 73.81609 90.68398 80.1407 81.29177 65.09209 58.20898 89.69976 78.77276 57.72185 88.8198 78.39072 52.34182 54.0389 71.58629 78.5258 75.76705 88.7587 55.25951 62.55364 85.68267 76.26058 53.69069 91.72309 77.98663 66.2756 94.44682 69.68741 73.00373 80.36171 87.65798
70.81144 93.31543 80.06482 90.78676 98.1205 64.69582 74.94804 54.88416 91.43976 79.89236 x 61.51346 96.64313 81.6251 91.661 83.653 74.05726 91.75427 80.73872 57.63218 61.76491 92.70133 80.74794 74.60992 80.19569 79.4377 72.5923 95.29323 53.56938 54.18945 83.62231 83.65774 92.81795 92.05008 56.65494 95.76648 85.83742 71.39878 60.71257 65.8489 50.09357 77.39324 97.27804 66.92166 88.11364 92.8656 92.9254 65.33378 82.51515 x
90.98378 70.04723 75.2255 55.10166 84.14199 76.1117 74.25445 x 63.1082 76.9864 61.51346 x 76.02798 82.53098 89.43681 88.93041 76.94527 86.50202 88.75644 75.70262 x 69.82902 70.0547 82.99632 93.74493 67.26358 93.3367 92.38628 59.38474 70.20245 90.41065 85.27663 92.65112 92.57561 59.46649 76.23634 66.85447 79.69549 74.29583 97.89602 x 94.07941 83.28011 73.74827 74.14266 79.16937 87.89667 88.32276 55.85115 60.63557
68.57587 82.30354 80.69864 89.51058 74.7398 66.0387 83.38859 66.52306 58.36552 57.67727 96.64313 76.02798 x 61.25754 53.58864 98.92249 92.21811 77.45488 75.96628 66.09051 57.21901 71.53863 50.22793 x 87.19102 96.55953 77.27378 63.69711 85.74061 55.58594 x 50.64301 63.05018 76.70635 52.34766 96.81396 80.31985 86.7477 93.22263 80.397 78.0309 58.26904 x 91.51385 63.85955 78.92471 88.37308 90.36454 51.34251 82.09402
82.77935 50.8327 67.14776 96.42713 62.52654 52.26998 78.29568 51.57127 82.14959 75.1315 81.6251 82.53098 61.25754 x 92.57742 86.54403 67.833 71.35351 88.3961 71.47751 97.91289 75.95365 x 80.73843 74.44301 71.92298 51.19204 82.62839 52.47793 x x x 61.49054 61.27603 77.90898 60.5194 57.31231 55.7397 x 75.95507 85.64607 98.64414 59.64145 55.04792 62.99083 74.19004 54.62518 73.04869 56.52849 76.3239
56.34752 50.90246 66.89731 76.79872 81.3835 86.68628 67.21497 57.279 84.5299 68.35049 91.661 89.43681 53.58864 92.57742 x 50.59825 58.64436 66.4426 64.10191 80.3684 97.80696 92.89112 51.89621 x 84.35113 79.00985 53.87355 50.90504 87.03278 97.0465 59.2095 98.17613 97.25415 72.81506 92.50992 91.45853 88.51522 79.59738 73.14341 x 51.56099 54.58555 72.98015 95.53173 65.86733 62.17734 53.9046 84.46644 51.16345 86.24753
90.4442 80.35557 89.77996 57.1626 89.81114 52.00226 69.86645 68.23879 92.73327 64.57958 83.653 88.93041 98.92249 86.54403 50.59825 x 65.6812 84.88571 86.52743 74.25788 56.07839 58.68962 70.90937 81.99341 69.55952 50.59636 91.52886 76.18169 93.08037 56.70129 77.4704 62.87089 93.57963 65.99602 62.9749 82.04995 83.67441 64.70815 83.52188 50.91357 74.60574 59.84368 79.15315 75.60182 93.32103 52.4717 56.54506 55.72556 62.85296 72.72616
98.81785 85.35384 90.76178 58.83641 53.88927 81.32736 x 85.72294 85.08826 77.47191 74.05726 76.94527 92.21811 67.833 58.64436 65.6812 x 63.71303 54.56028 73.34857 89.15747 78.56932 91.29528 55.15094 74.75179 67.05187 94.08998 52.9593 52.34859 98.12914 86.91854 58.56324 77.82679 90.89069 58.67639 95.37287 50.71477 50.68928 93.30034 51.36549 60.44869 63.14418 93.8227 61.4017 62.95779 54.55398 85.42448 58.06311 79.61573 61.38822
55.38576 69.70625 91.24155 75.54397 74.90788 70.78786 75.91632 91.3046 87.70869 56.68326 91.75427 86.50202 77.45488 71.35351 66.4426 84.88571 63.71303 x 89.5824 68.405 75.76115 73.16768 81.39679 71.53252 64.93348 x x 94.36438 92.09688 55.92904 93.73793 51.26659 54.51782 65.56586 95.84464 52.69336 54.47504 90.80701 80.15034 88.75906 58.19434 89.66094 59.3735 66.17227 88.97839 96.1521 96.40911 90.03845 60.01395 89.89583
81.20832 87.93065 59.50324 x 86.03019 55.83387 56.30458 76.60827 78.41572 87.18107 80.73872 88.75644 75.96628 88.3961 64.10191 86.52743 54.56028 89.5824 x 60.64745 50.85702 76.05735 51.01973 58.55259 54.79937 74.33435 65.7918 78.47816 65.41851 56.86507 59.18406 83.98065 55.75249 53.18907 82.02543 66.88387 68.00908 x 94.32665 67.97271 98.02881 51.64468 x 58.10391 57.76747 86.40957 77.01872 69.14734 57.15681 69.35129
66.78741 59.35995 89.00855 87.98188 61.16321 87.14259 67.19193 98.31084 x 88.20373 57.63218 75.70262 66.09051 71.47751 80.3684 74.25788 73.34857 68.405 60.64745 x 53.55736 95.57024 x 97.93628 84.14236 87.88839 x 67.37707 93.6335 62.02552 74.6394 55.25777 50.28538 71.64945 50.0116 57.20947 56.71478 89.50376 x 86.01219 85.87529 89.6452 90.42942 59.549 83.09355 53.7237 x 83.01674 88.1792 98.65146
83.52497 78.0032 81.00111 94.28479 86.90271 x 91.27441 94.91947 60.21174 73.81609 61.76491 x 57.21901 97.91289 97.80696 56.07839 89.15747 75.76115 50.85702 53.55736 x 86.29733 71.35058 82.32852 53.65308 54.45253 53.79614 74.10372 66.5986 x 50.86642 93.37992 79.72413 65.91305 95.38772 50.6485 95.67934 61.99099 93.49783 87.31076 91.59757 69.10032 79.18727 71.70223 x 64.33418 70.98882 73.59873 79.30369 71.55997
59.09444 95.33997 73.77719 86.45314 68.55037 65.80023 x 90.52662 69.7261 90.68398 92.70133 69.82902 71.53863 75.95365 92.89112 58.68962 78.56932 73.16768 76.05735 95.57024 86.29733 x 72.6912 x 88.95442 69.53697 66.05868 63.12963 78.84316 61.17012 68.32389 71.17449 77.21237 x 61.88948 89.09237 x 55.9962 96.91529 93.19753 97.19938 62.50148 86.40327 97.69416 81.07479 59.41365 53.00507 85.62632 77.571 75.44116
94.64835 58.91861 65.66171 98.71279 90.77214 x 82.04254 94.89086 90.99374 80.1407 80.74794 70.0547 50.22793 x 51.89621 70.90937 91.29528 81.39679 51.01973 x 71.35058 72.6912 x 61.65916 86.03276 75.60892 51.76741 85.30062 85.00789 56.67861 65.81051 65.36072 83.24664 52.50141 82.22603 74.8785 75.73477 68.64134 80.24341 68.19677 59.28855 50.21928 56.99253 59.19775 94.92813 80.97428 x 59.22616 56.93103 97.00402
95.92748 51.88289 78.51356 66.87874 56.4467 80.54646 57.70734 57.21345 92.61165 81.29177 74.60992 82.99632 x 80.73843 x 81.99341 55.15094 71.53252 58.55259 97.93628 82.32852 x 61.65916 x 62.65894 60.38379 55.50697 53.94458 54.64656 88.72474 59.21423 70.69339 70.23463 60.84127 61.89554 64.03682 76.07433 69.91798 82.27985 80.30058 50.66464 74.03765 75.23453 58.15169 83.63999 88.96575 95.92745 75.34778 85.80819 84.56197
57.77145 54.86226 97.62037 67.25201 82.44609 67.49 58.69856 90.5707 83.27856 65.09209 80.19569 93.74493 87.19102 74.44301 84.35113 69.55952 74.75179 64.93348 54.79937 84.14236 53.65308 88.95442 86.03276 62.65894 x 71.81619 58.48479 80.20521 94.86193 53.84626 71.79366 61.07658 79.32747 71.68768 93.62185 80.6864 54.32283 97.39931 97.2645 84.0395 72.4827 65.90752 86.40726 82.40957 92.69923 71.94797 79.87438 88.8239 76.8249 82.19175
88.3049 83.65985 59.01082 59.50096 80.37192 94.25834 61.02046 87.26924 75.86928 58.20898 79.4377 67.26358 96.55953 71.92298 79.00985 50.59636 67.05187 x 74.33435 87.88839 54.45253 69.53697 75.60892 60.38379 71.81619 x 80.62861 97.11295 94.52534 68.3319 68.46185 90.66422 82.13813 63.18674 x 65.18848 50.03213 57.19007 55.1236 50.36864 72.97423 68.26706 56.95551 82.75148 80.30901 82.64495 54.81409 76.6386 90.0997 51.41874
88.41597 x 53.58725 57.53853 88.42367 90.15124 92.37874 77.13523 74.16911 89.69976 72.5923 93.3367 77.27378 51.19204 53.87355 91.52886 94.08998 x 65.7918 x 53.79614 66.05868 51.76741 55.50697 58.48479 80.62861 x 75.97133 70.41758 96.67325 93.51786 72.48181 71.43461 57.87884 x 54.36622 72.40995 55.66076 75.09059 66.94643 81.22662 96.83061 66.58218 80.98757 53.29832 52.64616 50.38513 x 87.9942 61.82588
73.22904 x 92.54852 52.88591 90.93078 66.62097 74.53893 91.24419 96.49825 78.77276 95.29323 92.38628 63.69711 82.62839 50.90504 76.18169 52.9593 94.36438 78.47816 67.37707 74.10372 63.12963 85.30062 53.94458 80.20521 97.11295 75.97133 x 63.44215 95.72695 91.46548 58.82382 x 92.42292 96.16741 73.81079 94.87934 71.77932 79.82468 83.86029 68.81499 65.85033 73.79132 x 83.50044 72.17528 77.6717 92.49823 56.48182 82.18412
58.00464 71.44008 89.12232 x 66.42256 77.83126 95.9495 92.27163 55.59288 57.72185 53.56938 59.38474 85.74061 52.47793 87.03278 93.08037 52.34859 92.09688 65.41851 93.6335 66.5986 78.84316 85.00789 54.64656 94.86193 94.52534 70.41758 63.44215 x 51.91661 57.9222 89.34628 63.92746 83.77033 98.74938 x 83.48663 88.71081 64.98714 75.33269 66.21341 95.59251 87.50697 98.54628 64.55239 90.88624 57.67936 89.37243 72.51287 77.49403
51.00058 50.69867 86.65984 77.95139 54.47216 61.20387 71.08644 59.6771 84.3831 88.8198 54.18945 70.20245 55.58594 x 97.0465 56.70129 98.12914 55.92904 56.86507 62.02552 x 61.17012 56.67861 88.72474 53.84626 68.3319 96.67325 95.72695 51.91661 x 65.96944 74.88168 65.04783 96.69318 85.04018 88.33923 71.47672 54.35196 78.24598 64.36868 57.54753 95.61436 57.77486 69.90143 50.29941 59.40109 54.1312 94.51381 65.31839 66.42335
53.08474 78.5197 73.09097 68.21367 63.13394 96.19567 56.56447 89.61496 82.53356 78.39072 83.62231 90.41065 x x 59.2095 77.4704 86.91854 93.73793 59.18406 74.6394 50.86642 68.32389 65.81051 59.21423 71.79366 68.46185 93.51786 91.46548 57.9222 65.96944 x 61.40678 72.75168 87.42926 78.73746 x 70.46635 98.51358 59.88569 53.30305 65.82153 58.45735 60.33521 82.6335 91.5515 69.3151 54.09233 53.15383 78.71055 70.84789
81.9645 81.83532 70.05283 66.40391 50.17778 79.1248 69.66919 96.17938 83.65104 52.34182 83.65774 85.27663 50.64301 x 98.17613 62.87089 58.56324 51.26659 83.98065 55.25777 93.37992 71.17449 65.36072 70.69339 61.07658 90.66422 72.48181 58.82382 89.34628 74.88168 61.40678 x 56.84066 95.21364 86.02606 55.9857 76.07823 76.5292 93.71901 x 59.72501 97.424 83.7444 52.96858 50.46448 89.68517 85.7646 78.09554 94.84666 67.20564
75.71239 74.593 87.06579 63.94061 75.53917 77.65222 x 64.67 x 54.0389 92.81795 92.65112 63.05018 61.49054 97.25415 93.57963 77.82679 54.51782 55.75249 50.28538 79.72413 77.21237 83.24664 70.23463 79.32747 82.13813 71.43461 x 63.92746 65.04783 72.75168 56.84066 x 58.8391 78.60312 70.58848 87.8446 88.4894 59.55073 65.36388 50.1638 58.04506 x 82.52988 74.57583 85.56715 65.30409 x 68.66626 94.75739
83.50722 62.02293 67.00531 88.94023 90.25447 64.41094 97.13795 92.97788 53.9638 71.58629 92.05008 92.57561 76.70635 61.27603 72.81506 65.99602 90.89069 65.56586 53.18907 71.64945 65.91305 x 52.50141 60.84127 71.68768 63.18674 57.87884 92.42292 83.77033 96.69318 87.42926 95.21364 58.8391 x 84.98402 67.31539 93.7247 x 75.70416 91.81289 x 83.44561 76.11783 64.42688 83.09589 88.81557 98.09387 58.30888 97.93649 57.10823
81.76666 x 50.40437 83.29396 78.9063 60.05572 51.35663 65.44465 66.7595 78.5258 56.65494 59.46649 52.34766 77.90898 92.50992 62.9749 58.67639 95.84464 82.02543 50.0116 95.38772 61.88948 82.22603 61.89554 93.62185 x x 96.16741 98.74938 85.04018 78.73746 86.02606 78.60312 84.98402 x 55.32712 82.92917 96.13357 95.40189 75.62429 71.39021 75.87014 64.90958 74.07417 69.34939 56.30895 57.86554 75.63333 52.98217 75.54458
60.85419 76.86164 59.34536 65.45688 x 64.23455 x 92.7918 85.65363 75.76705 95.76648 76.23634 96.81396 60.5194 91.45853 82.04995 95.37287 52.69336 66.88387 57.20947 50.6485 89.09237 74.8785 64.03682 80.6864 65.18848 54.36622 73.81079 x 88.33923 x 55.9857 70.58848 67.31539 55.32712 x 53.89974 67.52655 85.42227 52.47369 59.56361 69.9025 81.50806 65.45088 58.94375 96.89784 56.09672 57.421 65.8289 96.96583
75.95691 67.27836 94.79121 97.10259 82.42333 79.65513 82.73817 95.36583 51.98231 88.7587 85.83742 66.85447 80.31985 57.31231 88.51522 83.67441 50.71477 54.47504 68.00908 56.71478 95.67934 x 75.73477 76.07433 54.32283 50.03213 72.40995 94.87934 83.48663 71.47672 70.46635 76.07823 87.8446 93.7247 82.92917 53.89974 x 77.61652 87.61928 55.23377 88.36351 79.56058 61.36064 96.10639 69.14373 78.72048 53.60823 57.27304 51.05447 57.56319
74.37382 85.13244 77.20582 96.39913 79.90558 64.35831 87.00068 93.60632 67.80159 55.25951 71.39878 79.69549 86.7477 55.7397 79.59738 64.70815 50.68928 90.80701 x 89.50376 61.99099 55.9962 68.64134 69.91798 97.39931 57.19007 55.66076 71.77932 88.71081 54.35196 98.51358 76.5292 88.4894 x 96.13357 67.52655 77.61652 x 72.0962 90.88137 82.21423 97.31739 72.89805 70.66208 81.12858 51.59772 74.93703 75.94688 65.74402 54.49513
59.5297 81.87036 95.30009 74.39151 54.56584 93.70151 82.12305 60.78313 63.15659 62.55364 60.71257 74.29583 93.22263 x 73.14341 83.52188 93.30034 80.15034 94.32665 x 93.49783 96.91529 80.24341 82.27985 97.2645 55.1236 75.09059 79.82468 64.98714 78.24598 59.88569 93.71901 59.55073 75.70416 95.40189 85.42227 87.61928 72.0962 x 89.4377 80.70417 65.12542 75.63383 72.0462 92.09872 61.88423 89.63224 96.82029 53.96678 63.49667
75.06371 50.07902 91.84728 97.62875 98.88188 60.14425 77.13329 77.40592 94.2872 85.68267 65.8489 97.89602 80.397 75.95507 x 50.91357 51.36549 88.75906 67.97271 86.01219 87.31076 93.19753 68.19677 80.30058 84.0395 50.36864 66.94643 83.86029 75.33269 64.36868 53.30305 x 65.36388 91.81289 75.62429 52.47369 55.23377 90.88137 89.4377 x 72.81091 85.57028 91.87687 69.49178 55.91798 62.29383 50.35074 77.87326 98.45801 58.08148
67.93133 97.94024 74.38902 85.03489 53.41195 79.29002 65.40568 56.04721 81.60626 76.26058 50.09357 x 78.0309 85.64607 51.56099 74.60574 60.44869 58.19434 98.02881 85.87529 91.59757 97.19938 59.28855 50.66464 72.4827 72.97423 81.22662 68.81499 66.21341 57.54753 65.82153 59.72501 50.1638 x 71.39021 59.56361 88.36351 82.21423 80.70417 72.81091 x x 86.31893 71.15864 87.91555 75.22297 89.87244 83.45108 54.17644 50.62733
82.63867 94.02282 94.29376 98.82167 65.01913 x 98.33155 74.32776 83.64292 53.69069 77.39324 94.07941 58.26904 98.64414 54.58555 59.84368 63.14418 89.66094 51.64468 89.6452 69.10032 62.50148 50.21928 74.03765 65.90752 68.26706 96.83061 65.85033 95.59251 95.61436 58.45735 97.424 58.04506 83.44561 75.87014 69.9025 79.56058 97.31739 65.12542 85.57028 x x 92.16037 72.21539 89.50128 52.26513 x 91.38948 70.11056 69.06162
60.03289 97.66226 80.51954 79.77323 79.2271 76.29298 88.3561 88.96152 88.12159 91.72309 97.27804 83.28011 x 59.64145 72.98015 79.15315 93.8227 59.3735 x 90.42942 79.18727 86.40327 56.99253 75.23453 86.40726 56.95551 66.58218 73.79132 87.50697 57.77486 60.33521 83.7444 x 76.11783 64.90958 81.50806 61.36064 72.89805 75.63383 91.87687 86.31893 92.16037 x 85.20346 86.66744 51.2559 81.89589 88.7481 79.45382 94.28916
x 73.89024 83.27571 61.88749 86.78661 50.40596 53.57707 68.33702 57.2384 77.98663 66.92166 73.74827 91.51385 55.04792 95.53173 75.60182 61.4017 66.17227 58.10391 59.549 71.70223 97.69416 59.19775 58.15169 82.40957 82.75148 80.98757 x 98.54628 69.90143 82.6335 52.96858 82.52988 64.42688 74.07417 65.45088 96.10639 70.66208 72.0462 69.49178 71.15864 72.21539 85.20346 x 98.65964 53.67984 65.77158 98.57978 57.62513 59.89258
64.68806 72.65006 51.66867 76.48151 69.46941 53.04945 87.40338 64.87726 58.14272 66.2756 88.11364 74.14266 63.85955 62.99083 65.86733 93.32103 62.95779 88.97839 57.76747 83.09355 x 81.07479 94.92813 83.63999 92.69923 80.30901 53.29832 83.50044 64.55239 50.29941 91.5515 50.46448 74.57583 83.09589 69.34939 58.94375 69.14373 81.12858 92.09872 55.91798 87.91555 89.50128 86.66744 98.65964 x 83.77792 63.82088 80.91025 89.9912 70.89962
62.6258 75.2957 68.09051 96.30405 86.85443 53.35372 63.02526 94.46691 63.30898 94.44682 92.8656 79.16937 78.92471 74.19004 62.17734 52.4717 54.55398 96.1521 86.40957 53.7237 64.33418 59.41365 80.97428 88.96575 71.94797 82.64495 52.64616 72.17528 90.88624 59.40109 69.3151 89.68517 85.56715 88.81557 56.30895 96.89784 78.72048 51.59772 61.88423 62.29383 75.22297 52.26513 51.2559 53.67984 83.77792 x 87.3754 96.54779 94.73157 86.18552
50.1784 83.67282 57.39348 75.31653 65.03923 51.13271 97.14313 58.16798 56.0536 69.68741 92.9254 87.89667 88.37308 54.62518 53.9046 56.54506 85.42448 96.40911 77.01872 x 70.98882 53.00507 x 95.92745 79.87438 54.81409 50.38513 77.6717 57.67936 54.1312 54.09233 85.7646 65.30409 98.09387 57.86554 56.09672 53.60823 74.93703 89.63224 50.35074 89.87244 x 81.89589 65.77158 63.82088 87.3754 x 64.38256 89.60601 88.70809
96.1601 94.58039 79.96601 61.55652 90.13555 58.66902 51.25559 78.69475 89.39146 73.00373 65.33378 88.32276 90.36454 73.04869 84.46644 55.72556 58.06311 90.03845 69.14734 83.01674 73.59873 85.62632 59.22616 75.34778 88.8239 76.6386 x 92.49823 89.37243 94.51381 53.15383 78.09554 x 58.30888 75.63333 57.421 57.27304 75.94688 96.82029 77.87326 83.45108 91.38948 88.7481 98.57978 80.91025 96.54779 64.38256 x 94.19154 x
70.64393 59.8478 76.89308 50.82506 92.25838 67.01659 91.44008 95.41125 92.27643 80.36171 82.51515 55.85115 51.34251 56.52849 51.16345 62.85296 79.61573 60.01395 57.15681 88.1792 79.30369 77.571 56.93103 85.80819 76.8249 90.0997 87.9942 56.48182 72.51287 65.31839 78.71055 94.84666 68.66626 97.93649 52.98217 65.8289 51.05447 65.74402 53.96678 98.45801 54.17644 70.11056 79.45382 57.62513 89.9912 94.73157 89.60601 94.19154 x 67.22415
73.68422 53.83472 78.30373 60.27888 68.02294 x 62.38993 80.93411 77.88432 87.65798 x 60.63557 82.09402 76.3239 86.24753 72.72616 61.38822 89.89583 69.35129 98.65146 71.55997 75.44116 97.00402 84.56197 82.19175 51.41874 61.82588 82.18412 77.49403 66.42335 70.84789 67.20564 94.75739 57.10823 75.54458 96.96583 57.56319 54.49513 63.49667 58.08148 50.62733 69.06162 94.28916 59.89258 70.89962 86.18552 88.70809 x 67.22415 x