50
25
0 1 2 3 4 5 6 7 8 9 10 11 12 13 14 15 16 17 18 19 20 21 22 23 24 25 26 27 28 29 30 31 32 33 34 35 36 37 38 39 40 41 42 43 44 45 46 47 48 49
9 36 18 21 17 23 1 29 28 43 41 34 15 24 5 8 47 20 30 38 40 44 4 39 31
0
x 92.8063 94.88662 90.31953 96.24968 91.23664 75.3315 89.87143 93.39188 51.8902 93.38791 85.46819 92.71893 54.36403 75.24659 67.95005 64.77724 92.37238 91.37159 94.41622 63.32403 52.12996 87.81611 81.20343 x 98.01174 97.9746 59.90233 54.83604 76.69118 50.29374 55.89454 89.92411 85.49526 56.9479 64.95919 65.67877 87.38019 96.22716 51.20737 53.83507 x 91.99599 81.52675 57.82634 68.37349 94.30786 68.21362 77.78602 x
92.8063 x 78.97318 74.7796 63.69178 82.7288 86.85555 x 83.36556 62.48628 85.20761 80.60489 76.25019 88.79454 79.89056 65.26116 59.9002 58.20623 93.66271 66.45088 89.35275 56.42341 66.84733 85.22871 94.55085 58.20314 69.1426 x 72.15844 60.53268 76.9587 55.43108 88.62383 68.34142 93.30682 73.4815 57.41868 80.76755 84.10198 53.67224 51.06498 x 65.65028 75.96922 66.83279 55.15289 84.61926 66.85449 72.25671 51.38936
94.88662 78.97318 x 81.91995 64.35899 84.32525 74.78572 91.87326 66.73531 89.44301 82.02843 98.10874 56.02391 79.41904 76.30135 74.69768 98.71205 89.94382 79.41589 55.13655 59.50601 80.41687 64.12757 89.91472 94.69757 96.8616 86.12534 78.31301 65.17053 72.6848 55.7221 86.45007 81.05387 94.41936 52.22814 54.64295 87.58961 50.59002 76.85538 90.67978 54.46459 87.81391 52.45414 95.4544 73.25148 90.98875 53.35395 59.88658 82.11829 50.75176
90.31953 74.7796 81.91995 x 70.07336 95.78701 51.46402 58.89337 97.94208 65.38466 78.83413 64.77408 84.50528 98.60736 80.41559 95.70829 77.525 x x 81.97746 93.01343 64.66003 86.79064 66.74521 x 55.31713 53.30613 80.22408 53.24492 96.14973 93.43778 95.69787 61.20816 57.77712 76.47182 90.97111 64.96446 50.68735 85.64029 57.82759 77.73099 x x 71.51333 85.34393 62.66276 x 55.96449 62.4804 58.28101
96.24968 63.69178 64.35899 70.07336 x 93.67202 84.26275 95.00134 81.98451 65.28568 51.49291 69.27019 92.45058 86.57255 56.47299 89.91297 98.04803 76.41988 98.6488 98.73765 85.00497 77.65447 81.13507 76.36374 85.92547 93.23701 70.5142 84.64166 61.92105 80.34963 95.52654 75.17124 52.98961 52.37514 83.87234 86.95283 80.87841 53.6677 52.13464 58.85726 57.53484 82.20695 74.08854 56.98415 80.47292 96.20268 59.59112 90.21053 79.84181 74.50197
91.23664 82.7288 84.32525 95.78701 93.67202 x 73.63143 50.34714 54.26406 93.23258 76.92614 58.44538 53.09118 77.10206 58.00276 89.54995 56.77901 56.32784 87.93436 59.80843 50.85909 69.48448 54.19293 75.47614 68.09329 70.14144 61.69019 77.79823 64.00299 58.14511 87.73534 81.41782 71.80548 79.78324 50.86289 89.18609 60.18156 69.7139 78.39095 86.33778 66.39723 76.25149 89.99104 70.91501 80.92987 85.54224 70.22377 54.85833 84.58554 82.58824
75.3315 86.85555 74.78572 51.46402 84.26275 73.63143 x 97.40579 98.60173 86.94279 56.10505 90.836 x 74.21392 60.5343 76.59822 54.40229 67.13222 76.81974 60.37725 86.12052 52.9327 64.92989 58.33404 x 72.35214 72.25028 73.26841 63.6949 88.73423 57.96491 84.20218 79.35804 79.71727 78.38911 88.34778 82.25756 76.75497 x 53.94414 76.94984 83.25264 86.31879 88.99716 74.50031 77.98801 98.89992 64.90693 79.98229 50.28789
89.87143 x 91.87326 58.89337 95.00134 50.34714 97.40579 x 52.80418 61.09649 x 75.55058 87.54729 83.46029 64.11097 57.65947 67.12814 64.66999 54.86023 89.63951 62.39807 82.36208 62.94528 60.8068 73.6418 86.70738 62.95709 x 94.59654 94.42962 88.01519 56.35041 50.37605 88.28294 x x 76.36453 92.10129 64.8424 82.61511 80.31564 81.6681 51.92244 69.14815 70.0353 89.42277 x 77.28594 53.47392 86.71628
93.39188 83.36556 66.73531 97.94208 81.98451 54.26406 98.60173 52.80418 x 54.04895 89.03238 97.40576 71.6243 71.88059 92.4782 67.02807 70.52237 63.19282 54.37673 85.49954 78.97591 66.11744 74.82235 95.30586 87.20323 74.81755 95.17152 75.16429 63.05096 62.63369 63.39538 89.79684 51.40653 52.38227 60.76162 55.1584 81.03382 96.73745 62.6894 x 67.48096 79.00341 67.68196 53.37205 77.35929 52.38752 98.70255 x x 50.71127
51.8902 62.48628 89.44301 65.38466 65.28568 93.23258 86.94279 61.09649 54.04895 x 66.48302 82.6998 50.89114 96.29646 97.38391 71.4933 92.71331 80.61118 67.4284 74.72757 87.45889 94.07625 97.23114 52.74078 95.51892 x 71.62215 61.05435 51.04298 65.68298 64.35094 57.47423 61.58665 57.1268 78.3763 91.00837 82.66718 98.64955 63.66457 86.89268 81.19441 86.28542 87.79497 53.92831 93.30751 79.954 69.63263 52.24803 65.74148 75.16504
93.38791 85.20761 82.02843 78.83413 51.49291 76.92614 56.10505 x 89.03238 66.48302 x 86.8962 66.30784 65.97679 72.03023 53.55876 55.8791 65.31408 86.03829 89.37999 67.87174 92.57523 76.79627 70.73268 60.23063 90.2068 52.2672 82.36332 85.40341 55.51789 71.14654 73.40232 56.18398 75.18448 77.58939 97.66913 50.9914 84.08535 x 53.62256 97.01761 88.03552 57.66615 68.66767 53.07969 90.15706 77.49044 91.66974 58.59861 95.99049
85.46819 80.60489 98.10874 64.77408 69.27019 58.44538 90.836 75.55058 97.40576 82.6998 86.8962 x 69.56861 51.51909 86.85953 53.99393 68.88164 65.58087 x 53.97442 76.12303 79.54871 64.58453 75.61069 85.89621 58.65074 87.59438 62.79687 60.83967 55.70258 74.13827 52.53595 62.81678 84.04235 59.68208 77.54871 68.3643 96.46244 93.38427 56.36166 x 95.04117 95.94643 84.54347 87.25717 82.20022 64.6689 77.97744 98.9752 55.91403
92.71893 76.25019 56.02391 84.50528 92.45058 53.09118 x 87.54729 71.6243 50.89114 66.30784 69.56861 x 58.2706 87.43563 64.43812 58.36476 68.12289 77.11447 63.78084 55.08185 90.7428 93.70319 62.83978 50.48836 84.77239 x 97.70793 97.70755 79.22812 64.90843 70.92715 79.8634 x 92.76088 85.16651 61.29722 92.95015 52.42104 93.17369 90.05101 58.21748 56.99411 66.84569 51.64108 92.16364 77.50052 85.66153 67.58211 70.20109
54.36403 88.79454 79.41904 98.60736 86.57255 77.10206 74.21392 83.46029 71.88059 96.29646 65.97679 51.51909 58.2706 x 59.93189 94.56632 57.65167 61.94542 69.38887 57.11253 64.32327 50.60994 87.18572 55.0007 81.18567 80.49096 89.11886 60.4283 83.58232 97.58185 57.82923 65.96059 90.16887 97.9112 59.37568 62.78199 86.14973 91.06015 57.68559 74.00265 65.46473 x 54.9376 x 83.40452 61.35525 56.03033 66.33968 67.91805 67.60224
75.24659 79.89056 76.30135 80.41559 56.47299 58.00276 60.5343 64.11097 92.4782 97.38391 72.03023 86.85953 87.43563 59.93189 x 62.29577 96.24828 56.60933 62.47224 73.75978 77.89466 71.71752 59.59756 92.34095 85.26308 51.31639 77.94827 68.48421 81.4965 95.39068 75.14577 53.99599 60.60174 91.11396 96.11351 71.62478 50.3642 96.98539 50.70215 63.03563 76.30886 98.41537 62.85851 71.25003 93.89125 65.36354 79.41146 62.42556 76.92575 62.12317
67.95005 65.26116 74.69768 95.70829 89.91297 89.54995 76.59822 57.65947 67.02807 71.4933 53.55876 53.99393 64.43812 94.56632 62.29577 x 75.29017 63.9783 89.67719 58.0512 83.87629 88.53248 60.51007 74.57554 64.18115 83.3598 70.85735 94.64429 58.22915 75.02437 x 67.15581 64.30495 50.72562 95.09828 54.15963 x x x 57.71781 76.4136 95.9126 59.8618 53.61123 72.20524 72.7212 62.48627 75.47118 51.70972 52.35958
64.77724 59.9002 98.71205 77.525 98.04803 56.77901 54.40229 67.12814 70.52237 92.71331 55.8791 68.88164 58.36476 57.65167 96.24828 75.29017 x 83.6605 86.48723 66.75693 92.20287 71.81224 59.42753 50.73632 x 98.29136 78.21989 63.94845 66.39456 69.66126 x 89.25609 98.30129 65.67724 75.85854 53.43365 62.76774 76.1898 52.03604 58.06714 83.0089 97.64491 55.16998 67.67532 95.19277 92.61088 54.03899 88.30835 63.28146 57.78615
92.37238 58.20623 89.94382 x 76.41988 56.32784 67.13222 64.66999 63.19282 80.61118 65.31408 65.58087 68.12289 61.94542 56.60933 63.9783 83.6605 x 57.85844 x 88.30096 56.16757 70.13126 52.62015 50.3568 87.13043 66.02861 55.04889 79.68153 87.52789 64.85341 93.20066 72.94574 61.8037 95.23083 51.64177 76.1201 56.56921 74.79939 87.50774 56.39042 50.25394 92.11051 76.01641 59.2867 56.13201 80.98083 80.52483 83.04914 53.25612
91.37159 93.66271 79.41589 x 98.6488 87.93436 76.81974 54.86023 54.37673 67.4284 86.03829 x 77.11447 69.38887 62.47224 89.67719 86.48723 57.85844 x 75.01546 77.02748 59.62674 97.074 52.02895 88.43317 94.59417 83.13294 71.97159 81.6601 83.56623 76.67064 69.83429 98.3801 72.38817 92.4894 97.76855 80.2942 x 74.83813 86.78193 85.10482 89.92065 70.52178 x 55.65456 78.86013 71.96164 96.65025 53.73319 78.61087
94.41622 66.45088 55.13655 81.97746 98.73765 59.80843 60.37725 89.63951 85.49954 74.72757 89.37999 53.97442 63.78084 57.11253 73.75978 58.0512 66.75693 x 75.01546 x x 72.42092 97.76808 87.21279 63.8296 84.43851 57.20365 54.97502 96.06973 78.73104 74.68563 61.30431 74.50651 87.88071 55.69199 98.48374 72.11455 94.4821 97.84849 83.80339 61.27225 79.54148 73.92108 92.03217 66.78183 63.47901 95.18623 83.671 69.94086 x
63.32403 89.35275 59.50601 93.01343 85.00497 50.85909 86.12052 62.39807 78.97591 87.45889 67.87174 76.12303 55.08185 64.32327 77.89466 83.87629 92.20287 88.30096 77.02748 x x 93.44434 55.12224 82.48065 83.25681 90.41888 78.57552 61.29029 68.32352 67.84257 92.13646 x 76.72261 71.80232 56.08614 77.46107 78.31929 96.41966 51.99822 86.71806 59.26783 60.1829 60.55224 89.23314 97.35755 52.60855 53.14457 87.80408 64.72855 83.34166
52.12996 56.42341 80.41687 64.66003 77.65447 69.48448 52.9327 82.36208 66.11744 94.07625 92.57523 79.54871 90.7428 50.60994 71.71752 88.53248 71.81224 56.16757 59.62674 72.42092 93.44434 x x 76.74 79.3151 82.82914 52.85131 76.87569 81.86483 88.9744 68.71457 88.93174 71.28814 68.42617 x 61.02059 91.28686 51.51328 75.17614 62.05424 64.1519 51.05867 83.17705 x 73.74366 84.86747 98.30231 53.62979 88.01049 97.57246
87.81611 66.84733 64.12757 86.79064 81.13507 54.19293 64.92989 62.94528 74.82235 97.23114 76.79627 64.58453 93.70319 87.18572 59.59756 60.51007 59.42753 70.13126 97.074 97.76808 55.12224 x x 88.15516 80.83528 77.72058 89.73907 57.97766 83.57789 85.85718 73.20286 94.5209 67.24472 60.84954 x 67.8819 67.98608 96.01159 61.58985 57.06127 80.52271 96.15086 72.71369 71.7146 81.24864 80.58748 71.07422 87.11828 67.4668 82.4406
81.20343 85.22871 89.91472 66.74521 76.36374 75.47614 58.33404 60.8068 95.30586 52.74078 70.73268 75.61069 62.83978 55.0007 92.34095 74.57554 50.73632 52.62015 52.02895 87.21279 82.48065 76.74 88.15516 x 88.02201 95.88444 69.05512 70.17342 97.33899 73.19699 93.15996 79.67694 68.98003 76.83452 73.78645 56.16689 68.44719 70.55988 96.1342 51.38482 63.34563 78.0623 61.38023 56.52952 67.51616 x 60.7966 96.77547 50.19013 84.81962
x 94.55085 94.69757 x 85.92547 68.09329 x 73.6418 87.20323 95.51892 60.23063 85.89621 50.48836 81.18567 85.26308 64.18115 x 50.3568 88.43317 63.8296 83.25681 79.3151 80.83528 88.02201 x 89.58262 65.98487 54.82571 84.98497 73.47747 83.50851 64.48378 76.33657 x 85.40472 91.01478 75.40973 90.189 92.60508 56.65929 96.61701 72.10275 86.96438 70.27896 78.44424 68.87736 68.41789 89.48721 80.7108 87.39224
98.01174 58.20314 96.8616 55.31713 93.23701 70.14144 72.35214 86.70738 74.81755 x 90.2068 58.65074 84.77239 80.49096 51.31639 83.3598 98.29136 87.13043 94.59417 84.43851 90.41888 82.82914 77.72058 95.88444 89.58262 x 87.64148 82.17062 64.46014 84.89934 71.42628 65.27277 56.4753 86.56828 57.35735 73.25049 89.29076 91.13886 72.38596 72.99285 79.92522 66.83342 90.47809 63.79473 61.02166 73.51919 73.22679 65.89303 92.08485 76.55352
97.9746 69.1426 86.12534 53.30613 70.5142 61.69019 72.25028 62.95709 95.17152 71.62215 52.2672 87.59438 x 89.11886 77.94827 70.85735 78.21989 66.02861 83.13294 57.20365 78.57552 52.85131 89.73907 69.05512 65.98487 87.64148 x 93.13415 x 52.41568 68.04123 93.04645 84.27669 82.46815 59.11139 82.63205 92.15051 65.96182 83.88695 x 52.60251 x 68.28827 94.30687 51.05594 63.307 66.27826 63.40231 56.83431 52.93732
59.90233 x 78.31301 80.22408 84.64166 77.79823 73.26841 x 75.16429 61.05435 82.36332 62.79687 97.70793 60.4283 68.48421 94.64429 63.94845 55.04889 71.97159 54.97502 61.29029 76.87569 57.97766 70.17342 54.82571 82.17062 93.13415 x 87.8232 88.01637 61.11491 56.60755 77.35858 70.16627 79.22905 54.74282 71.16642 56.4769 70.08392 75.26693 90.55115 55.62724 68.55875 91.15552 93.63427 x 90.05383 85.69551 68.50446 67.55763
54.83604 72.15844 65.17053 53.24492 61.92105 64.00299 63.6949 94.59654 63.05096 51.04298 85.40341 60.83967 97.70755 83.58232 81.4965 58.22915 66.39456 79.68153 81.6601 96.06973 68.32352 81.86483 83.57789 97.33899 84.98497 64.46014 x 87.8232 x 82.64255 77.38526 88.58859 67.59395 84.22784 74.39493 78.70552 97.15278 54.97976 83.27406 81.98983 86.34863 70.60171 85.92478 71.25308 52.69364 53.48566 67.60254 97.8497 58.58262 x
76.69118 60.53268 72.6848 96.14973 80.34963 58.14511 88.73423 94.42962 62.63369 65.68298 55.51789 55.70258 79.22812 97.58185 95.39068 75.02437 69.66126 87.52789 83.56623 78.73104 67.84257 88.9744 85.85718 73.19699 73.47747 84.89934 52.41568 88.01637 82.64255 x 55.04529 80.07665 58.11881 55.86147 76.16259 54.19648 92.75017 81.90425 62.69307 60.45604 75.50131 95.40931 52.17179 70.01724 84.27002 69.1062 93.53584 92.67902 71.55793 81.41322
50.29374 76.9587 55.7221 93.43778 95.52654 87.73534 57.96491 88.01519 63.39538 64.35094 71.14654 74.13827 64.90843 57.82923 75.14577 x x 64.85341 76.67064 74.68563 92.13646 68.71457 73.20286 93.15996 83.50851 71.42628 68.04123 61.11491 77.38526 55.04529 x 62.83593 x 65.01352 52.62623 62.53021 75.92801 x 81.52362 74.67698 91.04426 69.42837 84.38916 92.94951 94.72171 91.3329 58.49248 81.7609 51.76025 67.88342
55.89454 55.43108 86.45007 95.69787 75.17124 81.41782 84.20218 56.35041 89.79684 57.47423 73.40232 52.53595 70.92715 65.96059 53.99599 67.15581 89.25609 93.20066 69.83429 61.30431 x 88.93174 94.5209 79.67694 64.48378 65.27277 93.04645 56.60755 88.58859 80.07665 62.83593 x 90.85498 98.01961 54.19089 52.44308 75.56006 74.61766 89.38482 78.76611 76.08806 74.07918 81.65896 x 69.36695 50.28557 96.22187 82.82343 82.58686 75.5487
89.92411 88.62383 81.05387 61.20816 52.98961 71.80548 79.35804 50.37605 51.40653 61.58665 56.18398 62.81678 79.8634 90.16887 60.60174 64.30495 98.30129 72.94574 98.3801 74.50651 76.72261 71.28814 67.24472 68.98003 76.33657 56.4753 84.27669 77.35858 67.59395 58.11881 x 90.85498 x 53.70186 84.74593 72.47976 93.12467 78.43112 98.361 73.76739 55.42822 58.44466 65.01299 61.77202 95.61559 68.83851 57.30436 98.57156 81.33838 87.35718
85.49526 68.34142 94.41936 57.77712 52.37514 79.78324 79.71727 88.28294 52.38227 57.1268 75.18448 84.04235 x 97.9112 91.11396 50.72562 65.67724 61.8037 72.38817 87.88071 71.80232 68.42617 60.84954 76.83452 x 86.56828 82.46815 70.16627 84.22784 55.86147 65.01352 98.01961 53.70186 x 91.29282 76.44527 85.6063 94.97365 88.84839 84.03605 52.39525 55.40732 63.59756 90.66099 87.71563 77.8764 84.28498 93.49807 50.4428 58.54767
56.9479 93.30682 52.22814 76.47182 83.87234 50.86289 78.38911 x 60.76162 78.3763 77.58939 59.68208 92.76088 59.37568 96.11351 95.09828 75.85854 95.23083 92.4894 55.69199 56.08614 x x 73.78645 85.40472 57.35735 59.11139 79.22905 74.39493 76.16259 52.62623 54.19089 84.74593 91.29282 x 54.60283 68.27124 81.80094 60.8287 96.5265 66.02672 59.29093 86.83573 80.84797 56.54153 60.07231 78.94443 52.67472 74.87257 66.58247
64.95919 73.4815 54.64295 90.97111 86.95283 89.18609 88.34778 x 55.1584 91.00837 97.66913 77.54871 85.16651 62.78199 71.62478 54.15963 53.43365 51.64177 97.76855 98.48374 77.46107 61.02059 67.8819 56.16689 91.01478 73.25049 82.63205 54.74282 78.70552 54.19648 62.53021 52.44308 72.47976 76.44527 54.60283 x x 93.55347 89.07641 58.66297 85.09763 81.67528 87.97493 59.39298 56.81326 62.73823 52.60029 92.23641 74.95335 53.82221
65.67877 57.41868 87.58961 64.96446 80.87841 60.18156 82.25756 76.36453 81.03382 82.66718 50.9914 68.3643 61.29722 86.14973 50.3642 x 62.76774 76.1201 80.2942 72.11455 78.31929 91.28686 67.98608 68.44719 75.40973 89.29076 92.15051 71.16642 97.15278 92.75017 75.92801 75.56006 93.12467 85.6063 68.27124 x x 76.09364 x 72.65576 56.69888 69.68409 68.00051 93.91908 55.85893 66.41994 97.68487 x 76.76857 51.10819
87.38019 80.76755 50.59002 50.68735 53.6677 69.7139 76.75497 92.10129 96.73745 98.64955 84.08535 96.46244 92.95015 91.06015 96.98539 x 76.1898 56.56921 x 94.4821 96.41966 51.51328 96.01159 70.55988 90.189 91.13886 65.96182 56.4769 54.97976 81.90425 x 74.61766 78.43112 94.97365 81.80094 93.55347 76.09364 x 88.74136 78.81237 53.44237 72.0101 59.67001 97.51752 55.44292 76.82515 87.68268 84.82028 82.99173 60.05085
96.22716 84.10198 76.85538 85.64029 52.13464 78.39095 x 64.8424 62.6894 63.66457 x 93.38427 52.42104 57.68559 50.70215 x 52.03604 74.79939 74.83813 97.84849 51.99822 75.17614 61.58985 96.1342 92.60508 72.38596 83.88695 70.08392 83.27406 62.69307 81.52362 89.38482 98.361 88.84839 60.8287 89.07641 x 88.74136 x 50.63229 55.3043 95.84562 58.02626 x 77.95659 51.21006 61.14754 61.18928 92.81515 94.54527
51.20737 53.67224 90.67978 57.82759 58.85726 86.33778 53.94414 82.61511 x 86.89268 53.62256 56.36166 93.17369 74.00265 63.03563 57.71781 58.06714 87.50774 86.78193 83.80339 86.71806 62.05424 57.06127 51.38482 56.65929 72.99285 x 75.26693 81.98983 60.45604 74.67698 78.76611 73.76739 84.03605 96.5265 58.66297 72.65576 78.81237 50.63229 x 56.5598 58.49431 58.02978 55.25026 95.07803 88.52062 54.73634 62.41911 73.72966 x
53.83507 51.06498 54.46459 77.73099 57.53484 66.39723 76.94984 80.31564 67.48096 81.19441 97.01761 x 90.05101 65.46473 76.30886 76.4136 83.0089 56.39042 85.10482 61.27225 59.26783 64.1519 80.52271 63.34563 96.61701 79.92522 52.60251 90.55115 86.34863 75.50131 91.04426 76.08806 55.42822 52.39525 66.02672 85.09763 56.69888 53.44237 55.3043 56.5598 x 90.67569 65.79817 85.34187 58.7732 96.49231 70.60463 90.51956 67.22387 x
x x 87.81391 x 82.20695 76.25149 83.25264 81.6681 79.00341 86.28542 88.03552 95.04117 58.21748 x 98.41537 95.9126 97.64491 50.25394 89.92065 79.54148 60.1829 51.05867 96.15086 78.0623 72.10275 66.83342 x 55.62724 70.60171 95.40931 69.42837 74.07918 58.44466 55.40732 59.29093 81.67528 69.68409 72.0101 95.84562 58.49431 90.67569 x 67.80118 68.48387 66.83594 61.20096 64.75306 53.13685 98.502 90.14988
91.99599 65.65028 52.45414 x 74.08854 89.99104 86.31879 51.92244 67.68196 87.79497 57.66615 95.94643 56.99411 54.9376 62.85851 59.8618 55.16998 92.11051 70.52178 73.92108 60.55224 83.17705 72.71369 61.38023 86.96438 90.47809 68.28827 68.55875 85.92478 52.17179 84.38916 81.65896 65.01299 63.59756 86.83573 87.97493 68.00051 59.67001 58.02626 58.02978 65.79817 67.80118 x 59.46874 58.3725 83.72696 51.04694 75.64855 59.87812 56.65373
81.52675 75.96922 95.4544 71.51333 56.98415 70.91501 88.99716 69.14815 53.37205 53.92831 68.66767 84.54347 66.84569 x 71.25003 53.61123 67.67532 76.01641 x 92.03217 89.23314 x 71.7146 56.52952 70.27896 63.79473 94.30687 91.15552 71.25308 70.01724 92.94951 x 61.77202 90.66099 80.84797 59.39298 93.91908 97.51752 x 55.25026 85.34187 68.48387 59.46874 x 57.95926 51.87012 71.81377 83.9957 64.56956 x
57.82634 66.83279 73.25148 85.34393 80.47292 80.92987 74.50031 70.0353 77.35929 93.30751 53.07969 87.25717 51.64108 83.40452 93.89125 72.20524 95.19277 59.2867 55.65456 66.78183 97.35755 73.74366 81.24864 67.51616 78.44424 61.02166 51.05594 93.63427 52.69364 84.27002 94.72171 69.36695 95.61559 87.71563 56.54153 56.81326 55.85893 55.44292 77.95659 95.07803 58.7732 66.83594 58.3725 57.95926 x 81.47854 74.5731 56.74879 91.56485 80.56654
68.37349 55.15289 90.98875 62.66276 96.20268 85.54224 77.98801 89.42277 52.38752 79.954 90.15706 82.20022 92.16364 61.35525 65.36354 72.7212 92.61088 56.13201 78.86013 63.47901 52.60855 84.86747 80.58748 x 68.87736 73.51919 63.307 x 53.48566 69.1062 91.3329 50.28557 68.83851 77.8764 60.07231 62.73823 66.41994 76.82515 51.21006 88.52062 96.49231 61.20096 83.72696 51.87012 81.47854 x 92.83114 51.04492 88.10077 74.87944
94.30786 84.61926 53.35395 x 59.59112 70.22377 98.89992 x 98.70255 69.63263 77.49044 64.6689 77.50052 56.03033 79.41146 62.48627 54.03899 80.98083 71.96164 95.18623 53.14457 98.30231 71.07422 60.7966 68.41789 73.22679 66.27826 90.05383 67.60254 93.53584 58.49248 96.22187 57.30436 84.28498 78.94443 52.60029 97.68487 87.68268 61.14754 54.73634 70.60463 64.75306 51.04694 71.81377 74.5731 92.83114 x 94.89595 54.33158 59.40593
68.21362 66.85449 59.88658 55.96449 90.21053 54.85833 64.90693 77.28594 x 52.24803 91.66974 77.97744 85.66153 66.33968 62.42556 75.47118 88.30835 80.52483 96.65025 83.671 87.80408 53.62979 87.11828 96.77547 89.48721 65.89303 63.40231 85.69551 97.8497 92.67902 81.7609 82.82343 98.57156 93.49807 52.67472 92.23641 x 84.82028 61.18928 62.41911 90.51956 53.13685 75.64855 83.9957 56.74879 51.04492 94.89595 x 90.96539 x
77.78602 72.25671 82.11829 62.4804 79.84181 84.58554 79.98229 53.47392 x 65.74148 58.59861 98.9752 67.58211 67.91805 76.92575 51.70972 63.28146 83.04914 53.73319 69.94086 64.72855 88.01049 67.4668 50.19013 80.7108 92.08485 56.83431 68.50446 58.58262 71.55793 51.76025 82.58686 81.33838 50.4428 74.87257 74.95335 76.76857 82.99173 92.81515 73.72966 67.22387 98.502 59.87812 64.56956 91.56485 88.10077 54.33158 90.96539 x 68.4354
x 51.38936 50.75176 58.28101 74.50197 82.58824 50.28789 86.71628 50.71127 75.16504 95.99049 55.91403 70.20109 67.60224 62.12317 52.35958 57.78615 53.25612 78.61087 x 83.34166 97.57246 82.4406 84.81962 87.39224 76.55352 52.93732 67.55763 x 81.41322 67.88342 75.5487 87.35718 58.54767 66.58247 53.82221 51.10819 60.05085 94.54527 x x 90.14988 56.65373 x 80.56654 74.87944 59.40593 x 68.4354 x