50
25
0 1 2 3 4 5 6 7 8 9 10 11 12 13 14 15 16 17 18 19 20 21 22 23 24 25 26 27 28 29 30 31 32 33 34 35 36 37 38 39 40 41 42 43 44 45 46 47 48 49
20 18 30 32 3 43 22 48 0 5 27 2 12 9 4 28 8 31 24 36 34 7 35 46 33
0
x 81.3196 95.76536 86.79186 56.52554 73.40653 83.42908 68.76039 92.3016 75.04722 53.79054 70.8138 58.02315 97.13609 92.65175 57.01936 87.44119 98.82575 62.78754 72.51561 91.973 94.0824 75.75668 84.7687 89.78486 x 86.41195 88.94475 97.76773 97.36962 x 78.96157 61.29638 52.47501 61.79317 97.84528 87.72427 77.1254 80.64759 58.81076 82.43054 82.60147 56.18339 75.35733 61.10741 90.00722 85.06881 84.36695 64.95767 94.14643
81.3196 x 62.17444 75.8655 93.06499 95.35391 59.49258 50.21961 57.08905 50.93286 80.83091 83.14359 64.12624 62.28722 81.35767 x 71.3655 98.26064 55.48787 76.39781 96.09833 93.12986 81.14313 82.7047 85.67762 x 55.42516 x 70.35797 73.50386 70.02286 88.3705 85.6452 76.71266 x 77.96929 85.19896 58.34235 71.04799 x 94.15856 65.20234 86.04369 70.69485 64.98863 94.83337 67.69303 69.64094 66.49461 76.12029
95.76536 62.17444 x 88.09889 98.89108 98.57214 95.82025 68.49466 96.39901 66.16817 62.53489 96.36568 97.11376 59.46214 60.9068 85.05595 80.07354 98.79258 88.5807 62.46281 93.09199 x 67.44575 85.60466 77.61142 97.28799 81.17056 57.29785 87.31875 81.57774 58.08716 50.58243 87.82693 74.47625 63.21639 95.68224 57.78098 82.44103 62.91453 79.24305 96.88096 57.75795 58.52702 63.53164 50.2018 56.76232 65.32008 82.42071 97.43169 63.69665
86.79186 75.8655 88.09889 x 85.99506 61.4943 57.28617 67.35485 82.87942 72.73311 57.6005 55.94017 61.17181 82.599 97.41566 64.24781 53.30487 74.62331 86.98403 80.39644 61.662 66.64027 72.83002 50.62722 98.38238 53.21042 55.31994 58.49653 58.04966 77.53311 60.30709 79.07845 61.01564 92.05838 51.25074 64.76409 76.04314 73.81671 89.90659 93.32537 82.01877 66.47141 68.98348 68.99169 61.44397 90.7028 x 82.82323 89.77182 96.58144
56.52554 93.06499 98.89108 85.99506 x 84.74337 65.82282 80.32882 60.04961 54.19605 87.80448 51.40905 98.89268 53.64781 85.7549 72.22411 70.80707 60.32118 53.41293 x 86.23708 96.54284 65.0357 94.18825 58.28978 96.46964 79.76278 70.62991 83.96301 72.70403 58.88007 93.21362 62.88985 75.62837 97.33528 61.78782 84.32229 63.56548 58.20235 88.57649 96.30728 57.14465 70.99051 96.99364 74.55489 98.58257 64.99706 80.16933 80.37623 64.50373
73.40653 95.35391 98.57214 61.4943 84.74337 x 58.21151 60.4802 68.25218 x 59.73977 96.88768 90.06042 58.87466 57.96684 x 52.39738 76.70637 60.60762 86.40724 89.73679 54.35327 77.37601 x 67.08454 x 96.10792 72.88384 x 88.83951 63.81349 81.71904 76.15592 92.06963 61.58994 96.21679 84.01956 70.22647 53.91194 84.56485 91.30167 84.45467 56.86035 60.78535 80.01456 62.3557 88.51423 90.73136 70.93115 92.84296
83.42908 59.49258 95.82025 57.28617 65.82282 58.21151 x 86.20856 x 74.30197 83.10478 x 97.89346 56.15017 85.53793 x 91.2251 86.82365 90.36903 86.64232 79.94379 97.29621 78.92844 68.12348 x 58.57537 x 90.5397 79.18403 63.71531 61.22981 50.13991 73.11715 62.5029 84.09626 90.33223 73.76283 61.05437 50.81293 73.03602 71.89375 61.08528 64.95787 97.57802 84.39467 73.36536 81.6515 87.24579 90.13296 83.95026
68.76039 50.21961 68.49466 67.35485 80.32882 60.4802 86.20856 x 93.31155 51.78481 78.61532 82.50988 65.04191 69.7776 76.70939 51.89817 89.36276 92.67949 98.14435 79.54334 90.13837 84.1001 76.49283 52.62305 50.42595 76.35638 88.66919 52.45456 88.45256 61.42386 75.76714 50.82284 93.60523 86.04704 70.74723 54.25182 50.30129 55.95798 64.57453 90.16933 94.91691 82.88109 75.22776 x 69.64705 68.71399 88.46172 61.38592 53.88844 54.47334
92.3016 57.08905 96.39901 82.87942 60.04961 68.25218 x 93.31155 x 66.52638 76.03623 90.71721 59.72241 67.96059 96.38445 93.78599 95.7595 68.51457 98.62151 89.06349 54.57752 53.37582 80.28345 81.0697 91.32937 92.21354 52.32517 65.53491 68.75243 97.88452 96.68046 61.83742 67.25383 53.45767 75.30543 77.61174 x 85.09625 53.82453 89.48749 67.66652 97.07968 69.11165 52.94483 87.87208 53.64891 67.64918 66.08956 85.26843 69.12241
75.04722 50.93286 66.16817 72.73311 54.19605 x 74.30197 51.78481 66.52638 x 77.05935 64.87678 98.86224 59.15051 69.80269 59.62648 x 66.87818 90.07595 61.74546 82.04782 97.15587 86.61322 50.68118 86.46157 63.53775 85.78625 71.42218 x 79.86002 98.43936 60.23038 98.58404 61.78523 86.70441 88.91218 65.62411 83.64828 82.4498 92.7822 69.77544 56.75113 91.03439 95.13387 60.7053 62.01033 60.15038 63.61364 78.23522 81.24622
53.79054 80.83091 62.53489 57.6005 87.80448 59.73977 83.10478 78.61532 76.03623 77.05935 x 94.79562 71.75892 98.41765 51.70183 92.44674 94.48995 91.36577 66.15682 91.50553 x 85.99907 57.8045 58.17626 89.47926 63.9409 79.02566 70.83231 98.75352 62.15558 53.40764 66.25211 87.19098 51.52302 74.00254 94.96242 72.8378 61.28061 74.32446 75.6434 x 65.16844 79.14582 65.00954 88.30326 98.77092 81.52935 90.35801 73.38375 94.33861
70.8138 83.14359 96.36568 55.94017 51.40905 96.88768 x 82.50988 90.71721 64.87678 94.79562 x 88.11173 61.52892 64.08837 x 80.02207 89.89666 57.24492 66.55887 50.26468 72.06652 91.41255 52.12817 69.43975 55.90289 72.8225 73.20214 51.19302 84.1727 85.84733 75.79066 55.7363 74.68568 74.7851 55.2628 53.97611 85.20847 82.20404 97.13258 96.53623 92.99416 84.00204 70.19627 84.78958 90.46807 75.68112 71.18134 96.32772 76.75785
58.02315 64.12624 97.11376 61.17181 98.89268 90.06042 97.89346 65.04191 59.72241 98.86224 71.75892 88.11173 x 79.18988 57.41621 72.06384 56.39981 79.77991 89.49386 59.85671 81.68171 96.96103 63.2898 61.23526 66.39736 87.55626 90.73911 59.22963 67.08329 58.55296 60.78289 67.56667 98.1875 90.28774 94.08464 80.10033 68.50222 82.37956 92.21478 77.54113 x 64.67939 88.39559 54.35109 90.81178 96.52608 82.43829 x 77.33097 85.55628
97.13609 62.28722 59.46214 82.599 53.64781 58.87466 56.15017 69.7776 67.96059 59.15051 98.41765 61.52892 79.18988 x 79.71343 95.95151 63.19179 89.90953 90.2859 81.97842 90.15493 73.21443 76.31068 75.97432 56.74464 53.32876 50.83059 60.95124 85.76143 82.00029 77.18003 61.18292 60.41444 92.91513 77.54279 56.0757 62.12519 x x 74.31953 81.06006 77.97395 85.38872 66.37027 52.63599 52.18105 68.23379 93.35983 88.18967 92.909
92.65175 81.35767 60.9068 97.41566 85.7549 57.96684 85.53793 76.70939 96.38445 69.80269 51.70183 64.08837 57.41621 79.71343 x 80.68476 x 89.58901 x 59.99491 55.90788 64.68644 81.37943 70.5161 69.49391 91.83803 62.26873 85.49673 72.11831 73.778 68.70094 90.77777 94.82957 55.07345 51.33142 52.07777 79.89652 68.61593 59.94115 52.74838 95.53726 80.12102 94.39311 97.40154 85.92255 53.54401 57.93324 92.80395 93.96697 98.8863
57.01936 x 85.05595 64.24781 72.22411 x x 51.89817 93.78599 59.62648 92.44674 x 72.06384 95.95151 80.68476 x 51.23314 86.98132 70.30619 51.56798 98.04961 93.41528 92.54883 96.14031 86.85179 x 59.46514 89.88234 81.46616 85.4902 62.28407 75.67927 89.53788 79.09504 86.94954 66.43385 89.28227 63.73785 68.68663 x 67.86697 94.20241 80.00986 92.02909 77.67454 53.45526 89.83821 63.45961 53.37712 66.02922
87.44119 71.3655 80.07354 53.30487 70.80707 52.39738 91.2251 89.36276 95.7595 x 94.48995 80.02207 56.39981 63.19179 x 51.23314 x 66.29492 67.36314 84.45116 56.4224 94.12137 88.59582 68.66104 56.07349 59.56428 71.31407 70.16797 78.83208 65.13894 x 51.74616 94.67622 95.82997 59.67762 55.83237 97.7052 95.61072 75.90239 81.98575 87.51703 94.11621 60.8006 x x 92.20692 74.84112 76.94156 51.50907 78.28035
98.82575 98.26064 98.79258 74.62331 60.32118 76.70637 86.82365 92.67949 68.51457 66.87818 91.36577 89.89666 79.77991 89.90953 89.58901 86.98132 66.29492 x 81.88382 79.1095 92.39889 54.88235 67.72125 x x 77.62463 77.20234 88.26225 69.64687 53.89001 65.59071 81.839 89.29997 54.96113 x 74.81506 97.16011 60.61053 74.43083 61.2217 58.47133 66.92063 88.8563 78.71225 74.19971 66.61484 60.23567 65.27266 54.77862 66.7268
62.78754 55.48787 88.5807 86.98403 53.41293 60.60762 90.36903 98.14435 98.62151 90.07595 66.15682 57.24492 89.49386 90.2859 x 70.30619 67.36314 81.88382 x 61.72696 68.37227 52.69281 95.52387 91.0448 86.0197 57.45094 60.805 79.45961 73.71452 67.94382 81.05449 82.40884 56.44934 93.98426 64.63355 76.66729 62.66266 x 81.81284 77.63042 86.76498 69.73395 77.16181 57.29053 80.26499 97.27971 51.28863 78.58766 69.39006 74.25836
72.51561 76.39781 62.46281 80.39644 x 86.40724 86.64232 79.54334 89.06349 61.74546 91.50553 66.55887 59.85671 81.97842 59.99491 51.56798 84.45116 79.1095 61.72696 x 81.69771 73.38733 97.91508 58.27295 78.3163 84.56205 82.24115 65.64177 51.15932 55.93977 56.96815 65.05516 79.24056 74.30241 86.4311 x 60.67796 54.15721 x 62.94836 91.00798 91.93793 57.86459 84.08568 93.21716 59.92441 52.88386 77.81139 76.09812 52.06313
91.973 96.09833 93.09199 61.662 86.23708 89.73679 79.94379 90.13837 54.57752 82.04782 x 50.26468 81.68171 90.15493 55.90788 98.04961 56.4224 92.39889 68.37227 81.69771 x 73.76877 82.99739 58.89716 68.49443 82.77078 50.5824 77.49202 51.82785 75.51679 89.02987 60.15474 51.44064 87.15084 75.94193 96.27694 63.702 83.93388 77.01483 65.00153 95.88351 x 76.06686 x 84.6925 68.53306 97.82876 97.83967 x 53.38237
94.0824 93.12986 x 66.64027 96.54284 54.35327 97.29621 84.1001 53.37582 97.15587 85.99907 72.06652 96.96103 73.21443 64.68644 93.41528 94.12137 54.88235 52.69281 73.38733 73.76877 x 85.79634 72.17231 83.12498 64.17079 83.14676 79.93263 55.9061 69.65385 56.59626 97.61799 96.07784 79.32389 59.65009 61.33845 87.51833 76.33586 56.07261 93.44177 54.20578 89.70264 58.25206 85.50385 59.41156 93.36364 55.54357 86.07476 92.69183 74.26875
75.75668 81.14313 67.44575 72.83002 65.0357 77.37601 78.92844 76.49283 80.28345 86.61322 57.8045 91.41255 63.2898 76.31068 81.37943 92.54883 88.59582 67.72125 95.52387 97.91508 82.99739 85.79634 x 88.36291 54.41195 71.46571 80.99571 64.76818 75.06091 50.67939 82.35836 98.41033 68.52468 61.94878 x 54.53901 73.22542 61.49356 62.12552 86.13037 92.54606 57.95607 88.79347 58.30867 64.36952 83.98366 56.78952 82.04666 65.52929 76.10625
84.7687 82.7047 85.60466 50.62722 94.18825 x 68.12348 52.62305 81.0697 50.68118 58.17626 52.12817 61.23526 75.97432 70.5161 96.14031 68.66104 x 91.0448 58.27295 58.89716 72.17231 88.36291 x 62.06681 83.70556 95.27292 89.85778 98.65703 98.78808 x 56.22522 84.33325 53.09002 86.81084 85.46464 87.35768 60.20246 62.15091 77.81763 71.41878 74.57303 53.82226 66.05381 93.76388 89.73171 70.90679 86.57318 56.68825 87.72953
89.78486 85.67762 77.61142 98.38238 58.28978 67.08454 x 50.42595 91.32937 86.46157 89.47926 69.43975 66.39736 56.74464 69.49391 86.85179 56.07349 x 86.0197 78.3163 68.49443 83.12498 54.41195 62.06681 x 65.21513 x 52.701 59.80543 91.50225 71.55184 87.49829 75.90135 x 74.38716 84.63183 79.43432 83.66376 88.48222 x 65.44436 95.53237 76.0496 62.59788 52.60303 96.45334 60.98369 98.31421 80.69642 55.11504
x x 97.28799 53.21042 96.46964 x 58.57537 76.35638 92.21354 63.53775 63.9409 55.90289 87.55626 53.32876 91.83803 x 59.56428 77.62463 57.45094 84.56205 82.77078 64.17079 71.46571 83.70556 65.21513 x 82.13342 81.95634 64.87463 58.22459 91.08676 67.73214 88.56867 96.12855 81.97651 93.86041 75.05512 68.40459 93.32525 97.09499 80.97215 91.94023 68.89884 91.15658 95.50226 56.63779 71.32676 80.02482 94.93345 94.40243
86.41195 55.42516 81.17056 55.31994 79.76278 96.10792 x 88.66919 52.32517 85.78625 79.02566 72.8225 90.73911 50.83059 62.26873 59.46514 71.31407 77.20234 60.805 82.24115 50.5824 83.14676 80.99571 95.27292 x 82.13342 x 80.07214 87.53231 80.61376 55.27494 79.90433 x 59.97243 83.67601 55.5365 80.16755 96.7239 68.3586 61.74134 85.99495 97.48508 67.03132 70.54011 x 72.19664 52.83277 60.87262 82.234 61.2756
88.94475 x 57.29785 58.49653 70.62991 72.88384 90.5397 52.45456 65.53491 71.42218 70.83231 73.20214 59.22963 60.95124 85.49673 89.88234 70.16797 88.26225 79.45961 65.64177 77.49202 79.93263 64.76818 89.85778 52.701 81.95634 80.07214 x 75.37918 62.29281 82.67186 80.10286 52.48021 53.82347 92.86674 85.35644 93.96117 82.35583 69.54327 60.98935 85.92395 50.31855 73.68234 71.31829 95.90345 86.06263 53.81516 86.80832 52.39023 50.72829
97.76773 70.35797 87.31875 58.04966 83.96301 x 79.18403 88.45256 68.75243 x 98.75352 51.19302 67.08329 85.76143 72.11831 81.46616 78.83208 69.64687 73.71452 51.15932 51.82785 55.9061 75.06091 98.65703 59.80543 64.87463 87.53231 75.37918 x 70.1464 86.78198 63.58567 77.98728 60.72804 62.46336 88.93589 67.22581 82.74308 91.13617 72.48183 x 52.07631 x 55.03296 82.31105 97.56564 84.21219 80.64219 96.48312 86.08022
97.36962 73.50386 81.57774 77.53311 72.70403 88.83951 63.71531 61.42386 97.88452 79.86002 62.15558 84.1727 58.55296 82.00029 73.778 85.4902 65.13894 53.89001 67.94382 55.93977 75.51679 69.65385 50.67939 98.78808 91.50225 58.22459 80.61376 62.29281 70.1464 x 63.96825 88.61006 69.65317 52.23707 x 94.33686 92.64561 80.36982 86.03863 79.96143 93.2532 63.1552 56.45739 82.2929 57.75446 x 73.69144 84.39547 91.73796 94.06438
x 70.02286 58.08716 60.30709 58.88007 63.81349 61.22981 75.76714 96.68046 98.43936 53.40764 85.84733 60.78289 77.18003 68.70094 62.28407 x 65.59071 81.05449 56.96815 89.02987 56.59626 82.35836 x 71.55184 91.08676 55.27494 82.67186 86.78198 63.96825 x 97.00904 55.5671 68.35559 96.66165 59.0346 85.52728 68.03743 87.7659 65.85059 64.26414 56.11798 56.41036 81.78316 75.44239 62.20511 71.3956 73.00641 68.74421 78.58412
78.96157 88.3705 50.58243 79.07845 93.21362 81.71904 50.13991 50.82284 61.83742 60.23038 66.25211 75.79066 67.56667 61.18292 90.77777 75.67927 51.74616 81.839 82.40884 65.05516 60.15474 97.61799 98.41033 56.22522 87.49829 67.73214 79.90433 80.10286 63.58567 88.61006 97.00904 x 76.8679 96.7248 98.41984 70.18859 73.18096 59.0732 66.29604 85.77407 95.69198 78.10749 93.86091 57.92931 68.75788 79.31873 94.48919 72.2776 80.11258 57.40018
61.29638 85.6452 87.82693 61.01564 62.88985 76.15592 73.11715 93.60523 67.25383 98.58404 87.19098 55.7363 98.1875 60.41444 94.82957 89.53788 94.67622 89.29997 56.44934 79.24056 51.44064 96.07784 68.52468 84.33325 75.90135 88.56867 x 52.48021 77.98728 69.65317 55.5671 76.8679 x 57.42852 68.5083 x 92.21432 65.00809 63.1431 70.13846 61.58189 59.81297 52.62131 62.66943 89.18408 77.19272 98.13656 67.62715 82.09358 83.11315
52.47501 76.71266 74.47625 92.05838 75.62837 92.06963 62.5029 86.04704 53.45767 61.78523 51.52302 74.68568 90.28774 92.91513 55.07345 79.09504 95.82997 54.96113 93.98426 74.30241 87.15084 79.32389 61.94878 53.09002 x 96.12855 59.97243 53.82347 60.72804 52.23707 68.35559 96.7248 57.42852 x 57.4037 52.76975 79.33728 57.14238 85.10899 51.63955 69.16676 52.62871 92.46974 71.74937 83.88339 78.12117 87.11111 90.95088 98.07001 81.08911
61.79317 x 63.21639 51.25074 97.33528 61.58994 84.09626 70.74723 75.30543 86.70441 74.00254 74.7851 94.08464 77.54279 51.33142 86.94954 59.67762 x 64.63355 86.4311 75.94193 59.65009 x 86.81084 74.38716 81.97651 83.67601 92.86674 62.46336 x 96.66165 98.41984 68.5083 57.4037 x 92.43091 90.14165 61.46882 94.97091 x 98.02063 83.39642 89.2569 71.02155 83.14026 94.31719 66.28309 68.27088 68.13607 88.42064
97.84528 77.96929 95.68224 64.76409 61.78782 96.21679 90.33223 54.25182 77.61174 88.91218 94.96242 55.2628 80.10033 56.0757 52.07777 66.43385 55.83237 74.81506 76.66729 x 96.27694 61.33845 54.53901 85.46464 84.63183 93.86041 55.5365 85.35644 88.93589 94.33686 59.0346 70.18859 x 52.76975 92.43091 x 57.56388 65.84681 70.78151 53.98714 80.31384 54.44568 78.78107 68.02955 78.17774 85.1684 89.86116 64.31863 59.17303 64.05167
87.72427 85.19896 57.78098 76.04314 84.32229 84.01956 73.76283 50.30129 x 65.62411 72.8378 53.97611 68.50222 62.12519 79.89652 89.28227 97.7052 97.16011 62.66266 60.67796 63.702 87.51833 73.22542 87.35768 79.43432 75.05512 80.16755 93.96117 67.22581 92.64561 85.52728 73.18096 92.21432 79.33728 90.14165 57.56388 x 79.77837 92.87304 50.09421 78.62303 65.70523 51.26769 95.21128 63.32956 81.68511 96.2741 75.5264 74.29006 60.27941
77.1254 58.34235 82.44103 73.81671 63.56548 70.22647 61.05437 55.95798 85.09625 83.64828 61.28061 85.20847 82.37956 x 68.61593 63.73785 95.61072 60.61053 x 54.15721 83.93388 76.33586 61.49356 60.20246 83.66376 68.40459 96.7239 82.35583 82.74308 80.36982 68.03743 59.0732 65.00809 57.14238 61.46882 65.84681 79.77837 x 62.46842 62.90918 51.74138 97.15224 89.92311 60.1412 85.43641 x 62.32089 54.72489 90.4776 58.1446
80.64759 71.04799 62.91453 89.90659 58.20235 53.91194 50.81293 64.57453 53.82453 82.4498 74.32446 82.20404 92.21478 x 59.94115 68.68663 75.90239 74.43083 81.81284 x 77.01483 56.07261 62.12552 62.15091 88.48222 93.32525 68.3586 69.54327 91.13617 86.03863 87.7659 66.29604 63.1431 85.10899 94.97091 70.78151 92.87304 62.46842 x 59.62562 87.08091 71.48768 82.71361 94.34435 x 88.26251 77.61001 65.09539 56.17137 64.43485
58.81076 x 79.24305 93.32537 88.57649 84.56485 73.03602 90.16933 89.48749 92.7822 75.6434 97.13258 77.54113 74.31953 52.74838 x 81.98575 61.2217 77.63042 62.94836 65.00153 93.44177 86.13037 77.81763 x 97.09499 61.74134 60.98935 72.48183 79.96143 65.85059 85.77407 70.13846 51.63955 x 53.98714 50.09421 62.90918 59.62562 x 70.54549 78.44452 81.85633 98.91815 97.44697 53.83143 58.65512 80.21185 70.90091 53.8887
82.43054 94.15856 96.88096 82.01877 96.30728 91.30167 71.89375 94.91691 67.66652 69.77544 x 96.53623 x 81.06006 95.53726 67.86697 87.51703 58.47133 86.76498 91.00798 95.88351 54.20578 92.54606 71.41878 65.44436 80.97215 85.99495 85.92395 x 93.2532 64.26414 95.69198 61.58189 69.16676 98.02063 80.31384 78.62303 51.74138 87.08091 70.54549 x 52.89695 98.57044 98.70469 91.8256 88.60193 67.59926 77.61019 56.94032 66.61496
82.60147 65.20234 57.75795 66.47141 57.14465 84.45467 61.08528 82.88109 97.07968 56.75113 65.16844 92.99416 64.67939 77.97395 80.12102 94.20241 94.11621 66.92063 69.73395 91.93793 x 89.70264 57.95607 74.57303 95.53237 91.94023 97.48508 50.31855 52.07631 63.1552 56.11798 78.10749 59.81297 52.62871 83.39642 54.44568 65.70523 97.15224 71.48768 78.44452 52.89695 x 96.61811 89.64581 x 70.42024 50.55442 67.90884 89.91228 88.55543
56.18339 86.04369 58.52702 68.98348 70.99051 56.86035 64.95787 75.22776 69.11165 91.03439 79.14582 84.00204 88.39559 85.38872 94.39311 80.00986 60.8006 88.8563 77.16181 57.86459 76.06686 58.25206 88.79347 53.82226 76.0496 68.89884 67.03132 73.68234 x 56.45739 56.41036 93.86091 52.62131 92.46974 89.2569 78.78107 51.26769 89.92311 82.71361 81.85633 98.57044 96.61811 x 83.35404 92.72619 64.71619 50.97749 57.76554 67.53793 86.22878
75.35733 70.69485 63.53164 68.99169 96.99364 60.78535 97.57802 x 52.94483 95.13387 65.00954 70.19627 54.35109 66.37027 97.40154 92.02909 x 78.71225 57.29053 84.08568 x 85.50385 58.30867 66.05381 62.59788 91.15658 70.54011 71.31829 55.03296 82.2929 81.78316 57.92931 62.66943 71.74937 71.02155 68.02955 95.21128 60.1412 94.34435 98.91815 98.70469 89.64581 83.35404 x 67.82795 85.37233 75.05366 88.66015 72.22703 89.51681
61.10741 64.98863 50.2018 61.44397 74.55489 80.01456 84.39467 69.64705 87.87208 60.7053 88.30326 84.78958 90.81178 52.63599 85.92255 77.67454 x 74.19971 80.26499 93.21716 84.6925 59.41156 64.36952 93.76388 52.60303 95.50226 x 95.90345 82.31105 57.75446 75.44239 68.75788 89.18408 83.88339 83.14026 78.17774 63.32956 85.43641 x 97.44697 91.8256 x 92.72619 67.82795 x 52.94532 81.81924 73.65158 x 87.98717
90.00722 94.83337 56.76232 90.7028 98.58257 62.3557 73.36536 68.71399 53.64891 62.01033 98.77092 90.46807 96.52608 52.18105 53.54401 53.45526 92.20692 66.61484 97.27971 59.92441 68.53306 93.36364 83.98366 89.73171 96.45334 56.63779 72.19664 86.06263 97.56564 x 62.20511 79.31873 77.19272 78.12117 94.31719 85.1684 81.68511 x 88.26251 53.83143 88.60193 70.42024 64.71619 85.37233 52.94532 x 94.60036 82.63924 72.87272 63.13401
85.06881 67.69303 65.32008 x 64.99706 88.51423 81.6515 88.46172 67.64918 60.15038 81.52935 75.68112 82.43829 68.23379 57.93324 89.83821 74.84112 60.23567 51.28863 52.88386 97.82876 55.54357 56.78952 70.90679 60.98369 71.32676 52.83277 53.81516 84.21219 73.69144 71.3956 94.48919 98.13656 87.11111 66.28309 89.86116 96.2741 62.32089 77.61001 58.65512 67.59926 50.55442 50.97749 75.05366 81.81924 94.60036 x 59.28711 61.25747 88.04997
84.36695 69.64094 82.42071 82.82323 80.16933 90.73136 87.24579 61.38592 66.08956 63.61364 90.35801 71.18134 x 93.35983 92.80395 63.45961 76.94156 65.27266 78.58766 77.81139 97.83967 86.07476 82.04666 86.57318 98.31421 80.02482 60.87262 86.80832 80.64219 84.39547 73.00641 72.2776 67.62715 90.95088 68.27088 64.31863 75.5264 54.72489 65.09539 80.21185 77.61019 67.90884 57.76554 88.66015 73.65158 82.63924 59.28711 x 79.56154 54.61096
64.95767 66.49461 97.43169 89.77182 80.37623 70.93115 90.13296 53.88844 85.26843 78.23522 73.38375 96.32772 77.33097 88.18967 93.96697 53.37712 51.50907 54.77862 69.39006 76.09812 x 92.69183 65.52929 56.68825 80.69642 94.93345 82.234 52.39023 96.48312 91.73796 68.74421 80.11258 82.09358 98.07001 68.13607 59.17303 74.29006 90.4776 56.17137 70.90091 56.94032 89.91228 67.53793 72.22703 x 72.87272 61.25747 79.56154 x 60.91708
94.14643 76.12029 63.69665 96.58144 64.50373 92.84296 83.95026 54.47334 69.12241 81.24622 94.33861 76.75785 85.55628 92.909 98.8863 66.02922 78.28035 66.7268 74.25836 52.06313 53.38237 74.26875 76.10625 87.72953 55.11504 94.40243 61.2756 50.72829 86.08022 94.06438 78.58412 57.40018 83.11315 81.08911 88.42064 64.05167 60.27941 58.1446 64.43485 53.8887 66.61496 88.55543 86.22878 89.51681 87.98717 63.13401 88.04997 54.61096 60.91708 x