50
25
0 1 2 3 4 5 6 7 8 9 10 11 12 13 14 15 16 17 18 19 20 21 22 23 24 25 26 27 28 29 30 31 32 33 34 35 36 37 38 39 40 41 42 43 44 45 46 47 48 49
40 13 32 22 26 47 23 41 21 28 10 33 5 1 20 6 9 34 31 29 24 8 35 15 11
0
x 89.87862 69.46887 67.18572 89.63743 89.43016 95.41465 52.80984 79.07341 57.85128 88.30365 71.16944 57.93938 95.0437 94.73269 76.16381 69.21243 79.33503 80.29877 97.65241 59.78327 77.24178 71.39054 58.85242 54.11346 88.13347 90.47674 54.25996 76.58707 90.43823 93.37519 57.04365 88.69588 55.7206 94.68265 68.05106 67.92333 71.3168 x 51.60645 66.70735 67.09701 92.54414 93.49137 67.57272 63.20351 68.90209 95.21522 67.68646 76.03443
89.87862 x 98.45883 58.50545 62.70577 56.80489 91.72285 x 71.98385 92.99268 84.69235 91.03099 79.38615 51.2135 59.66009 63.6342 x 52.55112 80.81576 62.90477 86.17429 68.26559 81.46512 50.93081 86.76655 x 61.91089 70.86011 76.28613 x 83.85926 75.35128 78.09217 80.34968 81.01438 x 70.25335 61.31614 83.26029 73.30189 85.1146 x 91.99073 77.82068 92.46794 61.8758 51.20008 98.64316 94.00536 60.38116
69.46887 98.45883 x 65.46442 79.67878 90.66638 65.76178 51.31939 86.84557 67.40148 x 79.19864 61.0828 81.56448 x 64.45743 63.32032 85.54355 93.86669 x 50.02045 54.16659 x 61.09052 81.01858 59.36377 x 56.28594 64.3107 53.24648 77.49311 64.17462 79.99862 96.92738 67.47476 x 83.84556 82.18669 87.42527 55.27531 91.98156 92.15683 98.34126 83.15906 51.52927 64.26939 x 89.07427 67.73657 69.6744
67.18572 58.50545 65.46442 x 64.56049 81.57476 71.95101 60.1778 91.54397 84.31423 x 68.64379 97.22296 53.5648 95.20997 59.72235 51.8454 72.17935 54.50629 64.97848 52.81811 x x 61.07683 94.14655 85.04309 81.84823 x 97.94093 94.05506 71.83366 56.49864 78.38814 62.17588 74.10685 57.04231 88.17841 84.41577 88.49546 80.76328 54.59822 95.53064 76.71575 93.42913 94.11066 95.62867 53.7984 75.43729 59.20736 79.30508
89.63743 62.70577 79.67878 64.56049 x 74.41849 62.32268 68.37469 77.62666 64.2533 79.83403 x 78.47675 77.94512 77.18462 60.00908 67.40479 61.84546 80.71779 84.28898 x 63.1381 71.30472 60.54321 54.19837 68.31241 98.70943 82.42184 72.35025 66.67904 x 57.42027 83.28161 x 72.97689 50.56042 97.43804 62.75101 76.58213 97.85921 x 85.04858 72.97586 54.46577 63.44912 75.53377 85.67146 52.61497 76.32952 96.32025
89.43016 56.80489 90.66638 81.57476 74.41849 x 72.20686 71.86171 58.96898 x 69.03498 89.65292 51.21889 70.56517 95.9686 73.21195 96.00699 56.86914 63.6857 71.23074 84.87644 83.99429 57.23916 92.48641 81.15857 87.06612 88.6036 85.70332 72.53724 63.74037 72.54561 96.92419 84.27558 57.92178 71.75135 74.49721 72.99822 x 95.99441 70.27769 93.52453 69.35084 91.54469 78.68878 x 59.495 92.70718 83.02133 67.3129 84.21677
95.41465 91.72285 65.76178 71.95101 62.32268 72.20686 x x 91.75486 50.30304 68.12311 x 78.76868 89.88589 85.20434 57.86721 97.75481 50.17172 68.15214 71.46559 63.59356 59.46535 75.70009 82.75641 96.66891 54.23585 82.03936 56.62382 64.77229 72.97692 81.18395 82.36564 53.75135 72.72338 89.82367 86.50656 x 86.61962 62.73458 83.19693 76.14682 68.63906 57.92253 98.1842 53.84525 85.81917 96.12898 86.80957 95.00834 51.51728
52.80984 x 51.31939 60.1778 68.37469 71.86171 x x 87.3319 58.78383 85.7591 86.85931 62.83336 50.0806 90.67213 53.91052 52.95914 97.87735 86.09872 60.03043 76.572 82.28459 x 89.49931 79.12895 66.69864 86.97981 74.39666 57.78784 66.87415 70.6229 78.06389 75.14641 91.90279 87.37792 55.1603 87.56405 76.71465 54.27391 56.20595 79.26596 96.80581 72.98409 53.03861 93.66867 66.1559 67.60055 97.47342 97.90878 80.85205
79.07341 71.98385 86.84557 91.54397 77.62666 58.96898 91.75486 87.3319 x 88.85378 76.50551 91.95012 78.77936 72.43322 90.34833 63.59429 68.03648 83.02034 96.56002 84.22202 94.32016 67.27074 91.2535 53.7828 90.2509 97.7532 77.05211 58.145 88.35607 94.78772 54.32214 85.38458 80.16179 76.34888 74.63523 90.13605 57.83682 56.71876 59.59453 83.3656 91.71994 93.90182 83.98299 85.07244 65.26962 54.81801 76.96804 54.43093 66.02023 50.08797
57.85128 92.99268 67.40148 84.31423 64.2533 x 50.30304 58.78383 88.85378 x 92.03992 78.3355 74.38301 78.38631 76.07478 59.66151 x 57.41141 51.40003 93.40973 86.10582 61.05864 68.92785 58.77629 x 86.94409 90.02512 50.61498 60.4252 83.81863 69.46177 68.75036 51.64158 72.62942 56.65046 74.59499 58.63002 89.85414 83.94462 83.59542 97.66706 89.52647 90.90219 91.33413 76.948 74.25393 76.81368 67.30554 61.54782 71.65293
88.30365 84.69235 x x 79.83403 69.03498 68.12311 85.7591 76.50551 92.03992 x 87.62206 x 75.80131 61.81704 60.92696 85.29731 78.18855 98.84689 77.71716 81.68666 65.78341 61.41612 88.54154 64.60083 87.47058 88.87758 50.84642 82.01593 55.22775 x 83.51034 68.47284 84.31733 84.16797 76.4643 92.49735 67.90177 59.59662 75.04283 74.99347 81.16681 54.20828 78.03625 58.85024 67.07879 93.38716 84.04654 64.33192 72.24772
71.16944 91.03099 79.19864 68.64379 x 89.65292 x 86.85931 91.95012 78.3355 87.62206 x 77.7835 51.23763 x 69.48415 66.74114 50.25365 93.74659 81.98544 93.30451 80.23086 94.70184 63.99083 83.22008 68.42777 78.00686 73.26686 87.29408 92.0414 87.42106 53.31434 80.24995 71.18719 51.71075 78.65512 75.3692 69.69803 80.97692 76.85308 87.71073 66.48568 69.98713 58.06208 67.98104 66.32867 57.1588 62.88222 72.57075 74.51957
57.93938 79.38615 61.0828 97.22296 78.47675 51.21889 78.76868 62.83336 78.77936 74.38301 x 77.7835 x 73.91695 66.00595 97.1499 53.81165 80.95721 64.72131 83.36344 72.45342 95.41252 x 93.91156 54.44077 x 88.8905 54.98002 83.51095 70.24847 91.2538 71.35225 55.68662 93.15605 74.21949 79.41489 x 94.29645 x 98.50284 53.23968 53.11383 96.50667 x 61.67867 90.38358 67.23432 87.14201 68.35369 91.67278
95.0437 51.2135 81.56448 53.5648 77.94512 70.56517 89.88589 50.0806 72.43322 78.38631 75.80131 51.23763 73.91695 x 56.19 89.42166 97.50023 85.64189 52.19827 75.7167 57.49604 54.43777 53.65707 56.22976 73.53352 90.60518 56.36986 77.58624 54.52576 91.70162 50.1883 56.82218 85.38446 85.52556 51.39209 54.45 x 72.20461 88.25442 90.33541 64.76512 50.49794 51.54039 85.6486 60.02935 71.64335 64.32748 65.37462 64.05417 67.67746
94.73269 59.66009 x 95.20997 77.18462 95.9686 85.20434 90.67213 90.34833 76.07478 61.81704 x 66.00595 56.19 x 53.41828 81.45505 93.23424 96.50623 53.81737 68.75392 65.40097 56.38653 94.71873 55.11728 98.12137 62.84697 90.47437 70.97225 64.77092 73.7775 91.94718 96.60324 78.73371 74.7335 60.30606 52.94693 53.81253 x 63.09524 62.48508 92.54249 x 93.87272 67.68273 78.59887 96.73065 94.71802 83.69517 81.16227
76.16381 63.6342 64.45743 59.72235 60.00908 73.21195 57.86721 53.91052 63.59429 59.66151 60.92696 69.48415 97.1499 89.42166 53.41828 x 80.32783 90.56972 72.28659 78.10581 65.47152 60.13308 69.90184 66.57101 64.81796 61.28879 69.84999 58.0141 61.47006 84.41278 56.92697 88.54284 86.66001 66.58355 78.36935 85.84465 59.32802 63.559 69.8985 59.53677 96.39481 82.76202 60.10154 56.68589 72.09893 87.35968 62.67649 60.3499 68.32368 95.27193
69.21243 x 63.32032 51.8454 67.40479 96.00699 97.75481 52.95914 68.03648 x 85.29731 66.74114 53.81165 97.50023 81.45505 80.32783 x 91.76564 79.92877 62.43146 58.2218 72.32419 85.06452 51.05636 75.19436 64.63864 60.74028 91.09609 50.7511 79.54875 98.50763 85.71602 58.19246 78.37662 83.81986 93.49459 66.12828 67.22706 51.93143 68.8896 54.35768 50.28972 75.01493 73.62097 93.29552 76.45463 92.39607 53.64288 x 76.00604
79.33503 52.55112 85.54355 72.17935 61.84546 56.86914 50.17172 97.87735 83.02034 57.41141 78.18855 50.25365 80.95721 85.64189 93.23424 90.56972 91.76564 x 98.43951 92.16163 55.27156 93.34248 73.3465 62.05531 90.38443 89.37023 x 74.09759 79.73478 83.67407 60.43109 65.65905 51.12425 70.78811 66.63957 77.22432 58.43004 81.12368 82.55611 75.10986 65.64864 97.16998 56.29946 57.50946 58.29254 50.00777 54.57386 75.08078 97.45312 62.56038
80.29877 80.81576 93.86669 54.50629 80.71779 63.6857 68.15214 86.09872 96.56002 51.40003 98.84689 93.74659 64.72131 52.19827 96.50623 72.28659 79.92877 98.43951 x 96.86181 x 55.72272 77.67308 76.81708 86.19226 62.19486 56.20613 53.79452 65.8839 77.00026 79.14865 87.65233 56.00282 86.95672 96.02242 93.3503 85.51794 81.92621 51.28266 67.23234 58.16272 63.62068 89.62759 95.6668 60.01598 97.58049 98.07969 51.38837 86.74839 x
97.65241 62.90477 x 64.97848 84.28898 71.23074 71.46559 60.03043 84.22202 93.40973 77.71716 81.98544 83.36344 75.7167 53.81737 78.10581 62.43146 92.16163 96.86181 x 82.78719 58.88893 74.80979 73.77159 61.42155 98.99368 90.92829 85.98506 x 54.45209 70.99572 50.11316 87.94528 95.54489 83.62262 56.99553 77.28839 97.40554 53.3218 68.86401 51.04783 79.18785 60.42104 83.88785 69.78464 75.27445 x 91.51773 95.91554 57.49745
59.78327 86.17429 50.02045 52.81811 x 84.87644 63.59356 76.572 94.32016 86.10582 81.68666 93.30451 72.45342 57.49604 68.75392 65.47152 58.2218 55.27156 x 82.78719 x x 53.62419 98.30496 97.79442 77.46557 55.85776 54.10072 66.21709 60.32137 79.84056 63.32873 92.68395 53.57483 59.49526 63.98219 56.89009 53.46368 57.25425 90.37545 88.66279 60.27929 95.33917 70.36396 79.42596 53.80298 63.79191 94.73163 65.97964 82.23928
77.24178 68.26559 54.16659 x 63.1381 83.99429 59.46535 82.28459 67.27074 61.05864 65.78341 80.23086 95.41252 54.43777 65.40097 60.13308 72.32419 93.34248 55.72272 58.88893 x x 61.3019 x 63.15179 89.97457 87.33928 x 81.6864 95.6495 90.96617 60.65956 56.81305 89.17079 62.54086 65.40244 59.42453 68.16473 91.81368 61.92418 86.03679 59.59526 54.39917 82.79549 91.69166 62.74518 75.76838 52.30506 73.27263 53.82636
71.39054 81.46512 x x 71.30472 57.23916 75.70009 x 91.2535 68.92785 61.41612 94.70184 x 53.65707 56.38653 69.90184 85.06452 73.3465 77.67308 74.80979 53.62419 61.3019 x 96.2991 83.18479 79.31304 53.21418 55.01425 74.93953 61.14313 72.46484 73.65544 80.94024 65.21417 71.01777 97.86043 92.76725 78.704 82.34805 72.11299 52.66174 97.6219 x 73.388 82.22958 53.45247 75.2193 77.04563 83.88247 71.28836
58.85242 50.93081 61.09052 61.07683 60.54321 92.48641 82.75641 89.49931 53.7828 58.77629 88.54154 63.99083 93.91156 56.22976 94.71873 66.57101 51.05636 62.05531 76.81708 73.77159 98.30496 x 96.2991 x 53.08861 87.65673 93.39192 61.57919 53.7137 65.87926 52.89554 96.74351 x 93.67222 93.5804 87.23058 92.36622 x 52.82367 89.46612 83.23263 73.35301 82.92064 x x 69.30909 83.5716 95.63817 71.11256 61.98482
54.11346 86.76655 81.01858 94.14655 54.19837 81.15857 96.66891 79.12895 90.2509 x 64.60083 83.22008 54.44077 73.53352 55.11728 64.81796 75.19436 90.38443 86.19226 61.42155 97.79442 63.15179 83.18479 53.08861 x 88.26488 64.66307 78.1291 93.58372 x 98.22197 62.50232 94.18814 59.52164 69.97419 67.2348 78.87938 90.69061 73.99144 98.60575 69.28797 x 57.65508 98.18452 81.45242 74.75477 72.13193 82.52675 61.70084 92.51315
88.13347 x 59.36377 85.04309 68.31241 87.06612 54.23585 66.69864 97.7532 86.94409 87.47058 68.42777 x 90.60518 98.12137 61.28879 64.63864 89.37023 62.19486 98.99368 77.46557 89.97457 79.31304 87.65673 88.26488 x 53.75818 74.00799 62.3428 65.8691 55.03392 80.97948 53.15482 52.25055 57.82141 89.23851 73.24235 80.51197 81.01101 75.03248 91.52215 64.6182 57.99681 97.29173 x 80.45569 64.90036 78.44302 93.36303 52.879
90.47674 61.91089 x 81.84823 98.70943 88.6036 82.03936 86.97981 77.05211 90.02512 88.87758 78.00686 88.8905 56.36986 62.84697 69.84999 60.74028 x 56.20613 90.92829 55.85776 87.33928 53.21418 93.39192 64.66307 53.75818 x 80.99367 70.016 80.7073 87.97466 77.34189 93.41978 67.35645 59.81578 64.60839 59.68904 93.84386 85.40492 98.387 58.02098 69.06507 88.479 80.24458 66.68125 84.85517 61.50399 61.12601 53.81074 80.22556
54.25996 70.86011 56.28594 x 82.42184 85.70332 56.62382 74.39666 58.145 50.61498 50.84642 73.26686 54.98002 77.58624 90.47437 58.0141 91.09609 74.09759 53.79452 85.98506 54.10072 x 55.01425 61.57919 78.1291 74.00799 80.99367 x 80.32237 69.07351 51.45945 76.59729 96.36311 51.58304 54.50249 62.11008 58.13242 94.81344 66.20505 88.90261 73.87133 92.51544 x 66.49858 70.44702 53.37266 50.84389 85.50966 52.7596 94.30734
76.58707 76.28613 64.3107 97.94093 72.35025 72.53724 64.77229 57.78784 88.35607 60.4252 82.01593 87.29408 83.51095 54.52576 70.97225 61.47006 50.7511 79.73478 65.8839 x 66.21709 81.6864 74.93953 53.7137 93.58372 62.3428 70.016 80.32237 x 82.6136 70.32659 92.71406 91.79457 73.60181 74.49878 84.42456 81.29229 88.96452 80.91821 53.67931 91.38484 96.35506 66.66784 51.37764 61.78149 79.56736 63.57056 72.49506 84.79415 50.45511
90.43823 x 53.24648 94.05506 66.67904 63.74037 72.97692 66.87415 94.78772 83.81863 55.22775 92.0414 70.24847 91.70162 64.77092 84.41278 79.54875 83.67407 77.00026 54.45209 60.32137 95.6495 61.14313 65.87926 x 65.8691 80.7073 69.07351 82.6136 x 63.51411 94.70924 58.17335 54.68893 88.20091 69.21151 71.67274 52.67636 96.82598 55.34201 52.84475 86.04482 85.32559 67.17093 x 89.71946 89.53039 x 79.62941 x
93.37519 83.85926 77.49311 71.83366 x 72.54561 81.18395 70.6229 54.32214 69.46177 x 87.42106 91.2538 50.1883 73.7775 56.92697 98.50763 60.43109 79.14865 70.99572 79.84056 90.96617 72.46484 52.89554 98.22197 55.03392 87.97466 51.45945 70.32659 63.51411 x 98.113 75.94128 86.19057 89.29224 57.52136 70.59446 86.91791 97.71414 73.88899 84.22686 52.53319 84.93722 51.19503 74.15276 78.57978 50.45104 67.40186 69.44234 80.73346
57.04365 75.35128 64.17462 56.49864 57.42027 96.92419 82.36564 78.06389 85.38458 68.75036 83.51034 53.31434 71.35225 56.82218 91.94718 88.54284 85.71602 65.65905 87.65233 50.11316 63.32873 60.65956 73.65544 96.74351 62.50232 80.97948 77.34189 76.59729 92.71406 94.70924 98.113 x 54.89702 73.68956 70.54068 59.04105 79.74382 66.50921 72.81333 63.59391 97.69755 55.82099 56.95656 76.06738 78.15535 65.39427 56.10726 80.25948 72.81411 80.30672
88.69588 78.09217 79.99862 78.38814 83.28161 84.27558 53.75135 75.14641 80.16179 51.64158 68.47284 80.24995 55.68662 85.38446 96.60324 86.66001 58.19246 51.12425 56.00282 87.94528 92.68395 56.81305 80.94024 x 94.18814 53.15482 93.41978 96.36311 91.79457 58.17335 75.94128 54.89702 x x x 92.57054 94.71353 88.88006 90.10606 76.15547 50.40024 52.84199 56.81783 x 79.2476 69.2967 71.10836 50.92921 x 75.99797
55.7206 80.34968 96.92738 62.17588 x 57.92178 72.72338 91.90279 76.34888 72.62942 84.31733 71.18719 93.15605 85.52556 78.73371 66.58355 78.37662 70.78811 86.95672 95.54489 53.57483 89.17079 65.21417 93.67222 59.52164 52.25055 67.35645 51.58304 73.60181 54.68893 86.19057 73.68956 x x 54.38142 51.17169 70.45318 81.81733 85.89505 65.70574 51.76401 92.30434 79.0484 72.94903 95.22066 54.42213 91.78534 81.49795 94.4876 77.03669
94.68265 81.01438 67.47476 74.10685 72.97689 71.75135 89.82367 87.37792 74.63523 56.65046 84.16797 51.71075 74.21949 51.39209 74.7335 78.36935 83.81986 66.63957 96.02242 83.62262 59.49526 62.54086 71.01777 93.5804 69.97419 57.82141 59.81578 54.50249 74.49878 88.20091 89.29224 70.54068 x 54.38142 x 59.24675 54.78346 69.10817 68.46981 69.2503 57.5615 x 86.6037 74.48828 85.9058 80.80759 x 73.87049 64.40347 89.53976
68.05106 x x 57.04231 50.56042 74.49721 86.50656 55.1603 90.13605 74.59499 76.4643 78.65512 79.41489 54.45 60.30606 85.84465 93.49459 77.22432 93.3503 56.99553 63.98219 65.40244 97.86043 87.23058 67.2348 89.23851 64.60839 62.11008 84.42456 69.21151 57.52136 59.04105 92.57054 51.17169 59.24675 x 96.69842 86.9071 54.21383 63.30758 88.90208 63.31342 83.17948 84.06588 72.91406 76.2418 64.03148 77.12801 90.42534 97.17426
67.92333 70.25335 83.84556 88.17841 97.43804 72.99822 x 87.56405 57.83682 58.63002 92.49735 75.3692 x x 52.94693 59.32802 66.12828 58.43004 85.51794 77.28839 56.89009 59.42453 92.76725 92.36622 78.87938 73.24235 59.68904 58.13242 81.29229 71.67274 70.59446 79.74382 94.71353 70.45318 54.78346 96.69842 x 86.46243 87.17704 85.50374 65.34797 53.02884 84.49818 54.49983 x 82.29782 57.16068 80.75188 70.68689 83.38987
71.3168 61.31614 82.18669 84.41577 62.75101 x 86.61962 76.71465 56.71876 89.85414 67.90177 69.69803 94.29645 72.20461 53.81253 63.559 67.22706 81.12368 81.92621 97.40554 53.46368 68.16473 78.704 x 90.69061 80.51197 93.84386 94.81344 88.96452 52.67636 86.91791 66.50921 88.88006 81.81733 69.10817 86.9071 86.46243 x 65.47171 58.04445 94.31239 94.26431 76.77914 95.93689 61.56726 97.53531 81.42712 97.44359 55.95239 91.48835
x 83.26029 87.42527 88.49546 76.58213 95.99441 62.73458 54.27391 59.59453 83.94462 59.59662 80.97692 x 88.25442 x 69.8985 51.93143 82.55611 51.28266 53.3218 57.25425 91.81368 82.34805 52.82367 73.99144 81.01101 85.40492 66.20505 80.91821 96.82598 97.71414 72.81333 90.10606 85.89505 68.46981 54.21383 87.17704 65.47171 x 50.73946 86.68562 78.356 80.55029 73.93641 50.23118 54.57562 67.13375 96.2932 68.20082 89.21811
51.60645 73.30189 55.27531 80.76328 97.85921 70.27769 83.19693 56.20595 83.3656 83.59542 75.04283 76.85308 98.50284 90.33541 63.09524 59.53677 68.8896 75.10986 67.23234 68.86401 90.37545 61.92418 72.11299 89.46612 98.60575 75.03248 98.387 88.90261 53.67931 55.34201 73.88899 63.59391 76.15547 65.70574 69.2503 63.30758 85.50374 58.04445 50.73946 x 59.79824 88.87918 78.88152 50.82946 74.83589 83.0028 65.03915 80.08925 74.87157 76.82934
66.70735 85.1146 91.98156 54.59822 x 93.52453 76.14682 79.26596 91.71994 97.66706 74.99347 87.71073 53.23968 64.76512 62.48508 96.39481 54.35768 65.64864 58.16272 51.04783 88.66279 86.03679 52.66174 83.23263 69.28797 91.52215 58.02098 73.87133 91.38484 52.84475 84.22686 97.69755 50.40024 51.76401 57.5615 88.90208 65.34797 94.31239 86.68562 59.79824 x 95.8038 67.74978 88.14765 x 61.02443 91.11823 69.44483 94.87545 87.72864
67.09701 x 92.15683 95.53064 85.04858 69.35084 68.63906 96.80581 93.90182 89.52647 81.16681 66.48568 53.11383 50.49794 92.54249 82.76202 50.28972 97.16998 63.62068 79.18785 60.27929 59.59526 97.6219 73.35301 x 64.6182 69.06507 92.51544 96.35506 86.04482 52.53319 55.82099 52.84199 92.30434 x 63.31342 53.02884 94.26431 78.356 88.87918 95.8038 x 93.13261 70.99857 66.80047 96.73968 64.97988 97.17676 57.08078 80.45009
92.54414 91.99073 98.34126 76.71575 72.97586 91.54469 57.92253 72.98409 83.98299 90.90219 54.20828 69.98713 96.50667 51.54039 x 60.10154 75.01493 56.29946 89.62759 60.42104 95.33917 54.39917 x 82.92064 57.65508 57.99681 88.479 x 66.66784 85.32559 84.93722 56.95656 56.81783 79.0484 86.6037 83.17948 84.49818 76.77914 80.55029 78.88152 67.74978 93.13261 x 59.27446 59.08959 56.00169 61.78981 57.37332 97.47433 80.15882
93.49137 77.82068 83.15906 93.42913 54.46577 78.68878 98.1842 53.03861 85.07244 91.33413 78.03625 58.06208 x 85.6486 93.87272 56.68589 73.62097 57.50946 95.6668 83.88785 70.36396 82.79549 73.388 x 98.18452 97.29173 80.24458 66.49858 51.37764 67.17093 51.19503 76.06738 x 72.94903 74.48828 84.06588 54.49983 95.93689 73.93641 50.82946 88.14765 70.99857 59.27446 x 74.6644 79.51056 67.42645 73.32708 78.89647 65.75023
67.57272 92.46794 51.52927 94.11066 63.44912 x 53.84525 93.66867 65.26962 76.948 58.85024 67.98104 61.67867 60.02935 67.68273 72.09893 93.29552 58.29254 60.01598 69.78464 79.42596 91.69166 82.22958 x 81.45242 x 66.68125 70.44702 61.78149 x 74.15276 78.15535 79.2476 95.22066 85.9058 72.91406 x 61.56726 50.23118 74.83589 x 66.80047 59.08959 74.6644 x 77.01699 98.14988 65.28104 97.05821 x
63.20351 61.8758 64.26939 95.62867 75.53377 59.495 85.81917 66.1559 54.81801 74.25393 67.07879 66.32867 90.38358 71.64335 78.59887 87.35968 76.45463 50.00777 97.58049 75.27445 53.80298 62.74518 53.45247 69.30909 74.75477 80.45569 84.85517 53.37266 79.56736 89.71946 78.57978 65.39427 69.2967 54.42213 80.80759 76.2418 82.29782 97.53531 54.57562 83.0028 61.02443 96.73968 56.00169 79.51056 77.01699 x 56.46906 57.85737 69.82022 79.30844
68.90209 51.20008 x 53.7984 85.67146 92.70718 96.12898 67.60055 76.96804 76.81368 93.38716 57.1588 67.23432 64.32748 96.73065 62.67649 92.39607 54.57386 98.07969 x 63.79191 75.76838 75.2193 83.5716 72.13193 64.90036 61.50399 50.84389 63.57056 89.53039 50.45104 56.10726 71.10836 91.78534 x 64.03148 57.16068 81.42712 67.13375 65.03915 91.11823 64.97988 61.78981 67.42645 98.14988 56.46906 x 75.62736 x 68.83079
95.21522 98.64316 89.07427 75.43729 52.61497 83.02133 86.80957 97.47342 54.43093 67.30554 84.04654 62.88222 87.14201 65.37462 94.71802 60.3499 53.64288 75.08078 51.38837 91.51773 94.73163 52.30506 77.04563 95.63817 82.52675 78.44302 61.12601 85.50966 72.49506 x 67.40186 80.25948 50.92921 81.49795 73.87049 77.12801 80.75188 97.44359 96.2932 80.08925 69.44483 97.17676 57.37332 73.32708 65.28104 57.85737 75.62736 x 58.68332 70.41796
67.68646 94.00536 67.73657 59.20736 76.32952 67.3129 95.00834 97.90878 66.02023 61.54782 64.33192 72.57075 68.35369 64.05417 83.69517 68.32368 x 97.45312 86.74839 95.91554 65.97964 73.27263 83.88247 71.11256 61.70084 93.36303 53.81074 52.7596 84.79415 79.62941 69.44234 72.81411 x 94.4876 64.40347 90.42534 70.68689 55.95239 68.20082 74.87157 94.87545 57.08078 97.47433 78.89647 97.05821 69.82022 x 58.68332 x 82.00886
76.03443 60.38116 69.6744 79.30508 96.32025 84.21677 51.51728 80.85205 50.08797 71.65293 72.24772 74.51957 91.67278 67.67746 81.16227 95.27193 76.00604 62.56038 x 57.49745 82.23928 53.82636 71.28836 61.98482 92.51315 52.879 80.22556 94.30734 50.45511 x 80.73346 80.30672 75.99797 77.03669 89.53976 97.17426 83.38987 91.48835 89.21811 76.82934 87.72864 80.45009 80.15882 65.75023 x 79.30844 68.83079 70.41796 82.00886 x