50
25
0 1 2 3 4 5 6 7 8 9 10 11 12 13 14 15 16 17 18 19 20 21 22 23 24 25 26 27 28 29 30 31 32 33 34 35 36 37 38 39 40 41 42 43 44 45 46 47 48 49
9 46 21 2 24 43 4 45 34 36 29 26 39 8 48 5 37 3 19 28 17 38 47 23 42
0
x 63.37873 55.3268 83.26015 71.72176 59.77559 60.14017 x 87.35857 65.7303 53.00893 57.19302 57.42139 53.69547 81.83933 83.38716 59.70938 61.86166 50.08856 59.76105 78.16573 74.62307 83.03484 95.71708 82.60585 64.47529 90.53849 72.30549 98.02975 88.23058 96.46978 67.32845 72.83297 95.40213 x 53.88674 65.97989 51.57568 87.83687 82.22155 83.33596 94.73132 70.81005 51.15764 64.77349 84.84049 51.76225 98.75978 62.09049 80.54696
63.37873 x 71.81677 50.43347 73.8686 78.01594 61.22442 96.50376 97.04023 68.9038 55.21996 91.0882 57.10362 86.23574 56.52604 79.38401 52.23313 54.24725 73.09167 92.47231 83.67691 73.27033 59.76164 55.71647 82.46173 85.79876 55.99937 82.05657 88.43175 88.94336 87.73639 78.55457 56.01535 x x 94.06319 82.09325 85.32756 94.1241 96.45036 75.80294 74.24497 83.82468 71.80403 91.47416 57.93996 x 51.21265 67.14658 67.45569
55.3268 71.81677 x 71.57292 73.45711 78.55384 78.07854 64.42798 71.88815 75.5465 59.32354 52.1833 65.17705 63.59734 83.31581 73.08917 x 50.19793 93.33437 78.37486 61.9082 91.15787 75.18883 66.68061 97.33052 76.73681 67.64037 74.47772 x 82.15759 88.3229 58.95438 95.53787 90.28621 67.24212 61.5282 95.86158 60.88099 63.86192 77.07057 90.21707 69.87174 82.66213 78.77707 70.34148 66.5896 93.04056 65.09663 56.07744 53.98508
83.26015 50.43347 71.57292 x 85.25682 x 69.08287 70.37876 57.86765 50.94194 96.07783 55.43765 57.54419 83.74508 62.23022 52.93164 84.4 97.37114 63.02636 50.61152 72.44144 73.81754 64.22049 81.31998 63.77267 68.56777 74.1387 52.31625 x 50.66195 82.81948 72.34043 x 89.57279 78.67619 82.49503 66.92536 94.67104 78.75737 95.8371 75.30088 66.87868 53.07146 87.89328 69.62615 96.67619 73.75316 93.10373 52.9775 68.38811
71.72176 73.8686 73.45711 85.25682 x 62.78968 69.10841 64.72413 67.46391 61.33643 58.43709 57.10776 81.84972 55.35491 88.54228 88.41742 84.37109 94.45826 x 80.76538 67.19687 71.84247 83.4285 96.92342 88.24401 65.70748 68.99503 61.77189 65.70857 67.4958 x 53.14973 51.13234 72.41154 61.20983 93.91803 65.47718 54.87421 71.49169 95.54757 62.78836 90.29165 55.45304 60.63566 54.50568 96.0574 61.63947 67.17627 71.71569 74.21582
59.77559 78.01594 78.55384 x 62.78968 x 70.32124 57.76502 72.31652 54.88681 68.56723 55.59989 64.67698 73.70877 98.20221 71.62136 88.48426 78.853 54.77079 92.12105 81.94457 55.53453 80.8292 85.51282 82.12749 74.06675 51.491 80.23153 61.06644 50.89404 55.81334 82.68111 53.68496 77.23198 72.43756 88.00921 87.16402 81.2782 x 64.11058 78.43053 x 63.3165 63.609 71.85599 61.9363 x 95.47431 79.1203 52.5392
60.14017 61.22442 78.07854 69.08287 69.10841 70.32124 x 75.33819 67.57693 70.29635 95.31151 93.97389 97.71745 73.09584 87.52291 88.34417 96.62855 x 74.44257 77.95852 96.69351 96.02028 79.43901 x 96.58944 91.33347 86.04751 84.43006 78.04801 68.59164 x 77.50173 78.79835 x 86.26111 71.49218 66.21292 67.49792 74.82718 80.24169 x 58.5799 70.44581 98.77194 54.4514 x 96.49928 83.70666 72.71583 84.9494
x 96.50376 64.42798 70.37876 64.72413 57.76502 75.33819 x 78.94182 62.70459 67.38916 88.66478 57.75244 61.28441 79.52564 71.65448 70.88911 68.20387 66.0665 93.35344 87.00294 76.45814 86.98053 88.82909 72.92545 88.07958 84.07954 71.60207 75.80292 70.0897 70.55512 90.92368 53.28072 69.68214 95.96211 75.56242 50.49485 70.78288 70.28504 82.85348 54.05999 86.60058 50.26813 76.85515 83.08941 89.3247 73.34332 61.50047 x 70.70866
87.35857 97.04023 71.88815 57.86765 67.46391 72.31652 67.57693 78.94182 x x 93.05212 84.38277 86.44568 66.51079 59.50433 76.00416 75.1358 60.42698 51.93514 73.79986 73.266 95.99799 70.92139 88.55464 67.92327 64.69838 65.54971 84.53883 91.35098 80.37429 61.72837 89.10176 58.3292 81.41239 53.88041 72.37438 53.7627 56.15719 89.99603 50.39215 58.15337 77.78995 56.2195 74.62518 69.31147 64.72849 83.73293 76.01917 52.7669 x
65.7303 68.9038 75.5465 50.94194 61.33643 54.88681 70.29635 62.70459 x x 75.95514 92.65221 x 80.43395 68.39762 78.48935 84.11109 62.56734 69.47852 91.21479 60.93164 70.13105 84.10628 x 93.61416 92.35788 51.81084 58.17137 72.97294 77.07539 61.12472 57.63125 56.49618 50.65661 91.30056 59.44313 97.17356 86.22001 88.36095 82.44283 86.96263 92.04009 78.99458 66.36634 94.37828 96.75199 x 77.94779 86.27418 64.0684
53.00893 55.21996 59.32354 96.07783 58.43709 68.56723 95.31151 67.38916 93.05212 75.95514 x 94.11852 55.94522 90.28547 94.21707 82.08568 x 61.68822 62.38763 59.52813 68.36508 x 93.59443 51.81661 66.13023 92.40515 79.0258 97.61621 60.9142 x 78.59711 88.91722 51.28952 83.68437 54.36095 88.85971 66.19226 86.3056 64.4084 56.82012 66.44062 74.88132 76.98138 54.1086 x 72.87062 68.13601 55.97738 68.20269 51.23774
57.19302 91.0882 52.1833 55.43765 57.10776 55.59989 93.97389 88.66478 84.38277 92.65221 94.11852 x 55.99458 82.47066 76.89311 92.40228 69.68873 65.61903 74.2122 x 57.84376 87.76324 66.52517 83.18623 80.93373 86.31887 88.77376 71.61515 95.32342 76.33198 86.68844 87.46793 89.28011 x 55.86724 50.56488 60.43904 90.18554 83.11967 93.90023 76.94226 94.36096 56.55466 89.7865 77.12719 89.03563 70.11473 64.86085 68.72691 72.22111
57.42139 57.10362 65.17705 57.54419 81.84972 64.67698 97.71745 57.75244 86.44568 x 55.94522 55.99458 x 97.04354 98.31153 x 76.80073 62.96344 80.58849 x 56.33915 60.50507 63.84683 85.78291 57.40732 68.12787 74.59348 71.61838 93.63658 x x 56.38347 83.71746 83.55199 64.31593 73.51544 88.04385 63.81836 94.91902 50.32853 52.68425 83.79804 68.46325 54.33225 94.76704 87.55219 59.00592 54.50754 61.17717 x
53.69547 86.23574 63.59734 83.74508 55.35491 73.70877 73.09584 61.28441 66.51079 80.43395 90.28547 82.47066 97.04354 x 71.45138 80.81341 98.08354 88.16562 52.44229 65.08189 84.68135 92.51445 76.97893 87.69627 76.75747 57.98845 81.71228 69.21876 67.11513 58.23034 75.97326 98.12159 79.6297 68.11091 55.96225 72.47958 x 81.43519 94.86619 50.07986 55.23473 x 95.42229 87.78111 x 70.42746 94.16207 84.94122 77.17122 82.95428
81.83933 56.52604 83.31581 62.23022 88.54228 98.20221 87.52291 79.52564 59.50433 68.39762 94.21707 76.89311 98.31153 71.45138 x 88.50977 77.9152 75.03415 76.59445 64.36635 78.55664 85.78454 x 94.60888 80.00487 87.33848 94.21498 88.16758 62.15482 85.21946 71.84935 71.14094 94.44372 83.37747 97.12031 61.33567 x 84.19022 58.82055 98.43895 84.06391 78.41234 50.90372 93.64541 x 95.1033 88.76986 70.95148 98.1768 64.00746
83.38716 79.38401 73.08917 52.93164 88.41742 71.62136 88.34417 71.65448 76.00416 78.48935 82.08568 92.40228 x 80.81341 88.50977 x 50.83496 94.26875 76.55129 92.48558 94.8981 74.37124 73.83044 97.96132 55.73247 73.999 x 69.15122 53.74768 97.09738 98.80832 91.79908 65.50717 50.20409 73.63066 52.1864 81.02349 60.90025 x 79.42073 71.45019 72.34363 78.20334 96.89464 52.39839 64.09035 87.17778 72.54897 95.21316 53.83314
59.70938 52.23313 x 84.4 84.37109 88.48426 96.62855 70.88911 75.1358 84.11109 x 69.68873 76.80073 98.08354 77.9152 50.83496 x 68.59379 56.29618 92.89288 51.14666 54.63208 90.91647 50.28092 59.20452 50.54161 56.95216 56.69318 84.23455 90.44449 84.07215 94.75572 62.30907 67.61021 92.88972 98.58369 54.54741 84.62884 56.01852 83.85876 59.38695 65.69029 81.39276 97.89717 74.39002 60.68225 71.0371 51.4911 65.83078 71.38467
61.86166 54.24725 50.19793 97.37114 94.45826 78.853 x 68.20387 60.42698 62.56734 61.68822 65.61903 62.96344 88.16562 75.03415 94.26875 68.59379 x 53.34701 73.12907 85.66698 68.38641 82.16653 82.09962 69.67542 x 60.62643 60.81936 73.43174 97.45951 65.0389 64.06498 80.53869 68.59918 58.42489 56.60121 97.34521 74.22625 50.95615 81.17468 98.45009 93.37448 69.01766 68.70772 89.97047 81.91269 92.63547 80.0121 86.55366 72.44688
50.08856 73.09167 93.33437 63.02636 x 54.77079 74.44257 66.0665 51.93514 69.47852 62.38763 74.2122 80.58849 52.44229 76.59445 76.55129 56.29618 53.34701 x 93.12487 54.8984 97.04899 74.97354 75.25819 55.94742 52.53446 96.41802 52.82582 52.51542 98.04144 56.44534 76.82963 67.64335 93.61962 66.63314 65.02339 52.33342 67.43888 73.30192 54.55274 61.46933 52.58707 97.95981 62.50271 74.73503 59.17815 70.93489 86.39449 65.8754 66.30062
59.76105 92.47231 78.37486 50.61152 80.76538 92.12105 77.95852 93.35344 73.79986 91.21479 59.52813 x x 65.08189 64.36635 92.48558 92.89288 73.12907 93.12487 x 75.20228 88.39605 56.89024 96.77135 71.46429 62.15548 77.25694 60.95889 90.62 84.86555 80.00752 76.12841 55.68141 63.05574 84.97746 86.04017 75.09946 60.22325 57.19875 95.77207 98.32478 69.32492 63.39005 72.91451 79.15936 74.19079 87.77419 71.32954 87.3359 95.68697
78.16573 83.67691 61.9082 72.44144 67.19687 81.94457 96.69351 87.00294 73.266 60.93164 68.36508 57.84376 56.33915 84.68135 78.55664 94.8981 51.14666 85.66698 54.8984 75.20228 x 95.02702 77.9809 94.62598 52.57126 59.70791 50.43589 92.03393 66.39148 69.44335 53.35823 54.12471 51.22731 58.5098 64.13539 70.09669 80.98767 89.21907 70.22346 84.99475 79.99537 93.00335 74.23817 60.65331 93.46404 63.14972 91.81712 81.83835 50.89757 69.84639
74.62307 73.27033 91.15787 73.81754 71.84247 55.53453 96.02028 76.45814 95.99799 70.13105 x 87.76324 60.50507 92.51445 85.78454 74.37124 54.63208 68.38641 97.04899 88.39605 95.02702 x 75.40512 88.56149 53.41157 91.49731 98.87729 79.73833 x 89.79177 94.75992 76.99317 55.97583 70.3334 60.94588 79.66768 77.07362 92.41197 84.19353 88.01507 90.08832 81.9596 76.70528 93.94704 60.13064 79.76649 64.06827 96.98611 55.28374 95.13272
83.03484 59.76164 75.18883 64.22049 83.4285 80.8292 79.43901 86.98053 70.92139 84.10628 93.59443 66.52517 63.84683 76.97893 x 73.83044 90.91647 82.16653 74.97354 56.89024 77.9809 75.40512 x 64.95608 86.62513 88.80904 72.25919 94.41148 89.95565 67.39551 86.76365 62.60777 92.48453 95.13832 75.75247 95.71589 68.18338 81.60436 78.4444 85.49524 84.84029 56.71385 x 51.03795 65.94539 84.83454 50.44589 66.18668 57.52355 93.81842
95.71708 55.71647 66.68061 81.31998 96.92342 85.51282 x 88.82909 88.55464 x 51.81661 83.18623 85.78291 87.69627 94.60888 97.96132 50.28092 82.09962 75.25819 96.77135 94.62598 88.56149 64.95608 x 54.21524 93.44596 71.57901 61.06809 86.75656 76.4565 75.99045 x 80.39185 61.85967 92.39662 76.18466 85.36971 62.59091 63.53068 87.82535 52.37807 64.65942 55.58823 68.43414 78.06791 86.14254 77.455 68.77498 82.97734 87.99496
82.60585 82.46173 97.33052 63.77267 88.24401 82.12749 96.58944 72.92545 67.92327 93.61416 66.13023 80.93373 57.40732 76.75747 80.00487 55.73247 59.20452 69.67542 55.94742 71.46429 52.57126 53.41157 86.62513 54.21524 x 71.19762 89.66421 64.85929 72.84949 84.2357 52.93796 60.39552 81.13158 60.94081 65.5847 78.79648 88.45618 91.57069 54.01727 60.93733 57.24331 x 79.40616 94.47169 79.99492 85.43358 61.86827 96.80513 52.54601 86.50517
64.47529 85.79876 76.73681 68.56777 65.70748 74.06675 91.33347 88.07958 64.69838 92.35788 92.40515 86.31887 68.12787 57.98845 87.33848 73.999 50.54161 x 52.53446 62.15548 59.70791 91.49731 88.80904 93.44596 71.19762 x 71.22199 72.70476 53.99458 53.42988 87.64572 87.23925 65.98914 57.1296 85.96473 54.03955 52.84912 90.03443 x x 82.86816 61.47455 59.1114 85.15013 89.53029 52.99707 88.75587 x 96.87639 63.32222
90.53849 55.99937 67.64037 74.1387 68.99503 51.491 86.04751 84.07954 65.54971 51.81084 79.0258 88.77376 74.59348 81.71228 94.21498 x 56.95216 60.62643 96.41802 77.25694 50.43589 98.87729 72.25919 71.57901 89.66421 71.22199 x 60.48059 83.99413 87.53704 x 88.54905 82.86449 83.82719 50.23014 66.56729 52.12427 74.31026 84.94789 57.84339 x 91.53274 84.90045 55.58602 57.09504 64.81541 96.62374 83.78069 73.42345 66.69408
72.30549 82.05657 74.47772 52.31625 61.77189 80.23153 84.43006 71.60207 84.53883 58.17137 97.61621 71.61515 71.61838 69.21876 88.16758 69.15122 56.69318 60.81936 52.82582 60.95889 92.03393 79.73833 94.41148 61.06809 64.85929 72.70476 60.48059 x 69.00714 77.25093 58.80611 51.06366 93.21542 66.59867 63.72993 76.88681 63.9339 82.73876 90.64944 63.73482 89.01781 50.76766 93.7676 85.11762 79.18648 72.20862 86.14693 59.10326 56.25344 86.69712
98.02975 88.43175 x x 65.70857 61.06644 78.04801 75.80292 91.35098 72.97294 60.9142 95.32342 93.63658 67.11513 62.15482 53.74768 84.23455 73.43174 52.51542 90.62 66.39148 x 89.95565 86.75656 72.84949 53.99458 83.99413 69.00714 x 70.78321 61.46819 64.46234 x 59.19739 63.31763 56.45135 90.01217 65.55838 98.04664 85.98488 85.33625 51.29657 59.27957 83.4398 98.02152 80.87106 92.33635 79.26939 94.13821 81.30553
88.23058 88.94336 82.15759 50.66195 67.4958 50.89404 68.59164 70.0897 80.37429 77.07539 x 76.33198 x 58.23034 85.21946 97.09738 90.44449 97.45951 98.04144 84.86555 69.44335 89.79177 67.39551 76.4565 84.2357 53.42988 87.53704 77.25093 70.78321 x 76.01977 66.70848 53.58452 72.18511 55.33485 98.76742 x 83.10071 81.85488 94.36814 97.96774 91.1773 69.71654 66.34715 69.41523 74.82949 94.58967 59.19115 61.06067 59.99254
96.46978 87.73639 88.3229 82.81948 x 55.81334 x 70.55512 61.72837 61.12472 78.59711 86.68844 x 75.97326 71.84935 98.80832 84.07215 65.0389 56.44534 80.00752 53.35823 94.75992 86.76365 75.99045 52.93796 87.64572 x 58.80611 61.46819 76.01977 x 63.04843 x 90.73401 52.47505 94.33497 56.81444 88.48429 70.01061 x 94.51479 76.93991 87.19333 57.14462 59.26482 x 73.73818 63.11612 60.54629 57.28587
67.32845 78.55457 58.95438 72.34043 53.14973 82.68111 77.50173 90.92368 89.10176 57.63125 88.91722 87.46793 56.38347 98.12159 71.14094 91.79908 94.75572 64.06498 76.82963 76.12841 54.12471 76.99317 62.60777 x 60.39552 87.23925 88.54905 51.06366 64.46234 66.70848 63.04843 x 92.9303 57.4144 x 65.61067 67.7785 59.17457 85.82412 62.08997 72.66368 53.59663 86.60899 79.17965 86.59293 x 69.12017 67.37382 72.93771 59.86121
72.83297 56.01535 95.53787 x 51.13234 53.68496 78.79835 53.28072 58.3292 56.49618 51.28952 89.28011 83.71746 79.6297 94.44372 65.50717 62.30907 80.53869 67.64335 55.68141 51.22731 55.97583 92.48453 80.39185 81.13158 65.98914 82.86449 93.21542 x 53.58452 x 92.9303 x 72.69924 84.75566 56.64032 98.21412 65.24118 73.38593 81.89947 96.45326 68.36295 62.51757 72.90555 87.17897 64.95701 69.8168 x 53.73645 57.82171
95.40213 x 90.28621 89.57279 72.41154 77.23198 x 69.68214 81.41239 50.65661 83.68437 x 83.55199 68.11091 83.37747 50.20409 67.61021 68.59918 93.61962 63.05574 58.5098 70.3334 95.13832 61.85967 60.94081 57.1296 83.82719 66.59867 59.19739 72.18511 90.73401 57.4144 72.69924 x 52.80571 97.06289 70.01138 72.54691 66.40615 62.30276 59.68664 83.82414 96.96012 87.92885 53.78874 58.34181 79.45505 56.65804 75.71959 68.72376
x x 67.24212 78.67619 61.20983 72.43756 86.26111 95.96211 53.88041 91.30056 54.36095 55.86724 64.31593 55.96225 97.12031 73.63066 92.88972 58.42489 66.63314 84.97746 64.13539 60.94588 75.75247 92.39662 65.5847 85.96473 50.23014 63.72993 63.31763 55.33485 52.47505 x 84.75566 52.80571 x 73.10218 76.02073 93.18535 53.86753 57.33385 89.06846 50.52365 98.11015 85.5053 78.63148 77.45866 57.31645 67.36319 52.97223 87.41182
53.88674 94.06319 61.5282 82.49503 93.91803 88.00921 71.49218 75.56242 72.37438 59.44313 88.85971 50.56488 73.51544 72.47958 61.33567 52.1864 98.58369 56.60121 65.02339 86.04017 70.09669 79.66768 95.71589 76.18466 78.79648 54.03955 66.56729 76.88681 56.45135 98.76742 94.33497 65.61067 56.64032 97.06289 73.10218 x 73.74718 75.6204 59.30681 86.76479 65.78562 80.20626 85.07633 65.54301 80.44338 57.53069 75.41534 78.0523 72.06639 80.19529
65.97989 82.09325 95.86158 66.92536 65.47718 87.16402 66.21292 50.49485 53.7627 97.17356 66.19226 60.43904 88.04385 x x 81.02349 54.54741 97.34521 52.33342 75.09946 80.98767 77.07362 68.18338 85.36971 88.45618 52.84912 52.12427 63.9339 90.01217 x 56.81444 67.7785 98.21412 70.01138 76.02073 73.74718 x 64.23658 60.36927 57.95978 55.59437 90.79783 90.41235 78.2684 89.98333 68.12882 81.01449 61.70191 92.51833 97.85823
51.57568 85.32756 60.88099 94.67104 54.87421 81.2782 67.49792 70.78288 56.15719 86.22001 86.3056 90.18554 63.81836 81.43519 84.19022 60.90025 84.62884 74.22625 67.43888 60.22325 89.21907 92.41197 81.60436 62.59091 91.57069 90.03443 74.31026 82.73876 65.55838 83.10071 88.48429 59.17457 65.24118 72.54691 93.18535 75.6204 64.23658 x 95.04115 81.04967 50.89728 97.69024 78.87572 66.38721 96.89624 95.52477 51.88818 92.19285 75.76599 69.95535
87.83687 94.1241 63.86192 78.75737 71.49169 x 74.82718 70.28504 89.99603 88.36095 64.4084 83.11967 94.91902 94.86619 58.82055 x 56.01852 50.95615 73.30192 57.19875 70.22346 84.19353 78.4444 63.53068 54.01727 x 84.94789 90.64944 98.04664 81.85488 70.01061 85.82412 73.38593 66.40615 53.86753 59.30681 60.36927 95.04115 x 63.40655 55.70683 97.10274 81.32587 84.60353 73.21427 76.21387 95.54461 82.09479 64.66927 66.41346
82.22155 96.45036 77.07057 95.8371 95.54757 64.11058 80.24169 82.85348 50.39215 82.44283 56.82012 93.90023 50.32853 50.07986 98.43895 79.42073 83.85876 81.17468 54.55274 95.77207 84.99475 88.01507 85.49524 87.82535 60.93733 x 57.84339 63.73482 85.98488 94.36814 x 62.08997 81.89947 62.30276 57.33385 86.76479 57.95978 81.04967 63.40655 x 97.52641 61.08937 86.48926 96.13945 84.8355 55.67263 73.94486 52.05219 70.88529 94.84061
83.33596 75.80294 90.21707 75.30088 62.78836 78.43053 x 54.05999 58.15337 86.96263 66.44062 76.94226 52.68425 55.23473 84.06391 71.45019 59.38695 98.45009 61.46933 98.32478 79.99537 90.08832 84.84029 52.37807 57.24331 82.86816 x 89.01781 85.33625 97.96774 94.51479 72.66368 96.45326 59.68664 89.06846 65.78562 55.59437 50.89728 55.70683 97.52641 x 76.64534 91.60861 74.51413 68.47074 87.98573 63.5752 82.33477 x 61.02504
94.73132 74.24497 69.87174 66.87868 90.29165 x 58.5799 86.60058 77.78995 92.04009 74.88132 94.36096 83.79804 x 78.41234 72.34363 65.69029 93.37448 52.58707 69.32492 93.00335 81.9596 56.71385 64.65942 x 61.47455 91.53274 50.76766 51.29657 91.1773 76.93991 53.59663 68.36295 83.82414 50.52365 80.20626 90.79783 97.69024 97.10274 61.08937 76.64534 x 50.03806 50.11781 x 97.6311 65.0032 72.76731 91.44345 67.62979
70.81005 83.82468 82.66213 53.07146 55.45304 63.3165 70.44581 50.26813 56.2195 78.99458 76.98138 56.55466 68.46325 95.42229 50.90372 78.20334 81.39276 69.01766 97.95981 63.39005 74.23817 76.70528 x 55.58823 79.40616 59.1114 84.90045 93.7676 59.27957 69.71654 87.19333 86.60899 62.51757 96.96012 98.11015 85.07633 90.41235 78.87572 81.32587 86.48926 91.60861 50.03806 x x 63.66386 93.60882 72.78019 60.8923 81.684 90.85103
51.15764 71.80403 78.77707 87.89328 60.63566 63.609 98.77194 76.85515 74.62518 66.36634 54.1086 89.7865 54.33225 87.78111 93.64541 96.89464 97.89717 68.70772 62.50271 72.91451 60.65331 93.94704 51.03795 68.43414 94.47169 85.15013 55.58602 85.11762 83.4398 66.34715 57.14462 79.17965 72.90555 87.92885 85.5053 65.54301 78.2684 66.38721 84.60353 96.13945 74.51413 50.11781 x x 60.3238 77.28463 81.92548 90.75054 51.09383 80.58222
64.77349 91.47416 70.34148 69.62615 54.50568 71.85599 54.4514 83.08941 69.31147 94.37828 x 77.12719 94.76704 x x 52.39839 74.39002 89.97047 74.73503 79.15936 93.46404 60.13064 65.94539 78.06791 79.99492 89.53029 57.09504 79.18648 98.02152 69.41523 59.26482 86.59293 87.17897 53.78874 78.63148 80.44338 89.98333 96.89624 73.21427 84.8355 68.47074 x 63.66386 60.3238 x 69.23657 88.3875 72.17906 82.36528 56.51387
84.84049 57.93996 66.5896 96.67619 96.0574 61.9363 x 89.3247 64.72849 96.75199 72.87062 89.03563 87.55219 70.42746 95.1033 64.09035 60.68225 81.91269 59.17815 74.19079 63.14972 79.76649 84.83454 86.14254 85.43358 52.99707 64.81541 72.20862 80.87106 74.82949 x x 64.95701 58.34181 77.45866 57.53069 68.12882 95.52477 76.21387 55.67263 87.98573 97.6311 93.60882 77.28463 69.23657 x 81.17364 78.35073 66.14075 93.33141
51.76225 x 93.04056 73.75316 61.63947 x 96.49928 73.34332 83.73293 x 68.13601 70.11473 59.00592 94.16207 88.76986 87.17778 71.0371 92.63547 70.93489 87.77419 91.81712 64.06827 50.44589 77.455 61.86827 88.75587 96.62374 86.14693 92.33635 94.58967 73.73818 69.12017 69.8168 79.45505 57.31645 75.41534 81.01449 51.88818 95.54461 73.94486 63.5752 65.0032 72.78019 81.92548 88.3875 81.17364 x 57.29073 52.94225 62.18457
98.75978 51.21265 65.09663 93.10373 67.17627 95.47431 83.70666 61.50047 76.01917 77.94779 55.97738 64.86085 54.50754 84.94122 70.95148 72.54897 51.4911 80.0121 86.39449 71.32954 81.83835 96.98611 66.18668 68.77498 96.80513 x 83.78069 59.10326 79.26939 59.19115 63.11612 67.37382 x 56.65804 67.36319 78.0523 61.70191 92.19285 82.09479 52.05219 82.33477 72.76731 60.8923 90.75054 72.17906 78.35073 57.29073 x x 75.82745
62.09049 67.14658 56.07744 52.9775 71.71569 79.1203 72.71583 x 52.7669 86.27418 68.20269 68.72691 61.17717 77.17122 98.1768 95.21316 65.83078 86.55366 65.8754 87.3359 50.89757 55.28374 57.52355 82.97734 52.54601 96.87639 73.42345 56.25344 94.13821 61.06067 60.54629 72.93771 53.73645 75.71959 52.97223 72.06639 92.51833 75.76599 64.66927 70.88529 x 91.44345 81.684 51.09383 82.36528 66.14075 52.94225 x x 60.1606
80.54696 67.45569 53.98508 68.38811 74.21582 52.5392 84.9494 70.70866 x 64.0684 51.23774 72.22111 x 82.95428 64.00746 53.83314 71.38467 72.44688 66.30062 95.68697 69.84639 95.13272 93.81842 87.99496 86.50517 63.32222 66.69408 86.69712 81.30553 59.99254 57.28587 59.86121 57.82171 68.72376 87.41182 80.19529 97.85823 69.95535 66.41346 94.84061 61.02504 67.62979 90.85103 80.58222 56.51387 93.33141 62.18457 75.82745 60.1606 x