50
25
0 1 2 3 4 5 6 7 8 9 10 11 12 13 14 15 16 17 18 19 20 21 22 23 24 25 26 27 28 29 30 31 32 33 34 35 36 37 38 39 40 41 42 43 44 45 46 47 48 49
9 18 24 45 30 14 19 5 42 6 37 0 3 11 1 48 26 38 25 21 31 29 2 41 44
0
x 72.15299 65.45004 64.87235 82.61049 51.37966 77.70351 94.85982 88.89185 77.68525 56.81771 52.28757 64.01111 50.10295 72.22204 95.67759 75.45348 96.38267 56.87413 90.76378 84.86179 57.25847 78.49343 61.19843 90.65592 93.20782 85.48114 68.21889 94.50861 85.67442 x 77.74848 69.82822 65.24277 83.11704 55.60964 x 86.85032 86.69126 61.16156 69.1196 93.33987 71.36628 57.51581 x 56.80645 72.52291 x 71.01384 85.21808
72.15299 x 65.57208 92.49625 82.05776 72.97508 81.49367 77.4836 75.8714 78.87843 89.39057 89.2512 59.73956 80.80951 82.5219 54.91822 x 53.68434 68.80515 70.2737 84.46525 58.62897 67.00106 53.7113 92.48513 63.9729 54.66553 83.85219 66.02095 71.54489 89.89818 76.1193 53.98935 66.96305 96.43193 92.08541 59.19523 x 95.64806 x 75.86251 73.7293 55.30722 92.86366 50.40952 84.49 86.57367 79.35378 86.53453 x
65.45004 65.57208 x 93.71182 62.9307 58.47314 85.4908 66.20325 77.42944 81.13235 57.28344 79.65376 57.5925 73.13895 86.60314 89.3245 96.2771 56.6332 60.65924 69.61938 69.83878 54.80101 63.58767 89.74054 71.87368 96.0728 57.59853 83.61773 63.50156 87.05804 58.72112 66.88591 91.31585 60.05404 90.22347 85.65351 70.16018 88.40858 82.81482 71.96495 87.16925 53.03505 73.84497 82.85254 81.4586 64.30827 50.16994 57.28011 94.2905 58.58588
64.87235 92.49625 93.71182 x 74.24067 83.14834 62.93487 84.64384 79.43081 66.98798 92.8102 82.61516 59.59919 53.21776 80.82316 54.79452 51.35673 79.8382 64.71376 82.59804 78.91636 96.18291 52.33557 95.05858 89.06594 88.80947 84.60435 94.4501 98.71986 75.83453 65.93801 82.44603 91.44914 55.86674 89.26249 53.50464 69.60282 84.75492 92.74224 60.05517 82.65357 64.38823 67.5852 62.89996 95.07749 97.5504 67.796 67.21197 55.98803 89.34521
82.61049 82.05776 62.9307 74.24067 x 87.97214 92.54866 59.69907 75.3858 66.95346 95.80649 71.84736 64.59511 55.25285 x 59.35091 58.18634 96.82393 85.09294 59.49299 90.02024 57.84842 95.67316 80.27295 64.82438 93.95958 x 51.78191 68.17223 98.89235 75.13507 x 87.6306 98.1785 54.47591 80.02573 63.20312 65.25635 56.48726 66.65577 79.28412 94.79487 64.46747 70.83946 54.6693 x 61.70047 92.7624 96.26998 88.54071
51.37966 72.97508 58.47314 83.14834 87.97214 x x 58.94029 55.9692 56.85206 91.82282 89.47438 55.31548 56.07028 66.60402 92.38203 61.5972 86.88974 88.92831 65.3588 79.36461 91.93104 76.32532 72.65173 59.63769 62.18287 86.03631 65.85969 58.92696 96.67278 66.738 95.31364 66.09215 57.27542 94.96798 81.17027 89.03776 x 95.8309 73.46421 50.00159 84.43923 57.99641 55.97953 62.21852 67.54966 80.92828 86.79691 55.79266 71.05419
77.70351 81.49367 85.4908 62.93487 92.54866 x x 68.64972 73.88395 79.31202 75.49689 88.51855 75.69385 70.8982 62.46083 61.55952 97.11481 x 66.61105 69.09152 52.9127 98.22739 97.69461 83.34062 70.02841 69.17446 69.04231 71.61222 x 95.08981 87.27147 98.5507 84.84443 56.03863 88.58431 60.39128 94.95237 74.82199 55.86947 90.98951 50.6257 86.9602 82.78367 57.26519 72.45479 83.06854 82.66745 97.33603 86.43535 69.87803
94.85982 77.4836 66.20325 84.64384 59.69907 58.94029 68.64972 x 70.1465 81.10941 77.33241 82.64783 56.51161 73.81432 94.66465 70.27811 54.61748 98.46999 55.91375 57.3042 93.15387 88.7924 90.37553 67.83513 65.84978 85.6807 67.18778 86.33541 61.70444 81.47548 68.71122 70.74135 83.25872 65.00533 73.9411 63.45421 66.26849 69.29646 79.98275 73.28897 77.30127 64.61931 56.85203 89.38582 62.53128 97.1692 59.93716 98.97991 62.65325 54.45783
88.89185 75.8714 77.42944 79.43081 75.3858 55.9692 73.88395 70.1465 x 63.70615 78.48346 84.68177 90.59306 61.59344 63.01527 76.29575 79.75126 71.50585 77.04379 62.63842 66.33911 80.36283 88.24904 80.76552 91.63698 62.7225 52.56258 68.19616 88.36759 60.69991 82.56014 98.51286 77.0988 59.85878 87.54021 75.38362 84.66812 91.75205 63.16556 96.39532 73.94183 90.53741 65.48306 70.32817 55.89059 73.23021 78.43167 95.06471 61.56189 59.85159
77.68525 78.87843 81.13235 66.98798 66.95346 56.85206 79.31202 81.10941 63.70615 x 68.91699 81.30044 54.82912 91.06565 86.52648 70.04436 65.594 56.82817 90.77602 62.172 94.99959 94.76105 95.26666 81.88781 63.36381 79.54712 55.59647 95.35149 x 63.18172 73.84371 90.26584 71.16245 54.17503 90.63127 78.20736 x 61.62872 50.81231 52.74627 57.10415 50.35371 81.94232 53.07878 68.27943 82.5792 57.62974 96.18645 76.68238 52.98474
56.81771 89.39057 57.28344 92.8102 95.80649 91.82282 75.49689 77.33241 78.48346 68.91699 x 59.33103 61.94792 79.56425 79.77711 61.08983 90.40563 93.99327 59.78233 75.39004 64.16613 80.82564 53.11495 96.60834 95.0126 54.77615 90.78744 x 69.6049 69.17755 52.0016 91.42433 93.37808 88.72421 52.48102 76.51781 80.68595 89.08162 80.3542 68.51655 81.41841 95.61483 x 60.06704 80.26914 81.89677 68.28326 x 54.21667 x
52.28757 89.2512 79.65376 82.61516 71.84736 89.47438 88.51855 82.64783 84.68177 81.30044 59.33103 x 78.8329 89.51959 61.4367 71.08474 81.1145 97.87112 87.89008 98.22259 93.24845 51.07685 68.59849 73.12351 90.63235 88.21249 58.8954 87.53425 77.46486 52.90788 97.76911 96.64663 81.45093 52.41889 62.71204 84.68542 70.26591 76.50857 50.29773 x 54.83762 98.91891 60.25339 74.47558 83.41898 59.15238 98.36591 50.44645 53.58092 86.32216
64.01111 59.73956 57.5925 59.59919 64.59511 55.31548 75.69385 56.51161 90.59306 54.82912 61.94792 78.8329 x 94.05293 67.35652 90.52485 69.29496 53.19686 74.65605 67.63829 98.94479 87.33855 82.65841 75.49788 83.31328 51.02411 85.38373 62.47731 58.79133 57.72956 73.79748 69.05453 94.63855 79.29614 78.58099 86.51791 50.88404 67.57105 50.67209 94.38072 58.99026 77.53267 54.66503 70.68215 87.81201 x 52.55706 89.52805 80.69824 62.31894
50.10295 80.80951 73.13895 53.21776 55.25285 56.07028 70.8982 73.81432 61.59344 91.06565 79.56425 89.51959 94.05293 x 88.94334 86.88496 58.43258 55.47955 x 63.27454 89.14236 65.61031 97.10858 68.51707 85.23026 58.58661 64.38983 65.89508 61.59026 94.58147 96.13421 56.90041 92.10205 72.90949 51.94507 83.4543 60.54357 88.12185 56.67511 69.5506 61.87875 93.47146 83.34539 84.62902 56.19186 76.54839 76.11851 87.56748 95.49656 80.89448
72.22204 82.5219 86.60314 80.82316 x 66.60402 62.46083 94.66465 63.01527 86.52648 79.77711 61.4367 67.35652 88.94334 x 58.50789 55.33769 50.49038 86.12621 87.46299 62.72135 50.2147 81.23785 86.5539 90.84231 x 50.82619 57.26997 54.55378 95.13911 67.20376 69.27076 91.08868 76.96563 50.86587 62.93779 78.78068 73.88508 73.46625 93.32671 81.26285 82.19939 59.74946 75.80112 68.15572 68.52749 76.9391 74.13477 88.13953 67.52361
95.67759 54.91822 89.3245 54.79452 59.35091 92.38203 61.55952 70.27811 76.29575 70.04436 61.08983 71.08474 90.52485 86.88496 58.50789 x x 72.23397 86.89061 73.03915 56.52992 65.54655 51.67805 74.97655 83.1368 89.43864 93.90849 77.99265 65.94818 92.54335 71.05229 91.06129 75.02131 80.85315 96.48977 59.87856 77.41178 57.5153 94.04189 75.05738 87.11753 80.00653 66.56797 90.54004 94.26174 77.8727 63.22617 58.16931 87.4677 91.43229
75.45348 x 96.2771 51.35673 58.18634 61.5972 97.11481 54.61748 79.75126 65.594 90.40563 81.1145 69.29496 58.43258 55.33769 x x 78.15015 71.79299 50.61017 86.68017 77.1899 58.17018 59.37116 90.39765 69.68173 86.1063 70.35676 86.82965 78.25836 60.93171 59.28018 51.98703 81.1207 66.19265 83.6301 60.1837 81.2268 86.87648 54.8505 95.33582 56.77594 83.5257 89.51472 54.01676 53.21328 64.86796 84.28186 92.51122 x
96.38267 53.68434 56.6332 79.8382 96.82393 86.88974 x 98.46999 71.50585 56.82817 93.99327 97.87112 53.19686 55.47955 50.49038 72.23397 78.15015 x 83.51958 69.59593 94.35821 63.60396 76.85233 51.21969 62.38674 94.52033 92.67786 93.39324 89.73982 58.19231 93.22841 62.6052 x 64.17757 50.02692 54.20356 61.5699 53.62202 70.84175 67.76272 67.52187 93.06875 68.4142 67.86098 63.42885 80.77786 94.738 51.29727 56.77407 77.45869
56.87413 68.80515 60.65924 64.71376 85.09294 88.92831 66.61105 55.91375 77.04379 90.77602 59.78233 87.89008 74.65605 x 86.12621 86.89061 71.79299 83.51958 x 85.31 74.61333 85.70025 68.49758 84.11717 89.99588 92.42017 68.35569 61.64996 77.43967 56.19159 81.72276 73.98462 52.80554 87.97088 75.35745 82.4551 78.25794 82.60303 94.73422 69.61106 97.26235 91.23566 58.31567 71.71767 70.06737 63.04492 84.32248 98.9466 57.73414 x
90.76378 70.2737 69.61938 82.59804 59.49299 65.3588 69.09152 57.3042 62.63842 62.172 75.39004 98.22259 67.63829 63.27454 87.46299 73.03915 50.61017 69.59593 85.31 x 81.04719 69.48319 78.43064 79.97951 91.66157 50.07764 53.88943 75.17757 63.71781 77.58728 79.19656 84.41877 79.08209 80.97829 59.73281 85.67825 73.46059 86.82146 72.06259 91.25955 92.99747 78.29361 80.57798 85.69403 58.47372 60.84963 88.37843 93.00386 59.05476 53.45668
84.86179 84.46525 69.83878 78.91636 90.02024 79.36461 52.9127 93.15387 66.33911 94.99959 64.16613 93.24845 98.94479 89.14236 62.72135 56.52992 86.68017 94.35821 74.61333 81.04719 x 78.26874 81.63526 70.01917 52.69903 97.70249 66.01612 76.47044 93.07497 51.5052 63.36153 83.98027 84.81963 53.38809 98.02418 70.31965 74.27954 95.83762 77.19024 71.70484 70.46396 61.00783 82.04893 55.98335 66.36948 93.47303 70.372 74.90053 84.60126 69.60452
57.25847 58.62897 54.80101 96.18291 57.84842 91.93104 98.22739 88.7924 80.36283 94.76105 80.82564 51.07685 87.33855 65.61031 50.2147 65.54655 77.1899 63.60396 85.70025 69.48319 78.26874 x 93.8569 59.34222 90.44485 64.5808 75.32829 88.09459 82.64267 x 56.78911 90.77296 66.59089 75.55659 60.31673 74.92844 89.53582 57.89441 52.5446 71.47595 57.57854 73.13466 50.33103 x 88.91584 82.54169 92.06287 95.37408 57.46825 x
78.49343 67.00106 63.58767 52.33557 95.67316 76.32532 97.69461 90.37553 88.24904 95.26666 53.11495 68.59849 82.65841 97.10858 81.23785 51.67805 58.17018 76.85233 68.49758 78.43064 81.63526 93.8569 x 54.18473 66.23496 76.66736 54.34628 80.61684 55.77525 60.04227 85.03186 56.75392 50.47473 75.18262 81.9017 83.11836 68.07602 65.21735 53.73344 76.72201 58.09465 77.00928 71.42099 95.6298 72.27734 89.68509 56.95177 71.2098 63.21366 56.77478
61.19843 53.7113 89.74054 95.05858 80.27295 72.65173 83.34062 67.83513 80.76552 81.88781 96.60834 73.12351 75.49788 68.51707 86.5539 74.97655 59.37116 51.21969 84.11717 79.97951 70.01917 59.34222 54.18473 x 72.17213 69.60648 72.82926 63.08335 63.64009 59.65725 97.0025 77.72422 80.09832 56.39677 58.2579 92.35735 64.57304 52.02065 60.07067 61.77018 61.76162 x 87.24074 70.91233 95.13475 81.57501 95.96931 83.64072 68.4303 70.93034
90.65592 92.48513 71.87368 89.06594 64.82438 59.63769 70.02841 65.84978 91.63698 63.36381 95.0126 90.63235 83.31328 85.23026 90.84231 83.1368 90.39765 62.38674 89.99588 91.66157 52.69903 90.44485 66.23496 72.17213 x 96.09996 x 80.62796 77.58497 70.54343 69.54027 77.47535 89.31904 59.73625 69.56525 69.00659 77.58084 79.60501 69.84167 81.16747 64.88487 80.87218 92.92096 88.70529 56.32864 75.97739 55.10023 50.81774 74.5309 x
93.20782 63.9729 96.0728 88.80947 93.95958 62.18287 69.17446 85.6807 62.7225 79.54712 54.77615 88.21249 51.02411 58.58661 x 89.43864 69.68173 94.52033 92.42017 50.07764 97.70249 64.5808 76.66736 69.60648 96.09996 x 57.15521 73.68528 84.82987 61.70107 70.2837 63.91552 88.95923 60.70493 82.19262 54.5061 92.3059 88.30175 68.8864 68.06811 69.46206 55.58397 81.60413 85.45512 77.30176 58.28369 51.14422 94.24419 57.50352 52.21324
85.48114 54.66553 57.59853 84.60435 x 86.03631 69.04231 67.18778 52.56258 55.59647 90.78744 58.8954 85.38373 64.38983 50.82619 93.90849 86.1063 92.67786 68.35569 53.88943 66.01612 75.32829 54.34628 72.82926 x 57.15521 x 89.51959 81.49866 97.11999 55.78498 91.99768 75.14296 94.51451 82.63299 85.03233 67.0479 50.01623 92.37754 82.5691 58.61911 78.7622 57.62382 50.89363 64.04689 86.00124 78.40818 52.89517 64.88477 93.42092
68.21889 83.85219 83.61773 94.4501 51.78191 65.85969 71.61222 86.33541 68.19616 95.35149 x 87.53425 62.47731 65.89508 57.26997 77.99265 70.35676 93.39324 61.64996 75.17757 76.47044 88.09459 80.61684 63.08335 80.62796 73.68528 89.51959 x 76.51709 x 98.39801 95.67492 68.60447 x 81.27524 x 90.74822 68.82559 74.60614 69.24149 61.68565 x 82.7999 58.60411 89.54714 63.68169 57.6062 65.98341 74.19004 66.05337
94.50861 66.02095 63.50156 98.71986 68.17223 58.92696 x 61.70444 88.36759 x 69.6049 77.46486 58.79133 61.59026 54.55378 65.94818 86.82965 89.73982 77.43967 63.71781 93.07497 82.64267 55.77525 63.64009 77.58497 84.82987 81.49866 76.51709 x 54.14761 71.21061 70.3848 75.69121 55.23896 89.1284 98.73533 64.68437 76.36751 54.18958 87.79248 93.43474 97.19713 90.15859 96.26438 86.91319 51.04666 92.97913 56.26743 71.09072 93.80472
85.67442 71.54489 87.05804 75.83453 98.89235 96.67278 95.08981 81.47548 60.69991 63.18172 69.17755 52.90788 57.72956 94.58147 95.13911 92.54335 78.25836 58.19231 56.19159 77.58728 51.5052 x 60.04227 59.65725 70.54343 61.70107 97.11999 x 54.14761 x 91.21119 97.45829 73.95255 53.35413 86.68858 97.27738 75.67018 83.81537 74.41353 88.71486 82.66894 98.1195 92.93222 72.74617 59.64256 80.07424 53.86308 63.53486 82.21364 66.6922
x 89.89818 58.72112 65.93801 75.13507 66.738 87.27147 68.71122 82.56014 73.84371 52.0016 97.76911 73.79748 96.13421 67.20376 71.05229 60.93171 93.22841 81.72276 79.19656 63.36153 56.78911 85.03186 97.0025 69.54027 70.2837 55.78498 98.39801 71.21061 91.21119 x 71.72503 69.29578 89.2512 97.59381 62.42598 93.67258 62.61679 60.12339 59.62403 84.44003 51.57404 51.53838 x 80.21722 59.85938 58.60041 61.08152 59.54509 59.38586
77.74848 76.1193 66.88591 82.44603 x 95.31364 98.5507 70.74135 98.51286 90.26584 91.42433 96.64663 69.05453 56.90041 69.27076 91.06129 59.28018 62.6052 73.98462 84.41877 83.98027 90.77296 56.75392 77.72422 77.47535 63.91552 91.99768 95.67492 70.3848 97.45829 71.72503 x 74.76332 66.62683 98.44221 92.86737 92.4868 51.33264 58.1843 83.15743 55.61218 79.36557 74.35907 95.00615 65.8285 73.3465 77.06423 89.75317 53.05525 63.97018
69.82822 53.98935 91.31585 91.44914 87.6306 66.09215 84.84443 83.25872 77.0988 71.16245 93.37808 81.45093 94.63855 92.10205 91.08868 75.02131 51.98703 x 52.80554 79.08209 84.81963 66.59089 50.47473 80.09832 89.31904 88.95923 75.14296 68.60447 75.69121 73.95255 69.29578 74.76332 x 59.30861 62.91515 66.39485 52.12754 x 50.02047 56.2675 57.51069 55.47059 72.05921 93.5727 89.45339 83.19057 76.69671 79.17791 82.7479 63.49903
65.24277 66.96305 60.05404 55.86674 98.1785 57.27542 56.03863 65.00533 59.85878 54.17503 88.72421 52.41889 79.29614 72.90949 76.96563 80.85315 81.1207 64.17757 87.97088 80.97829 53.38809 75.55659 75.18262 56.39677 59.73625 60.70493 94.51451 x 55.23896 53.35413 89.2512 66.62683 59.30861 x x 87.11344 53.21701 53.07789 62.50418 63.95715 55.77342 69.36545 55.60188 59.63368 89.19406 80.52568 70.26294 57.69912 95.20969 75.73477
83.11704 96.43193 90.22347 89.26249 54.47591 94.96798 88.58431 73.9411 87.54021 90.63127 52.48102 62.71204 78.58099 51.94507 50.86587 96.48977 66.19265 50.02692 75.35745 59.73281 98.02418 60.31673 81.9017 58.2579 69.56525 82.19262 82.63299 81.27524 89.1284 86.68858 97.59381 98.44221 62.91515 x x 61.97268 74.81657 70.59516 70.68977 93.17378 79.33204 55.77534 64.91438 95.25344 62.78735 70.0763 88.48919 78.88005 82.42603 83.04133
55.60964 92.08541 85.65351 53.50464 80.02573 81.17027 60.39128 63.45421 75.38362 78.20736 76.51781 84.68542 86.51791 83.4543 62.93779 59.87856 83.6301 54.20356 82.4551 85.67825 70.31965 74.92844 83.11836 92.35735 69.00659 54.5061 85.03233 x 98.73533 97.27738 62.42598 92.86737 66.39485 87.11344 61.97268 x 67.38321 98.22461 71.78925 94.10006 x 61.50979 88.12957 51.32183 93.27313 86.28786 63.65468 55.76708 53.78124 61.35995
x 59.19523 70.16018 69.60282 63.20312 89.03776 94.95237 66.26849 84.66812 x 80.68595 70.26591 50.88404 60.54357 78.78068 77.41178 60.1837 61.5699 78.25794 73.46059 74.27954 89.53582 68.07602 64.57304 77.58084 92.3059 67.0479 90.74822 64.68437 75.67018 93.67258 92.4868 52.12754 53.21701 74.81657 67.38321 x 67.81765 88.54935 89.63645 58.5865 81.68112 87.8006 79.57685 90.47057 92.08844 91.4043 59.4119 74.44782 82.17865
86.85032 x 88.40858 84.75492 65.25635 x 74.82199 69.29646 91.75205 61.62872 89.08162 76.50857 67.57105 88.12185 73.88508 57.5153 81.2268 53.62202 82.60303 86.82146 95.83762 57.89441 65.21735 52.02065 79.60501 88.30175 50.01623 68.82559 76.36751 83.81537 62.61679 51.33264 x 53.07789 70.59516 98.22461 67.81765 x 74.95886 98.00071 56.5114 74.57299 64.60213 66.52423 55.04682 88.40676 63.83969 x 69.58277 73.83132
86.69126 95.64806 82.81482 92.74224 56.48726 95.8309 55.86947 79.98275 63.16556 50.81231 80.3542 50.29773 50.67209 56.67511 73.46625 94.04189 86.87648 70.84175 94.73422 72.06259 77.19024 52.5446 53.73344 60.07067 69.84167 68.8864 92.37754 74.60614 54.18958 74.41353 60.12339 58.1843 50.02047 62.50418 70.68977 71.78925 88.54935 74.95886 x 69.85742 84.80943 74.78497 93.75465 93.69822 91.24969 97.57744 58.7977 73.22352 62.13118 87.23157
61.16156 x 71.96495 60.05517 66.65577 73.46421 90.98951 73.28897 96.39532 52.74627 68.51655 x 94.38072 69.5506 93.32671 75.05738 54.8505 67.76272 69.61106 91.25955 71.70484 71.47595 76.72201 61.77018 81.16747 68.06811 82.5691 69.24149 87.79248 88.71486 59.62403 83.15743 56.2675 63.95715 93.17378 94.10006 89.63645 98.00071 69.85742 x 94.03718 63.08595 83.44303 50.01245 72.17855 57.18852 53.99363 92.4607 64.29143 54.70456
69.1196 75.86251 87.16925 82.65357 79.28412 50.00159 50.6257 77.30127 73.94183 57.10415 81.41841 54.83762 58.99026 61.87875 81.26285 87.11753 95.33582 67.52187 97.26235 92.99747 70.46396 57.57854 58.09465 61.76162 64.88487 69.46206 58.61911 61.68565 93.43474 82.66894 84.44003 55.61218 57.51069 55.77342 79.33204 x 58.5865 56.5114 84.80943 94.03718 x 78.47509 57.36257 58.63989 98.02877 58.21619 89.69993 88.41807 65.59259 68.79178
93.33987 73.7293 53.03505 64.38823 94.79487 84.43923 86.9602 64.61931 90.53741 50.35371 95.61483 98.91891 77.53267 93.47146 82.19939 80.00653 56.77594 93.06875 91.23566 78.29361 61.00783 73.13466 77.00928 x 80.87218 55.58397 78.7622 x 97.19713 98.1195 51.57404 79.36557 55.47059 69.36545 55.77534 61.50979 81.68112 74.57299 74.78497 63.08595 78.47509 x 63.27921 71.38624 63.90367 78.52132 98.86997 78.50639 91.17555 69.44809
71.36628 55.30722 73.84497 67.5852 64.46747 57.99641 82.78367 56.85203 65.48306 81.94232 x 60.25339 54.66503 83.34539 59.74946 66.56797 83.5257 68.4142 58.31567 80.57798 82.04893 50.33103 71.42099 87.24074 92.92096 81.60413 57.62382 82.7999 90.15859 92.93222 51.53838 74.35907 72.05921 55.60188 64.91438 88.12957 87.8006 64.60213 93.75465 83.44303 57.36257 63.27921 x 90.92885 80.58567 95.63462 68.42587 53.42093 64.93435 88.32075
57.51581 92.86366 82.85254 62.89996 70.83946 55.97953 57.26519 89.38582 70.32817 53.07878 60.06704 74.47558 70.68215 84.62902 75.80112 90.54004 89.51472 67.86098 71.71767 85.69403 55.98335 x 95.6298 70.91233 88.70529 85.45512 50.89363 58.60411 96.26438 72.74617 x 95.00615 93.5727 59.63368 95.25344 51.32183 79.57685 66.52423 93.69822 50.01245 58.63989 71.38624 90.92885 x 65.17181 77.72719 73.27468 90.46724 82.49649 95.07306
x 50.40952 81.4586 95.07749 54.6693 62.21852 72.45479 62.53128 55.89059 68.27943 80.26914 83.41898 87.81201 56.19186 68.15572 94.26174 54.01676 63.42885 70.06737 58.47372 66.36948 88.91584 72.27734 95.13475 56.32864 77.30176 64.04689 89.54714 86.91319 59.64256 80.21722 65.8285 89.45339 89.19406 62.78735 93.27313 90.47057 55.04682 91.24969 72.17855 98.02877 63.90367 80.58567 65.17181 x 55.64412 57.40689 87.38076 89.84674 96.2614
56.80645 84.49 64.30827 97.5504 x 67.54966 83.06854 97.1692 73.23021 82.5792 81.89677 59.15238 x 76.54839 68.52749 77.8727 53.21328 80.77786 63.04492 60.84963 93.47303 82.54169 89.68509 81.57501 75.97739 58.28369 86.00124 63.68169 51.04666 80.07424 59.85938 73.3465 83.19057 80.52568 70.0763 86.28786 92.08844 88.40676 97.57744 57.18852 58.21619 78.52132 95.63462 77.72719 55.64412 x 50.19152 56.22675 70.8534 78.90654
72.52291 86.57367 50.16994 67.796 61.70047 80.92828 82.66745 59.93716 78.43167 57.62974 68.28326 98.36591 52.55706 76.11851 76.9391 63.22617 64.86796 94.738 84.32248 88.37843 70.372 92.06287 56.95177 95.96931 55.10023 51.14422 78.40818 57.6062 92.97913 53.86308 58.60041 77.06423 76.69671 70.26294 88.48919 63.65468 91.4043 63.83969 58.7977 53.99363 89.69993 98.86997 68.42587 73.27468 57.40689 50.19152 x 70.75893 90.51091 96.23091
x 79.35378 57.28011 67.21197 92.7624 86.79691 97.33603 98.97991 95.06471 96.18645 x 50.44645 89.52805 87.56748 74.13477 58.16931 84.28186 51.29727 98.9466 93.00386 74.90053 95.37408 71.2098 83.64072 50.81774 94.24419 52.89517 65.98341 56.26743 63.53486 61.08152 89.75317 79.17791 57.69912 78.88005 55.76708 59.4119 x 73.22352 92.4607 88.41807 78.50639 53.42093 90.46724 87.38076 56.22675 70.75893 x 96.95351 71.2659
71.01384 86.53453 94.2905 55.98803 96.26998 55.79266 86.43535 62.65325 61.56189 76.68238 54.21667 53.58092 80.69824 95.49656 88.13953 87.4677 92.51122 56.77407 57.73414 59.05476 84.60126 57.46825 63.21366 68.4303 74.5309 57.50352 64.88477 74.19004 71.09072 82.21364 59.54509 53.05525 82.7479 95.20969 82.42603 53.78124 74.44782 69.58277 62.13118 64.29143 65.59259 91.17555 64.93435 82.49649 89.84674 70.8534 90.51091 96.95351 x 93.09774
85.21808 x 58.58588 89.34521 88.54071 71.05419 69.87803 54.45783 59.85159 52.98474 x 86.32216 62.31894 80.89448 67.52361 91.43229 x 77.45869 x 53.45668 69.60452 x 56.77478 70.93034 x 52.21324 93.42092 66.05337 93.80472 66.6922 59.38586 63.97018 63.49903 75.73477 83.04133 61.35995 82.17865 73.83132 87.23157 54.70456 68.79178 69.44809 88.32075 95.07306 96.2614 78.90654 96.23091 71.2659 93.09774 x