50
25
0 1 2 3 4 5 6 7 8 9 10 11 12 13 14 15 16 17 18 19 20 21 22 23 24 25 26 27 28 29 30 31 32 33 34 35 36 37 38 39 40 41 42 43 44 45 46 47 48 49
16 41 39 2 49 36 38 26 6 40 30 7 48 3 24 23 28 47 20 4 42 11 5 29 45
0
x x 84.99506 63.67985 79.44233 92.37203 70.96797 61.592 96.25628 64.84011 62.85629 62.53954 58.33528 88.9862 52.24338 67.6611 50.64474 77.24095 62.72697 70.46466 x 67.98317 83.28551 52.40541 51.53638 75.2862 57.51616 91.26172 57.49526 74.75341 78.29683 90.08229 95.90382 72.52317 68.67586 64.69073 78.71509 65.01548 77.96849 97.41281 x 93.69273 74.93095 74.71842 93.72779 61.70853 88.6013 79.46167 x 77.63583
x x 58.68521 55.93876 x 86.51728 86.20112 x 54.77764 84.04672 98.96076 98.93729 63.16553 74.73841 50.78545 91.48339 87.92679 88.58814 60.41836 58.11635 94.07289 60.30311 61.02731 88.5696 82.19268 61.82035 92.29597 84.45285 96.67428 54.7073 60.67713 79.59322 59.32901 60.54005 72.80807 50.89485 96.87094 67.14775 93.11033 65.6254 60.79015 80.22194 90.78035 85.47597 98.95891 75.15819 93.0254 69.63902 91.15523 76.67226
84.99506 58.68521 x 79.63261 70.27938 95.85817 93.50274 72.42106 62.26579 93.89 69.00717 58.22122 75.81063 60.02948 80.65428 64.33483 79.15716 74.00198 63.37562 95.53745 71.44063 80.23929 62.1825 87.32974 95.04641 96.91006 77.93383 79.43501 61.24703 69.85396 60.55463 66.57171 75.26179 56.55343 55.37718 65.83464 58.06121 96.4414 71.39694 70.92235 83.3534 62.34169 93.58327 68.36649 56.74005 71.6119 95.24819 82.18684 66.04679 x
63.67985 55.93876 79.63261 x 88.08387 95.12884 60.91766 89.10413 95.0312 56.02795 82.61697 91.06193 81.04329 62.78579 97.77908 56.99173 82.1168 62.79173 81.84628 57.06449 79.79507 54.34652 52.12626 55.47451 74.49815 54.95677 64.36522 88.1918 75.00994 95.19405 60.464 97.15821 81.11511 79.71756 71.68938 52.98939 60.48347 85.32376 80.98107 93.74956 57.919 51.81594 95.71687 60.3646 73.48133 90.27119 x 58.53752 89.15136 59.98923
79.44233 x 70.27938 88.08387 x 59.81329 79.33752 81.79216 96.23817 91.41862 78.54861 91.64328 76.88913 68.6788 50.38529 96.03233 50.12119 86.28009 97.40152 70.31576 79.05955 98.42267 53.78724 95.01264 96.77757 91.755 93.25568 93.5944 64.18509 63.3162 76.21871 92.96756 96.7509 56.57852 70.11153 58.45289 x 97.64662 86.95283 75.20617 83.04623 67.68925 53.82766 x 61.02207 78.09515 66.95715 80.55074 53.81699 98.10587
92.37203 86.51728 95.85817 95.12884 59.81329 x 95.2472 62.56303 84.80964 87.5404 98.03095 83.92861 76.73317 94.27711 91.80153 75.37804 x 56.88814 69.96401 91.00343 56.61236 78.06763 72.85007 61.89957 66.44678 92.95254 83.82151 94.59146 73.1847 66.13658 58.14243 51.19339 x 60.19853 76.01303 74.28699 94.48015 87.23265 52.1172 86.90481 75.59578 95.68588 50.99961 69.50123 65.88504 80.17264 98.25031 73.13134 71.12534 90.43958
70.96797 86.20112 93.50274 60.91766 79.33752 95.2472 x 67.68983 90.33234 93.1542 74.76707 87.03403 52.48773 55.38007 60.92482 70.90233 84.56438 98.88533 79.2386 61.28493 x 70.46488 95.89219 90.02968 67.69412 51.98289 61.44601 59.52987 90.11366 69.28533 74.44034 87.99517 92.22563 x 52.96796 52.79781 64.44491 67.81056 71.97861 56.06201 91.69454 57.92636 78.77173 84.53078 86.54337 97.72577 96.55555 85.58794 98.76695 78.81453
61.592 x 72.42106 89.10413 81.79216 62.56303 67.68983 x 62.60413 66.71571 57.52725 86.738 65.37308 51.28991 84.19854 62.15345 63.10034 81.02326 65.41186 94.11267 60.93202 96.79602 66.83448 90.05955 85.52086 71.63974 81.33607 78.10992 78.04837 78.81424 63.46549 52.67854 64.36457 78.64135 96.80904 62.3265 68.54367 x 81.12546 74.96634 94.68497 88.19154 92.06717 73.63423 59.35796 75.63522 52.97165 72.73908 70.52987 84.08427
96.25628 54.77764 62.26579 95.0312 96.23817 84.80964 90.33234 62.60413 x 57.7259 66.86533 63.75224 81.53078 63.84843 62.72174 85.52064 61.90983 75.61128 81.98446 77.62878 89.48485 89.85111 57.42143 79.90454 81.52819 56.86151 63.95505 80.61829 62.07652 97.1796 55.12347 95.05954 88.23444 61.26823 76.34819 84.32997 88.79401 68.98822 84.18944 x 84.27053 51.37051 50.9732 97.87863 70.13058 96.42191 87.81176 x 83.19195 84.23182
64.84011 84.04672 93.89 56.02795 91.41862 87.5404 93.1542 66.71571 57.7259 x 71.63372 65.27871 77.08111 76.56904 70.02418 71.14796 80.12378 97.11834 62.56445 66.73512 x 98.0897 54.99724 94.60005 59.75179 72.08257 95.56885 68.76152 85.34362 67.15765 x 55.13478 91.30046 53.41652 65.56554 81.20598 58.46258 76.78123 98.62468 96.19434 91.96473 78.61523 58.91957 56.13176 81.04923 84.4664 x 97.22816 70.15196 70.48606
62.85629 98.96076 69.00717 82.61697 78.54861 98.03095 74.76707 57.52725 66.86533 71.63372 x 50.81623 51.97945 97.18685 67.30232 92.93736 86.66268 78.33424 56.37383 60.23569 73.81471 x 66.67972 98.25057 51.89699 91.44226 87.93797 96.68051 60.69883 69.27301 60.47788 53.50719 70.27204 79.24135 67.74177 98.37967 87.41529 65.24832 57.85384 57.02506 81.95919 61.68144 80.85865 84.31179 61.29439 96.47848 75.79695 51.90653 82.10397 x
62.53954 98.93729 58.22122 91.06193 91.64328 83.92861 87.03403 86.738 63.75224 65.27871 50.81623 x 91.54449 51.8456 x 64.34184 x 50.10621 73.26445 74.2773 92.54847 74.85039 89.76461 50.60944 81.00145 62.35632 90.42705 97.78593 54.33577 67.60171 60.55788 52.67726 66.86859 53.45983 54.50167 51.82378 89.50615 55.182 50.61215 51.70309 75.43925 74.09568 58.16695 54.85736 69.37388 88.1413 68.83933 73.37411 59.03521 50.57274
58.33528 63.16553 75.81063 81.04329 76.88913 76.73317 52.48773 65.37308 81.53078 77.08111 51.97945 91.54449 x 81.99368 59.98968 87.11586 59.39428 60.02048 90.6977 94.89381 93.60436 76.52842 97.25945 65.90455 55.8796 73.88603 88.62814 61.73523 61.56771 90.62266 60.18419 95.05661 85.24156 50.98921 74.96794 64.18633 69.6957 94.32562 94.9767 82.06082 97.02862 80.43039 91.2005 52.5149 97.84055 61.43469 80.79442 56.20289 61.44374 91.61079
88.9862 74.73841 60.02948 62.78579 68.6788 94.27711 55.38007 51.28991 63.84843 76.56904 97.18685 51.8456 81.99368 x 51.7073 67.15618 72.47343 90.21202 60.33674 66.71295 62.12097 52.61839 68.2231 91.11193 74.29906 87.80696 55.5105 80.92543 61.64659 66.67303 90.81482 75.59533 84.48366 87.20705 59.86527 69.52499 77.79446 98.91741 54.78088 79.10958 94.60053 74.72484 83.1992 59.34625 76.29604 73.58974 81.10273 67.03304 95.97656 66.81538
52.24338 50.78545 80.65428 97.77908 50.38529 91.80153 60.92482 84.19854 62.72174 70.02418 67.30232 x 59.98968 51.7073 x 56.95523 59.57575 67.35399 92.71001 68.25346 62.39328 75.17971 76.60903 89.26999 70.46784 85.07751 92.36416 76.80264 60.12797 68.58226 50.2104 92.84691 76.90409 x 90.28061 74.66772 97.83686 97.08191 65.54765 78.62737 53.77188 78.25038 55.20404 77.82661 53.77501 95.4144 71.64938 55.59225 x 88.92211
67.6611 91.48339 64.33483 56.99173 96.03233 75.37804 70.90233 62.15345 85.52064 71.14796 92.93736 64.34184 87.11586 67.15618 56.95523 x 89.07725 65.16527 83.85975 97.72142 74.26536 98.18281 58.72397 91.63756 84.09779 75.97317 56.93659 86.64983 54.96338 54.35187 70.0704 70.11477 59.3119 82.48814 83.62677 71.25509 77.96379 79.59014 83.03253 55.2431 73.37856 64.1788 54.96427 59.62487 93.35019 95.69881 57.41974 76.39395 77.38178 65.92045
50.64474 87.92679 79.15716 82.1168 50.12119 x 84.56438 63.10034 61.90983 80.12378 86.66268 x 59.39428 72.47343 59.57575 89.07725 x 81.44754 77.51771 96.28667 94.45874 61.22663 72.8897 54.91224 60.85174 x 90.57859 85.87704 82.41294 96.34271 56.04881 57.00006 53.76958 62.81843 x 96.88444 67.49966 85.71862 58.33071 61.26541 61.17353 54.12385 67.19993 75.86231 76.57511 77.1882 61.78867 69.59996 89.34512 67.39669
77.24095 88.58814 74.00198 62.79173 86.28009 56.88814 98.88533 81.02326 75.61128 97.11834 78.33424 50.10621 60.02048 90.21202 67.35399 65.16527 81.44754 x 98.08661 54.22974 73.50104 95.20964 70.19317 62.79298 74.01151 57.60686 93.72989 80.33435 72.11 73.6727 78.40486 52.73105 70.93656 80.5481 90.1062 90.80636 90.66745 50.32005 61.47381 61.39932 93.06304 89.29735 97.49533 73.58923 63.88762 50.12804 88.34608 60.14544 69.61939 60.84942
62.72697 60.41836 63.37562 81.84628 97.40152 69.96401 79.2386 65.41186 81.98446 62.56445 56.37383 73.26445 90.6977 60.33674 92.71001 83.85975 77.51771 98.08661 x 52.41535 75.49529 62.30655 53.67771 x 51.92382 51.46658 69.80452 97.62224 51.67923 90.0524 97.33889 82.47806 60.63103 66.50311 68.568 77.26258 90.96297 68.10517 90.83863 83.66384 51.65675 66.73042 93.12034 84.90146 79.96769 75.9781 79.28109 93.33353 84.09647 73.85323
70.46466 58.11635 95.53745 57.06449 70.31576 91.00343 61.28493 94.11267 77.62878 66.73512 60.23569 74.2773 94.89381 66.71295 68.25346 97.72142 96.28667 54.22974 52.41535 x 69.70003 86.83708 74.66447 71.3337 61.43587 53.73859 86.75493 65.62233 90.21454 52.78879 89.40226 82.07105 92.26113 73.66785 91.89436 91.0654 85.93211 56.22765 78.79116 70.17889 82.30868 95.49639 73.62824 85.46331 60.00269 94.11936 87.91014 90.67195 66.24949 53.19779
x 94.07289 71.44063 79.79507 79.05955 56.61236 x 60.93202 89.48485 x 73.81471 92.54847 93.60436 62.12097 62.39328 74.26536 94.45874 73.50104 75.49529 69.70003 x 90.10536 61.38004 x 64.76642 83.97465 73.00532 64.32805 67.89298 55.48496 69.55201 66.06922 66.44702 78.19609 94.68193 85.71211 64.66627 74.04508 98.82007 50.60317 80.16146 71.91176 69.03653 61.68459 79.10258 77.37276 64.63976 59.38595 52.53781 71.16043
67.98317 60.30311 80.23929 54.34652 98.42267 78.06763 70.46488 96.79602 89.85111 98.0897 x 74.85039 76.52842 52.61839 75.17971 98.18281 61.22663 95.20964 62.30655 86.83708 90.10536 x 87.17938 95.73416 75.89507 81.71763 69.15588 85.24152 x 63.17982 60.94068 63.31164 94.57645 62.88567 91.40689 94.36159 91.94477 53.82735 74.08685 x 59.06158 66.54314 65.77724 81.40543 70.33334 63.00203 67.03648 76.60488 71.95999 85.18951
83.28551 61.02731 62.1825 52.12626 53.78724 72.85007 95.89219 66.83448 57.42143 54.99724 66.67972 89.76461 97.25945 68.2231 76.60903 58.72397 72.8897 70.19317 53.67771 74.66447 61.38004 87.17938 x 83.7579 66.4346 76.13695 79.41236 88.34786 81.00123 87.16368 68.62373 55.1497 73.22166 58.71701 98.79588 61.92204 89.44895 89.12473 86.59965 92.56948 53.58426 78.81221 63.8859 71.54381 91.88001 85.15713 97.96869 54.4642 70.81021 84.16517
52.40541 88.5696 87.32974 55.47451 95.01264 61.89957 90.02968 90.05955 79.90454 94.60005 98.25057 50.60944 65.90455 91.11193 89.26999 91.63756 54.91224 62.79298 x 71.3337 x 95.73416 83.7579 x 97.7928 78.06263 95.34261 x 58.16044 91.13169 65.86994 83.99926 51.20044 98.88537 81.36332 85.50372 90.72315 65.08699 58.01303 81.35977 50.13371 74.65546 53.88184 71.10832 51.36901 62.63708 84.34465 61.89405 73.08572 65.20384
51.53638 82.19268 95.04641 74.49815 96.77757 66.44678 67.69412 85.52086 81.52819 59.75179 51.89699 81.00145 55.8796 74.29906 70.46784 84.09779 60.85174 74.01151 51.92382 61.43587 64.76642 75.89507 66.4346 97.7928 x 75.69441 60.44641 66.51883 81.29035 68.03273 61.33066 59.39469 59.37567 53.95375 53.0593 96.39336 66.96787 91.52918 83.55875 69.58728 57.61942 86.89854 88.29395 90.51083 83.57464 60.13315 94.10257 89.83033 81.70277 62.74978
75.2862 61.82035 96.91006 54.95677 91.755 92.95254 51.98289 71.63974 56.86151 72.08257 91.44226 62.35632 73.88603 87.80696 85.07751 75.97317 x 57.60686 51.46658 53.73859 83.97465 81.71763 76.13695 78.06263 75.69441 x 80.63224 59.60482 98.46884 54.83379 85.11189 74.57912 71.32002 81.11045 65.65045 83.94239 77.78013 57.77037 61.72066 75.23732 67.60892 83.68837 66.86675 72.98314 68.61462 93.02551 69.83444 75.68242 66.31203 65.18812
57.51616 92.29597 77.93383 64.36522 93.25568 83.82151 61.44601 81.33607 63.95505 95.56885 87.93797 90.42705 88.62814 55.5105 92.36416 56.93659 90.57859 93.72989 69.80452 86.75493 73.00532 69.15588 79.41236 95.34261 60.44641 80.63224 x 98.36322 85.11784 52.17672 59.83824 71.68778 84.5153 62.36909 70.63444 93.43601 71.01211 70.88125 64.48503 55.91907 72.38558 58.34942 90.83665 72.98401 95.01262 57.77315 x x 60.49389 95.06722
91.26172 84.45285 79.43501 88.1918 93.5944 94.59146 59.52987 78.10992 80.61829 68.76152 96.68051 97.78593 61.73523 80.92543 76.80264 86.64983 85.87704 80.33435 97.62224 65.62233 64.32805 85.24152 88.34786 x 66.51883 59.60482 98.36322 x 85.82502 60.05197 88.78462 60.86509 53.01398 97.35497 86.79556 66.7098 96.68918 79.38616 67.12418 70.13216 66.72545 75.83525 95.91074 77.32755 59.62041 76.6041 61.23376 78.60332 54.52104 83.46559
57.49526 96.67428 61.24703 75.00994 64.18509 73.1847 90.11366 78.04837 62.07652 85.34362 60.69883 54.33577 61.56771 61.64659 60.12797 54.96338 82.41294 72.11 51.67923 90.21454 67.89298 x 81.00123 58.16044 81.29035 98.46884 85.11784 85.82502 x 58.26268 80.41478 83.23531 69.07575 58.0871 88.54073 69.66465 77.64261 96.99838 83.16891 98.70581 91.1148 55.21178 82.79599 89.43392 95.39686 88.02815 58.1257 68.93482 79.66504 92.63816
74.75341 54.7073 69.85396 95.19405 63.3162 66.13658 69.28533 78.81424 97.1796 67.15765 69.27301 67.60171 90.62266 66.67303 68.58226 54.35187 96.34271 73.6727 90.0524 52.78879 55.48496 63.17982 87.16368 91.13169 68.03273 54.83379 52.17672 60.05197 58.26268 x 51.68992 62.01708 57.86228 95.93836 59.27679 x 89.38296 95.94139 64.43325 89.04607 73.55364 57.79742 95.35245 52.68376 74.23773 88.53164 62.99302 73.5618 54.03908 x
78.29683 60.67713 60.55463 60.464 76.21871 58.14243 74.44034 63.46549 55.12347 x 60.47788 60.55788 60.18419 90.81482 50.2104 70.0704 56.04881 78.40486 97.33889 89.40226 69.55201 60.94068 68.62373 65.86994 61.33066 85.11189 59.83824 88.78462 80.41478 51.68992 x x 56.03666 78.6253 77.17861 65.22532 60.16997 51.93404 64.00086 81.44345 52.62338 94.84958 85.0973 50.99593 58.48755 59.37398 59.8171 55.34732 94.72603 70.82244
90.08229 79.59322 66.57171 97.15821 92.96756 51.19339 87.99517 52.67854 95.05954 55.13478 53.50719 52.67726 95.05661 75.59533 92.84691 70.11477 57.00006 52.73105 82.47806 82.07105 66.06922 63.31164 55.1497 83.99926 59.39469 74.57912 71.68778 60.86509 83.23531 62.01708 x x 53.83564 86.87505 x 93.83896 96.85639 53.533 76.88963 53.81082 77.23263 60.41826 86.17582 56.87834 60.95502 64.54954 71.88068 79.22259 65.41231 x
95.90382 59.32901 75.26179 81.11511 96.7509 x 92.22563 64.36457 88.23444 91.30046 70.27204 66.86859 85.24156 84.48366 76.90409 59.3119 53.76958 70.93656 60.63103 92.26113 66.44702 94.57645 73.22166 51.20044 59.37567 71.32002 84.5153 53.01398 69.07575 57.86228 56.03666 53.83564 x 83.59066 51.45196 77.02441 76.0068 71.42889 74.94509 90.02308 80.9591 67.1935 84.98706 80.41958 54.87265 81.70393 53.95895 51.64955 x 77.91487
72.52317 60.54005 56.55343 79.71756 56.57852 60.19853 x 78.64135 61.26823 53.41652 79.24135 53.45983 50.98921 87.20705 x 82.48814 62.81843 80.5481 66.50311 73.66785 78.19609 62.88567 58.71701 98.88537 53.95375 81.11045 62.36909 97.35497 58.0871 95.93836 78.6253 86.87505 83.59066 x 63.29211 52.47303 54.09662 77.00062 63.24946 53.53339 57.76604 58.41664 74.21932 51.50761 72.24 70.23463 54.01152 71.45847 85.29956 81.49792
68.67586 72.80807 55.37718 71.68938 70.11153 76.01303 52.96796 96.80904 76.34819 65.56554 67.74177 54.50167 74.96794 59.86527 90.28061 83.62677 x 90.1062 68.568 91.89436 94.68193 91.40689 98.79588 81.36332 53.0593 65.65045 70.63444 86.79556 88.54073 59.27679 77.17861 x 51.45196 63.29211 x 97.48205 84.88769 55.09745 78.83548 80.74523 62.46498 61.46247 96.3517 85.32542 86.69674 69.83834 85.32831 56.40581 58.55983 92.20753
64.69073 50.89485 65.83464 52.98939 58.45289 74.28699 52.79781 62.3265 84.32997 81.20598 98.37967 51.82378 64.18633 69.52499 74.66772 71.25509 96.88444 90.80636 77.26258 91.0654 85.71211 94.36159 61.92204 85.50372 96.39336 83.94239 93.43601 66.7098 69.66465 x 65.22532 93.83896 77.02441 52.47303 97.48205 x 62.46478 87.11005 x 88.33436 63.91376 72.84663 82.57436 52.30482 86.39271 96.94757 97.45625 79.83061 78.88687 77.7209
78.71509 96.87094 58.06121 60.48347 x 94.48015 64.44491 68.54367 88.79401 58.46258 87.41529 89.50615 69.6957 77.79446 97.83686 77.96379 67.49966 90.66745 90.96297 85.93211 64.66627 91.94477 89.44895 90.72315 66.96787 77.78013 71.01211 96.68918 77.64261 89.38296 60.16997 96.85639 76.0068 54.09662 84.88769 62.46478 x 80.44523 98.30811 54.2509 x 94.5774 61.8633 80.40867 78.39701 87.77344 65.20015 71.97222 69.16664 94.88412
65.01548 67.14775 96.4414 85.32376 97.64662 87.23265 67.81056 x 68.98822 76.78123 65.24832 55.182 94.32562 98.91741 97.08191 79.59014 85.71862 50.32005 68.10517 56.22765 74.04508 53.82735 89.12473 65.08699 91.52918 57.77037 70.88125 79.38616 96.99838 95.94139 51.93404 53.533 71.42889 77.00062 55.09745 87.11005 80.44523 x 77.18784 90.08191 93.62759 62.24962 58.00919 75.59861 74.53706 70.42826 96.61523 97.15308 x 68.12103
77.96849 93.11033 71.39694 80.98107 86.95283 52.1172 71.97861 81.12546 84.18944 98.62468 57.85384 50.61215 94.9767 54.78088 65.54765 83.03253 58.33071 61.47381 90.83863 78.79116 98.82007 74.08685 86.59965 58.01303 83.55875 61.72066 64.48503 67.12418 83.16891 64.43325 64.00086 76.88963 74.94509 63.24946 78.83548 x 98.30811 77.18784 x 92.81484 x 72.66701 93.04026 70.06015 68.35075 58.05806 55.01703 60.48538 66.03578 78.9257
97.41281 65.6254 70.92235 93.74956 75.20617 86.90481 56.06201 74.96634 x 96.19434 57.02506 51.70309 82.06082 79.10958 78.62737 55.2431 61.26541 61.39932 83.66384 70.17889 50.60317 x 92.56948 81.35977 69.58728 75.23732 55.91907 70.13216 98.70581 89.04607 81.44345 53.81082 90.02308 53.53339 80.74523 88.33436 54.2509 90.08191 92.81484 x 95.17363 69.53134 88.80857 86.58673 74.002 60.46009 89.28227 66.47296 74.0677 67.39498
x 60.79015 83.3534 57.919 83.04623 75.59578 91.69454 94.68497 84.27053 91.96473 81.95919 75.43925 97.02862 94.60053 53.77188 73.37856 61.17353 93.06304 51.65675 82.30868 80.16146 59.06158 53.58426 50.13371 57.61942 67.60892 72.38558 66.72545 91.1148 73.55364 52.62338 77.23263 80.9591 57.76604 62.46498 63.91376 x 93.62759 x 95.17363 x 84.62778 55.97942 61.64615 86.87314 77.80666 78.29207 95.8524 x 80.6896
93.69273 80.22194 62.34169 51.81594 67.68925 95.68588 57.92636 88.19154 51.37051 78.61523 61.68144 74.09568 80.43039 74.72484 78.25038 64.1788 54.12385 89.29735 66.73042 95.49639 71.91176 66.54314 78.81221 74.65546 86.89854 83.68837 58.34942 75.83525 55.21178 57.79742 94.84958 60.41826 67.1935 58.41664 61.46247 72.84663 94.5774 62.24962 72.66701 69.53134 84.62778 x 85.93702 58.9793 89.92651 66.78964 52.72457 75.7915 59.39852 60.60955
74.93095 90.78035 93.58327 95.71687 53.82766 50.99961 78.77173 92.06717 50.9732 58.91957 80.85865 58.16695 91.2005 83.1992 55.20404 54.96427 67.19993 97.49533 93.12034 73.62824 69.03653 65.77724 63.8859 53.88184 88.29395 66.86675 90.83665 95.91074 82.79599 95.35245 85.0973 86.17582 84.98706 74.21932 96.3517 82.57436 61.8633 58.00919 93.04026 88.80857 55.97942 85.93702 x 55.01842 93.92075 63.91522 77.0715 75.18555 66.70209 92.75091
74.71842 85.47597 68.36649 60.3646 x 69.50123 84.53078 73.63423 97.87863 56.13176 84.31179 54.85736 52.5149 59.34625 77.82661 59.62487 75.86231 73.58923 84.90146 85.46331 61.68459 81.40543 71.54381 71.10832 90.51083 72.98314 72.98401 77.32755 89.43392 52.68376 50.99593 56.87834 80.41958 51.50761 85.32542 52.30482 80.40867 75.59861 70.06015 86.58673 61.64615 58.9793 55.01842 x x x x x 67.50555 x
93.72779 98.95891 56.74005 73.48133 61.02207 65.88504 86.54337 59.35796 70.13058 81.04923 61.29439 69.37388 97.84055 76.29604 53.77501 93.35019 76.57511 63.88762 79.96769 60.00269 79.10258 70.33334 91.88001 51.36901 83.57464 68.61462 95.01262 59.62041 95.39686 74.23773 58.48755 60.95502 54.87265 72.24 86.69674 86.39271 78.39701 74.53706 68.35075 74.002 86.87314 89.92651 93.92075 x x 51.68356 95.09449 95.4339 93.67633 76.0126
61.70853 75.15819 71.6119 90.27119 78.09515 80.17264 97.72577 75.63522 96.42191 84.4664 96.47848 88.1413 61.43469 73.58974 95.4144 95.69881 77.1882 50.12804 75.9781 94.11936 77.37276 63.00203 85.15713 62.63708 60.13315 93.02551 57.77315 76.6041 88.02815 88.53164 59.37398 64.54954 81.70393 70.23463 69.83834 96.94757 87.77344 70.42826 58.05806 60.46009 77.80666 66.78964 63.91522 x 51.68356 x 81.92429 95.8816 71.09883 82.89246
88.6013 93.0254 95.24819 x 66.95715 98.25031 96.55555 52.97165 87.81176 x 75.79695 68.83933 80.79442 81.10273 71.64938 57.41974 61.78867 88.34608 79.28109 87.91014 64.63976 67.03648 97.96869 84.34465 94.10257 69.83444 x 61.23376 58.1257 62.99302 59.8171 71.88068 53.95895 54.01152 85.32831 97.45625 65.20015 96.61523 55.01703 89.28227 78.29207 52.72457 77.0715 x 95.09449 81.92429 x 63.26502 90.99276 67.17375
79.46167 69.63902 82.18684 58.53752 80.55074 73.13134 85.58794 72.73908 x 97.22816 51.90653 73.37411 56.20289 67.03304 55.59225 76.39395 69.59996 60.14544 93.33353 90.67195 59.38595 76.60488 54.4642 61.89405 89.83033 75.68242 x 78.60332 68.93482 73.5618 55.34732 79.22259 51.64955 71.45847 56.40581 79.83061 71.97222 97.15308 60.48538 66.47296 95.8524 75.7915 75.18555 x 95.4339 95.8816 63.26502 x 88.96652 63.65081
x 91.15523 66.04679 89.15136 53.81699 71.12534 98.76695 70.52987 83.19195 70.15196 82.10397 59.03521 61.44374 95.97656 x 77.38178 89.34512 69.61939 84.09647 66.24949 52.53781 71.95999 70.81021 73.08572 81.70277 66.31203 60.49389 54.52104 79.66504 54.03908 94.72603 65.41231 x 85.29956 58.55983 78.88687 69.16664 x 66.03578 74.0677 x 59.39852 66.70209 67.50555 93.67633 71.09883 90.99276 88.96652 x 83.20237
77.63583 76.67226 x 59.98923 98.10587 90.43958 78.81453 84.08427 84.23182 70.48606 x 50.57274 91.61079 66.81538 88.92211 65.92045 67.39669 60.84942 73.85323 53.19779 71.16043 85.18951 84.16517 65.20384 62.74978 65.18812 95.06722 83.46559 92.63816 x 70.82244 x 77.91487 81.49792 92.20753 77.7209 94.88412 68.12103 78.9257 67.39498 80.6896 60.60955 92.75091 x 76.0126 82.89246 67.17375 63.65081 83.20237 x