50
25
0 1 2 3 4 5 6 7 8 9 10 11 12 13 14 15 16 17 18 19 20 21 22 23 24 25 26 27 28 29 30 31 32 33 34 35 36 37 38 39 40 41 42 43 44 45 46 47 48 49
2 47 1 46 40 41 31 48 32 9 5 16 39 44 3 24 27 30 29 6 0 43 21 33 37
0
x 56.94085 67.81997 61.4733 83.10828 74.65812 89.88595 57.74308 96.5159 61.90798 68.23665 75.16172 58.1404 52.33174 87.19629 53.4825 55.10717 64.71637 94.66836 67.24921 84.2767 72.80221 72.04893 61.85494 97.0861 68.68511 65.92777 84.95759 80.14612 81.68802 73.65906 67.11035 63.94093 82.88071 97.3044 77.48759 61.80521 77.26557 83.26409 71.62502 80.36807 84.99708 98.16748 62.84903 63.26677 57.48745 86.30817 81.57233 56.39478 70.40783
56.94085 x 88.15557 x 83.83605 70.55522 53.7529 90.98501 90.37691 80.24296 78.44813 91.73507 79.95039 91.64195 51.72205 65.04227 94.19981 60.48555 x 95.48866 84.94426 93.4035 64.09372 85.35837 74.21399 89.96809 91.26848 72.03311 91.80446 83.66381 96.47828 97.57763 51.82838 71.91931 78.55286 68.78566 72.21559 72.06033 80.09901 56.73764 91.11514 57.82466 88.31743 70.6395 95.73778 82.72068 77.784 94.49448 74.20384 85.76576
67.81997 88.15557 x x 88.97635 64.73197 84.56936 50.06626 57.16712 x 96.40639 61.26137 93.86486 54.46403 x 57.54031 63.35306 71.26709 50.12267 65.67937 83.30875 71.23477 57.95021 52.06031 69.46803 90.51613 50.75851 67.81802 88.84428 94.61594 86.98568 86.09558 58.26993 95.07096 76.36523 59.07804 83.75935 60.51213 64.58421 98.73628 89.05041 88.93759 95.88342 74.67275 53.56548 76.53799 59.9022 x 87.22018 54.87829
61.4733 x x x 50.35464 66.91804 59.89487 59.24143 54.61471 98.33623 51.35111 79.96459 78.8367 90.15247 61.67682 87.06739 72.73649 81.67503 66.27201 68.11386 64.36642 94.24581 85.6838 90.40009 67.17014 90.1725 x 95.21392 55.92444 x 97.55618 58.17641 89.57568 78.40525 83.0928 50.07495 50.01605 56.42918 62.52375 61.47755 73.47983 51.92094 80.86065 74.53793 54.15446 90.70202 60.79376 70.26039 77.70875 92.30217
83.10828 83.83605 88.97635 50.35464 x x 94.8686 58.31529 95.28553 60.74591 95.44969 78.69966 58.03945 71.68201 58.04787 90.08095 98.84783 78.47073 73.79526 52.33491 92.87732 67.38374 96.58172 84.1011 54.78295 63.46382 74.38028 87.46837 91.54939 57.96062 94.6468 73.6752 90.13816 68.95305 93.55379 51.5544 80.17991 55.65488 56.04025 56.55659 77.90656 75.72929 84.38217 88.16015 93.80221 66.21728 81.5428 65.89652 80.47894 87.06742
74.65812 70.55522 64.73197 66.91804 x x 71.51569 61.51526 67.39569 52.02342 67.83075 56.89033 54.3032 75.64829 58.02062 92.62635 77.20438 61.18999 59.60683 79.88524 76.73241 75.07684 88.30163 84.63598 79.11098 74.44063 82.96763 59.11597 72.88668 96.45591 56.7947 93.99235 50.82925 90.71178 50.3466 57.8906 96.35342 77.39642 95.9802 53.89768 72.61388 96.05994 77.86454 57.64835 93.33697 80.12682 61.67246 90.75557 92.17762 75.12801
89.88595 53.7529 84.56936 59.89487 94.8686 71.51569 x 64.55254 x 97.60327 73.41103 72.72684 72.13292 95.38373 53.22953 59.90395 86.60242 56.47279 80.03889 92.08391 68.88249 86.15508 72.60118 72.09897 75.17558 76.42068 88.688 69.83638 50.21815 75.37951 54.84252 57.09396 60.83703 50.58385 78.88399 59.66774 59.79101 82.14805 50.08448 75.18651 51.93462 98.55575 x 71.56674 75.44117 71.15499 84.57414 84.28383 54.0054 90.15935
57.74308 90.98501 50.06626 59.24143 58.31529 61.51526 64.55254 x 74.48337 57.94453 62.37183 84.83887 61.06631 88.81538 54.8677 70.57797 86.53319 97.25532 78.49801 52.54811 73.81857 93.29472 63.3855 73.46159 51.36726 98.88282 67.27948 65.64845 95.256 64.14002 x 95.57212 70.42874 93.47289 90.18831 97.82306 81.85582 65.26836 85.92507 98.13571 95.81864 69.7727 60.75498 91.19243 66.04045 87.46454 81.11339 98.66887 63.57281 57.57462
96.5159 90.37691 57.16712 54.61471 95.28553 67.39569 x 74.48337 x 57.06763 54.39941 56.69741 90.95637 66.24102 61.88669 66.28841 83.3354 73.92253 63.2598 57.33063 54.22655 78.09659 87.86818 60.67263 x 73.56211 74.56143 x 84.41058 x x 79.42352 63.48301 63.71924 87.50446 x 97.71199 90.91104 89.34862 94.80366 80.0027 54.64127 x 72.94646 75.01743 92.36914 80.21061 x 97.16052 97.7234
61.90798 80.24296 x 98.33623 60.74591 52.02342 97.60327 57.94453 57.06763 x 59.37564 63.58124 78.59728 88.23572 73.37624 50.5049 58.82488 60.77625 89.35781 x 82.90104 86.99688 55.09667 51.78931 x 52.11536 70.72316 66.36869 71.90366 50.48578 91.34537 68.39008 92.48577 82.30671 51.72408 x 53.43449 67.88501 83.48139 x 75.74956 81.83753 79.81587 73.66899 65.18364 69.02546 77.5826 66.01598 81.16758 78.033
68.23665 78.44813 96.40639 51.35111 95.44969 67.83075 73.41103 62.37183 54.39941 59.37564 x 56.13641 95.15247 66.09474 90.96192 59.52873 90.78025 76.18764 74.45146 72.23147 84.66319 64.71257 64.96375 63.20803 72.50819 81.02421 87.17457 68.5302 56.38016 62.33439 88.52549 76.73353 56.50352 56.13395 50.11065 57.27627 68.31031 59.55843 91.41817 71.5415 62.11463 67.26168 75.69145 70.87541 78.75737 82.05107 58.9044 91.86395 59.01424 86.22474
75.16172 91.73507 61.26137 79.96459 78.69966 56.89033 72.72684 84.83887 56.69741 63.58124 56.13641 x 52.93662 86.58526 82.89156 x 62.22003 95.28878 88.94988 67.98872 92.60938 90.22592 98.87016 97.63395 92.55747 68.9445 98.08276 63.47929 71.61529 73.25853 75.25502 96.31424 52.22557 51.21933 89.12403 56.34649 76.30722 58.97842 95.58686 63.38014 60.30175 53.89672 54.98668 83.90534 79.77202 74.85483 84.78226 85.6926 76.41259 50.36506
58.1404 79.95039 93.86486 78.8367 58.03945 54.3032 72.13292 61.06631 90.95637 78.59728 95.15247 52.93662 x 80.18355 67.56018 96.56714 70.59452 68.19086 61.89333 60.41132 70.45875 97.15567 67.54647 x 69.50392 61.98895 92.69088 94.01334 74.31607 71.20056 65.55259 81.30123 91.46527 50.74735 50.09607 98.48235 x 91.88909 95.82662 75.77059 90.37693 78.64035 59.73319 88.31185 90.5435 97.61501 52.2349 93.37928 67.20689 58.08529
52.33174 91.64195 54.46403 90.15247 71.68201 75.64829 95.38373 88.81538 66.24102 88.23572 66.09474 86.58526 80.18355 x 95.71818 93.03375 59.36083 73.07465 59.38553 75.96994 91.86148 60.20559 93.26304 81.25003 71.21209 80.2698 79.15528 60.37303 70.38627 79.83533 65.22413 53.27823 55.14197 69.76288 57.13938 x 63.55351 56.86781 96.71273 68.67414 92.47824 69.52711 51.85578 76.02971 65.32562 74.86631 55.45649 92.73978 64.82918 50.35743
87.19629 51.72205 x 61.67682 58.04787 58.02062 53.22953 54.8677 61.88669 73.37624 90.96192 82.89156 67.56018 95.71818 x 82.85326 90.36709 75.5508 92.23882 56.92358 61.21744 66.25806 69.1198 64.87853 97.27404 50.44984 89.46894 74.97744 90.99648 58.38195 x 97.5893 85.3799 69.39992 69.91283 53.54897 67.9932 60.77256 71.88285 89.17039 74.28335 89.202 85.46015 x x 86.4999 50.37308 93.29438 82.18653 65.69849
53.4825 65.04227 57.54031 87.06739 90.08095 92.62635 59.90395 70.57797 66.28841 50.5049 59.52873 x 96.56714 93.03375 82.85326 x 58.74847 50.92849 82.87474 70.0646 x 89.19923 95.15778 89.16374 73.64422 65.45124 56.83505 69.13829 78.82738 89.64853 95.77368 54.09334 94.85971 91.91155 68.7955 74.78833 77.89614 93.47679 81.5197 98.50227 56.2432 58.02647 52.22205 54.15946 75.37883 x 71.70235 81.2081 85.97136 86.24241
55.10717 94.19981 63.35306 72.73649 98.84783 77.20438 86.60242 86.53319 83.3354 58.82488 90.78025 62.22003 70.59452 59.36083 90.36709 58.74847 x 69.99943 63.2796 72.01993 78.3462 71.45004 67.42033 58.47895 95.85877 82.8283 53.32481 86.13704 71.98496 91.71609 66.56327 51.33264 x 74.391 83.39016 70.32748 78.93245 56.69704 52.01041 68.30934 77.79013 97.08837 67.17258 97.50994 54.57469 65.39435 68.13273 54.14674 76.38453 83.40136
64.71637 60.48555 71.26709 81.67503 78.47073 61.18999 56.47279 97.25532 73.92253 60.77625 76.18764 95.28878 68.19086 73.07465 75.5508 50.92849 69.99943 x x 54.65842 85.27654 84.50272 62.6141 78.34148 x 72.12545 91.50131 91.95955 83.11337 70.15727 86.50539 60.49335 63.6531 53.75004 88.39435 95.83677 84.50793 92.46254 57.47438 93.22753 86.1543 78.30999 50.78341 66.64622 53.39754 93.55288 72.101 65.94535 84.65567 67.29392
94.66836 x 50.12267 66.27201 73.79526 59.60683 80.03889 78.49801 63.2598 89.35781 74.45146 88.94988 61.89333 59.38553 92.23882 82.87474 63.2796 x x 92.77184 76.29724 67.71865 x 63.87663 51.34331 64.46534 96.29342 73.85846 84.91714 75.85947 59.31518 80.7043 90.11916 97.63986 52.18527 92.84852 84.01278 79.7552 87.31219 69.92434 65.21754 82.13061 88.51795 98.61781 91.28556 74.37589 58.65743 90.10216 53.01892 71.27069
67.24921 95.48866 65.67937 68.11386 52.33491 79.88524 92.08391 52.54811 57.33063 x 72.23147 67.98872 60.41132 75.96994 56.92358 70.0646 72.01993 54.65842 92.77184 x 51.36926 69.23333 60.28975 54.07039 60.70134 71.09423 57.5715 52.37092 77.76839 98.73947 54.33892 93.54684 87.90358 72.12457 68.18766 53.68621 87.16351 76.3457 60.25272 93.01628 68.74526 55.27569 52.88046 87.51553 x 65.24257 98.75387 97.92166 65.04931 79.17758
84.2767 84.94426 83.30875 64.36642 92.87732 76.73241 68.88249 73.81857 54.22655 82.90104 84.66319 92.60938 70.45875 91.86148 61.21744 x 78.3462 85.27654 76.29724 51.36926 x 64.12651 95.36558 72.91311 83.24441 69.01953 76.87062 56.69433 98.89319 92.94534 85.10229 x 82.58608 88.82059 64.96142 59.96733 59.92714 98.67637 x x 72.78729 88.70472 93.50997 93.87454 70.90202 93.55232 55.77265 90.19707 92.06762 63.2581
72.80221 93.4035 71.23477 94.24581 67.38374 75.07684 86.15508 93.29472 78.09659 86.99688 64.71257 90.22592 97.15567 60.20559 66.25806 89.19923 71.45004 84.50272 67.71865 69.23333 64.12651 x 55.78193 63.5531 97.68389 55.48626 73.90849 79.85457 64.09663 94.76703 56.6022 60.33059 86.01373 95.48182 59.64764 88.66403 95.19546 69.39887 97.50068 96.28363 68.82479 64.7666 64.55566 93.71294 93.91694 62.03461 x 98.52349 96.57886 90.15613
72.04893 64.09372 57.95021 85.6838 96.58172 88.30163 72.60118 63.3855 87.86818 55.09667 64.96375 98.87016 67.54647 93.26304 69.1198 95.15778 67.42033 62.6141 x 60.28975 95.36558 55.78193 x 91.68839 83.10153 60.33067 62.67017 62.24309 58.68119 79.3977 x 81.41202 82.32201 x 68.95679 67.30603 92.01539 69.76506 67.81714 56.58173 93.06236 56.84606 56.45982 82.32227 97.04066 56.70694 63.83855 79.82671 64.36276 51.43111
61.85494 85.35837 52.06031 90.40009 84.1011 84.63598 72.09897 73.46159 60.67263 51.78931 63.20803 97.63395 x 81.25003 64.87853 89.16374 58.47895 78.34148 63.87663 54.07039 72.91311 63.5531 91.68839 x 81.5525 62.85667 x 65.33257 95.67482 97.8598 73.54289 60.13811 93.99032 98.31762 67.06141 52.20047 75.30085 55.48918 71.31534 69.31894 88.03218 58.41695 75.71983 70.17039 56.36018 67.78554 90.71621 89.62298 x 90.91273
97.0861 74.21399 69.46803 67.17014 54.78295 79.11098 75.17558 51.36726 x x 72.50819 92.55747 69.50392 71.21209 97.27404 73.64422 95.85877 x 51.34331 60.70134 83.24441 97.68389 83.10153 81.5525 x 58.36387 92.33689 86.55402 76.24214 72.04923 85.91496 66.7875 61.67029 79.82915 66.67636 64.617 69.47894 96.20567 61.3301 63.40064 94.40889 58.57556 71.43482 50.07793 55.0215 x 94.72571 52.60478 52.87195 92.69544
68.68511 89.96809 90.51613 90.1725 63.46382 74.44063 76.42068 98.88282 73.56211 52.11536 81.02421 68.9445 61.98895 80.2698 50.44984 65.45124 82.8283 72.12545 64.46534 71.09423 69.01953 55.48626 60.33067 62.85667 58.36387 x 92.69802 82.63583 89.66776 83.56829 82.75889 89.06659 x 50.09825 85.51541 83.31668 77.12368 59.09586 60.33309 98.35051 70.87066 60.99772 50.02918 68.01076 63.542 67.84323 88.15406 65.19019 62.5237 95.85127
65.92777 91.26848 50.75851 x 74.38028 82.96763 88.688 67.27948 74.56143 70.72316 87.17457 98.08276 92.69088 79.15528 89.46894 56.83505 53.32481 91.50131 96.29342 57.5715 76.87062 73.90849 62.67017 x 92.33689 92.69802 x 66.06696 72.80767 93.61934 92.90851 74.05378 56.20956 70.56899 70.81686 96.05687 71.6835 67.33178 89.73798 67.21316 51.37712 66.12696 55.3494 55.50036 92.7384 78.26252 89.74767 x 77.86499 89.88776
84.95759 72.03311 67.81802 95.21392 87.46837 59.11597 69.83638 65.64845 x 66.36869 68.5302 63.47929 94.01334 60.37303 74.97744 69.13829 86.13704 91.95955 73.85846 52.37092 56.69433 79.85457 62.24309 65.33257 86.55402 82.63583 66.06696 x 75.08746 59.12557 71.07445 58.24638 90.66175 75.67284 51.56574 62.70047 81.11493 82.98188 79.84001 76.15626 61.28006 60.00287 92.00887 59.47472 54.47654 60.68899 53.06358 93.85126 96.68693 88.86009
80.14612 91.80446 88.84428 55.92444 91.54939 72.88668 50.21815 95.256 84.41058 71.90366 56.38016 71.61529 74.31607 70.38627 90.99648 78.82738 71.98496 83.11337 84.91714 77.76839 98.89319 64.09663 58.68119 95.67482 76.24214 89.66776 72.80767 75.08746 x 94.17923 71.93913 69.58432 75.75451 79.18539 97.0148 88.97161 54.51167 73.55378 71.19157 96.03557 76.31067 63.0023 84.6559 59.55521 55.73712 77.97812 72.91929 52.97836 97.25486 63.68806
81.68802 83.66381 94.61594 x 57.96062 96.45591 75.37951 64.14002 x 50.48578 62.33439 73.25853 71.20056 79.83533 58.38195 89.64853 91.71609 70.15727 75.85947 98.73947 92.94534 94.76703 79.3977 97.8598 72.04923 83.56829 93.61934 59.12557 94.17923 x 83.23699 97.48669 x 69.45988 62.60709 78.28181 82.33754 53.63551 76.2624 67.47142 60.98032 86.46855 71.88002 82.16742 62.96307 61.7962 77.25616 85.98511 52.35219 54.03501
73.65906 96.47828 86.98568 97.55618 94.6468 56.7947 54.84252 x x 91.34537 88.52549 75.25502 65.55259 65.22413 x 95.77368 66.56327 86.50539 59.31518 54.33892 85.10229 56.6022 x 73.54289 85.91496 82.75889 92.90851 71.07445 71.93913 83.23699 x 93.11473 97.41979 62.10762 90.68916 77.31107 57.04027 68.97426 71.71326 95.31759 x 56.15944 85.43301 67.77757 64.57842 88.39324 64.08814 91.45178 65.5633 61.06816
67.11035 97.57763 86.09558 58.17641 73.6752 93.99235 57.09396 95.57212 79.42352 68.39008 76.73353 96.31424 81.30123 53.27823 97.5893 54.09334 51.33264 60.49335 80.7043 93.54684 x 60.33059 81.41202 60.13811 66.7875 89.06659 74.05378 58.24638 69.58432 97.48669 93.11473 x 60.45794 88.87616 65.71173 61.34307 70.0856 84.23034 93.44733 71.76483 57.32848 79.93043 87.59615 82.48094 66.41097 54.24561 56.31444 78.94662 77.06605 52.78605
63.94093 51.82838 58.26993 89.57568 90.13816 50.82925 60.83703 70.42874 63.48301 92.48577 56.50352 52.22557 91.46527 55.14197 85.3799 94.85971 x 63.6531 90.11916 87.90358 82.58608 86.01373 82.32201 93.99032 61.67029 x 56.20956 90.66175 75.75451 x 97.41979 60.45794 x 52.4912 66.94165 71.40772 60.46717 55.74146 74.16239 94.31498 65.22237 78.29392 51.45856 58.94896 85.06272 77.68019 55.44194 66.14251 x 75.89344
82.88071 71.91931 95.07096 78.40525 68.95305 90.71178 50.58385 93.47289 63.71924 82.30671 56.13395 51.21933 50.74735 69.76288 69.39992 91.91155 74.391 53.75004 97.63986 72.12457 88.82059 95.48182 x 98.31762 79.82915 50.09825 70.56899 75.67284 79.18539 69.45988 62.10762 88.87616 52.4912 x 62.59466 61.96959 94.65037 69.05913 58.10507 60.63106 69.29034 61.54724 64.74712 88.66346 x 75.55831 52.36684 68.81827 96.15821 76.54052
97.3044 78.55286 76.36523 83.0928 93.55379 50.3466 78.88399 90.18831 87.50446 51.72408 50.11065 89.12403 50.09607 57.13938 69.91283 68.7955 83.39016 88.39435 52.18527 68.18766 64.96142 59.64764 68.95679 67.06141 66.67636 85.51541 70.81686 51.56574 97.0148 62.60709 90.68916 65.71173 66.94165 62.59466 x 66.97416 58.97976 70.06222 82.30325 96.8829 57.80984 56.51869 72.02526 62.00548 74.16275 60.24344 91.08175 91.04526 77.96229 59.56229
77.48759 68.78566 59.07804 50.07495 51.5544 57.8906 59.66774 97.82306 x x 57.27627 56.34649 98.48235 x 53.54897 74.78833 70.32748 95.83677 92.84852 53.68621 59.96733 88.66403 67.30603 52.20047 64.617 83.31668 96.05687 62.70047 88.97161 78.28181 77.31107 61.34307 71.40772 61.96959 66.97416 x 96.63431 61.98447 91.60872 84.13853 74.27907 50.9961 72.80649 91.59429 61.70277 73.54463 62.20349 x 97.48902 79.47387
61.80521 72.21559 83.75935 50.01605 80.17991 96.35342 59.79101 81.85582 97.71199 53.43449 68.31031 76.30722 x 63.55351 67.9932 77.89614 78.93245 84.50793 84.01278 87.16351 59.92714 95.19546 92.01539 75.30085 69.47894 77.12368 71.6835 81.11493 54.51167 82.33754 57.04027 70.0856 60.46717 94.65037 58.97976 96.63431 x 56.57551 61.80721 95.1574 91.11551 75.96529 71.09629 64.69792 x 68.0682 96.18412 87.59885 96.30919 96.61167
77.26557 72.06033 60.51213 56.42918 55.65488 77.39642 82.14805 65.26836 90.91104 67.88501 59.55843 58.97842 91.88909 56.86781 60.77256 93.47679 56.69704 92.46254 79.7552 76.3457 98.67637 69.39887 69.76506 55.48918 96.20567 59.09586 67.33178 82.98188 73.55378 53.63551 68.97426 84.23034 55.74146 69.05913 70.06222 61.98447 56.57551 x 94.00068 59.53926 56.56545 62.31639 67.33931 60.47051 87.37342 79.96554 75.94932 69.38844 x 95.48641
83.26409 80.09901 64.58421 62.52375 56.04025 95.9802 50.08448 85.92507 89.34862 83.48139 91.41817 95.58686 95.82662 96.71273 71.88285 81.5197 52.01041 57.47438 87.31219 60.25272 x 97.50068 67.81714 71.31534 61.3301 60.33309 89.73798 79.84001 71.19157 76.2624 71.71326 93.44733 74.16239 58.10507 82.30325 91.60872 61.80721 94.00068 x 79.45329 82.15974 75.57905 77.02242 75.06524 72.99672 98.20767 57.50506 55.3843 81.00327 53.82758
71.62502 56.73764 98.73628 61.47755 56.55659 53.89768 75.18651 98.13571 94.80366 x 71.5415 63.38014 75.77059 68.67414 89.17039 98.50227 68.30934 93.22753 69.92434 93.01628 x 96.28363 56.58173 69.31894 63.40064 98.35051 67.21316 76.15626 96.03557 67.47142 95.31759 71.76483 94.31498 60.63106 96.8829 84.13853 95.1574 59.53926 79.45329 x 95.81606 94.54522 55.75031 59.26514 57.36406 67.10853 86.48686 85.32426 72.26642 57.67211
80.36807 91.11514 89.05041 73.47983 77.90656 72.61388 51.93462 95.81864 80.0027 75.74956 62.11463 60.30175 90.37693 92.47824 74.28335 56.2432 77.79013 86.1543 65.21754 68.74526 72.78729 68.82479 93.06236 88.03218 94.40889 70.87066 51.37712 61.28006 76.31067 60.98032 x 57.32848 65.22237 69.29034 57.80984 74.27907 91.11551 56.56545 82.15974 95.81606 x 79.99508 95.65981 62.60928 95.77854 95.61168 94.21861 70.57479 65.33777 56.64486
84.99708 57.82466 88.93759 51.92094 75.72929 96.05994 98.55575 69.7727 54.64127 81.83753 67.26168 53.89672 78.64035 69.52711 89.202 58.02647 97.08837 78.30999 82.13061 55.27569 88.70472 64.7666 56.84606 58.41695 58.57556 60.99772 66.12696 60.00287 63.0023 86.46855 56.15944 79.93043 78.29392 61.54724 56.51869 50.9961 75.96529 62.31639 75.57905 94.54522 79.99508 x 78.33575 67.21602 94.23668 57.13339 54.21082 53.55773 71.806 67.64351
98.16748 88.31743 95.88342 80.86065 84.38217 77.86454 x 60.75498 x 79.81587 75.69145 54.98668 59.73319 51.85578 85.46015 52.22205 67.17258 50.78341 88.51795 52.88046 93.50997 64.55566 56.45982 75.71983 71.43482 50.02918 55.3494 92.00887 84.6559 71.88002 85.43301 87.59615 51.45856 64.74712 72.02526 72.80649 71.09629 67.33931 77.02242 55.75031 95.65981 78.33575 x 72.4695 88.63344 93.07031 78.95396 73.70148 87.00903 x
62.84903 70.6395 74.67275 74.53793 88.16015 57.64835 71.56674 91.19243 72.94646 73.66899 70.87541 83.90534 88.31185 76.02971 x 54.15946 97.50994 66.64622 98.61781 87.51553 93.87454 93.71294 82.32227 70.17039 50.07793 68.01076 55.50036 59.47472 59.55521 82.16742 67.77757 82.48094 58.94896 88.66346 62.00548 91.59429 64.69792 60.47051 75.06524 59.26514 62.60928 67.21602 72.4695 x x 88.08594 58.68909 95.11726 69.61056 98.39243
63.26677 95.73778 53.56548 54.15446 93.80221 93.33697 75.44117 66.04045 75.01743 65.18364 78.75737 79.77202 90.5435 65.32562 x 75.37883 54.57469 53.39754 91.28556 x 70.90202 93.91694 97.04066 56.36018 55.0215 63.542 92.7384 54.47654 55.73712 62.96307 64.57842 66.41097 85.06272 x 74.16275 61.70277 x 87.37342 72.99672 57.36406 95.77854 94.23668 88.63344 x x 60.34189 97.70568 77.93387 79.37923 72.50281
57.48745 82.72068 76.53799 90.70202 66.21728 80.12682 71.15499 87.46454 92.36914 69.02546 82.05107 74.85483 97.61501 74.86631 86.4999 x 65.39435 93.55288 74.37589 65.24257 93.55232 62.03461 56.70694 67.78554 x 67.84323 78.26252 60.68899 77.97812 61.7962 88.39324 54.24561 77.68019 75.55831 60.24344 73.54463 68.0682 79.96554 98.20767 67.10853 95.61168 57.13339 93.07031 88.08594 60.34189 x 78.98976 87.43571 58.7312 50.5814
86.30817 77.784 59.9022 60.79376 81.5428 61.67246 84.57414 81.11339 80.21061 77.5826 58.9044 84.78226 52.2349 55.45649 50.37308 71.70235 68.13273 72.101 58.65743 98.75387 55.77265 x 63.83855 90.71621 94.72571 88.15406 89.74767 53.06358 72.91929 77.25616 64.08814 56.31444 55.44194 52.36684 91.08175 62.20349 96.18412 75.94932 57.50506 86.48686 94.21861 54.21082 78.95396 58.68909 97.70568 78.98976 x 79.91738 x 74.41485
81.57233 94.49448 x 70.26039 65.89652 90.75557 84.28383 98.66887 x 66.01598 91.86395 85.6926 93.37928 92.73978 93.29438 81.2081 54.14674 65.94535 90.10216 97.92166 90.19707 98.52349 79.82671 89.62298 52.60478 65.19019 x 93.85126 52.97836 85.98511 91.45178 78.94662 66.14251 68.81827 91.04526 x 87.59885 69.38844 55.3843 85.32426 70.57479 53.55773 73.70148 95.11726 77.93387 87.43571 79.91738 x 87.88931 63.09346
56.39478 74.20384 87.22018 77.70875 80.47894 92.17762 54.0054 63.57281 97.16052 81.16758 59.01424 76.41259 67.20689 64.82918 82.18653 85.97136 76.38453 84.65567 53.01892 65.04931 92.06762 96.57886 64.36276 x 52.87195 62.5237 77.86499 96.68693 97.25486 52.35219 65.5633 77.06605 x 96.15821 77.96229 97.48902 96.30919 x 81.00327 72.26642 65.33777 71.806 87.00903 69.61056 79.37923 58.7312 x 87.88931 x 66.00219
70.40783 85.76576 54.87829 92.30217 87.06742 75.12801 90.15935 57.57462 97.7234 78.033 86.22474 50.36506 58.08529 50.35743 65.69849 86.24241 83.40136 67.29392 71.27069 79.17758 63.2581 90.15613 51.43111 90.91273 92.69544 95.85127 89.88776 88.86009 63.68806 54.03501 61.06816 52.78605 75.89344 76.54052 59.56229 79.47387 96.61167 95.48641 53.82758 57.67211 56.64486 67.64351 x 98.39243 72.50281 50.5814 74.41485 63.09346 66.00219 x