50
25
0 1 2 3 4 5 6 7 8 9 10 11 12 13 14 15 16 17 18 19 20 21 22 23 24 25 26 27 28 29 30 31 32 33 34 35 36 37 38 39 40 41 42 43 44 45 46 47 48 49
31 7 0 46 17 23 18 15 35 48 20 39 25 24 2 37 47 4 49 41 11 42 6 34 13
0
x 83.77657 67.9275 73.93686 83.1085 50.82266 75.61444 61.70409 73.1153 90.91269 87.30103 64.12885 x 76.33456 93.43769 57.42497 75.47763 62.74693 67.76365 71.68847 57.46239 58.34491 83.92047 91.27244 72.54375 94.02841 60.92856 59.31107 53.48518 54.96181 89.29661 77.08393 79.74396 64.09433 61.23539 90.4704 79.75164 78.23328 x 83.23918 79.22205 60.40425 90.33067 79.23793 64.03515 52.19121 x 75.419 53.18353 78.54473
83.77657 x 80.72316 64.70001 93.39552 69.51637 97.49329 51.75111 76.10377 55.95006 66.5368 87.44145 50.62584 79.36385 71.56075 60.93981 50.19571 74.02413 69.26238 87.52419 53.07902 73.44676 81.20358 94.63788 94.43428 91.99617 64.48848 97.23491 60.95843 59.94514 89.50963 62.21286 72.13623 53.72446 74.70773 66.31375 81.90307 51.98621 75.41779 76.98653 78.56708 66.28146 52.16242 61.14817 x 89.50799 96.1117 54.91356 64.21455 75.85437
67.9275 80.72316 x 79.18686 63.86182 90.72792 93.21379 67.07029 98.80881 72.12803 66.99028 83.50245 59.25365 89.6092 98.10738 53.57353 53.40518 75.56772 78.25276 93.77987 60.33139 84.30925 82.14427 92.87512 79.85269 74.08684 69.6633 66.74661 98.24442 86.54499 52.91749 57.95573 80.20262 94.09205 64.09704 63.99416 68.04473 77.9356 61.75928 66.81858 56.93416 57.275 74.28368 x 63.07784 62.83216 90.36554 98.46254 91.6548 86.32098
73.93686 64.70001 79.18686 x 68.82542 52.11008 76.34571 x 86.99952 66.86546 77.80021 63.25156 73.59235 58.06409 x 85.91177 63.88136 71.91715 81.17449 57.04446 97.95214 73.17093 95.27149 95.65734 64.67993 57.95634 69.63805 56.63317 58.6419 94.12291 68.54986 63.92915 90.61326 55.86643 62.02464 96.18938 72.68962 60.00115 53.23535 79.88192 74.97393 68.67998 x 51.10678 85.4461 77.33548 96.35215 60.07641 73.10538 79.1544
83.1085 93.39552 63.86182 68.82542 x 57.12893 54.61198 67.52262 84.22584 56.92746 75.57865 97.11331 78.85606 71.1463 51.7719 94.74 87.36793 96.37023 54.28039 86.65146 69.41461 91.40821 88.79956 55.83958 72.2365 64.03879 71.45619 77.24651 97.43364 56.43093 x 60.03344 73.17275 71.12705 50.87927 55.00385 57.10739 65.12186 75.13593 82.08959 54.84891 98.83249 90.97527 52.74697 60.41056 77.06081 96.39999 77.91151 83.92858 72.80233
50.82266 69.51637 90.72792 52.11008 57.12893 x 66.04059 60.32534 57.76315 64.73707 94.81383 80.21653 74.60022 62.39343 66.23895 60.1803 71.06138 81.55676 x 50.20039 52.94275 69.61394 68.8926 90.65496 53.47958 78.43068 73.86058 86.51 56.69394 59.17154 59.65129 77.77864 72.61463 84.14972 83.53316 55.31816 89.97912 98.20522 54.1835 81.47743 78.9174 64.84369 90.62528 77.99968 x 91.8721 82.77857 71.16647 85.43942 79.96758
75.61444 97.49329 93.21379 76.34571 54.61198 66.04059 x 56.58294 57.38265 70.78541 95.10944 83.97829 94.83937 58.08188 84.75208 98.47692 84.91687 74.4187 x x 91.99038 73.09823 68.80426 68.58381 55.74114 88.81153 94.82676 50.29808 88.15791 71.66117 96.98981 60.15158 61.18114 97.5362 63.52601 70.74779 95.18067 x 81.39251 58.74421 x 82.85498 91.42586 50.69889 96.44371 60.5028 92.62942 87.84565 78.20289 68.08774
61.70409 51.75111 67.07029 x 67.52262 60.32534 56.58294 x 74.64276 78.80457 79.87543 98.51169 82.86292 72.61217 91.0505 82.74492 53.98262 94.70602 96.13236 54.85501 60.33323 86.16902 87.87533 60.60062 77.79611 71.69969 78.78907 57.66051 68.89106 82.17987 83.67792 85.64393 88.24823 73.42006 50.15914 x 96.44139 50.56506 68.01549 94.66549 94.07453 54.30942 83.13597 76.21492 87.46632 x 66.16366 57.85736 56.25017 x
73.1153 76.10377 98.80881 86.99952 84.22584 57.76315 57.38265 74.64276 x 78.06224 91.84784 92.12073 66.57713 74.34143 69.40949 75.95644 95.34132 50.03434 53.18732 x 95.064 73.20145 51.43441 88.7705 81.94999 94.36852 57.13503 85.76261 90.02494 71.60281 59.66256 69.79017 x 94.36178 76.77186 83.66696 62.87329 72.96683 51.26549 67.87179 78.75857 65.63398 61.08766 53.35713 89.01447 75.12 87.29603 84.18134 62.93598 67.45742
90.91269 55.95006 72.12803 66.86546 56.92746 64.73707 70.78541 78.80457 78.06224 x 83.97682 56.33098 56.84285 60.19137 51.00609 x 85.80681 90.9223 x 55.30852 59.73163 98.13175 x 56.03298 93.97145 85.36075 54.53757 92.17931 65.0367 61.84592 81.38269 x 74.28044 55.81491 94.79742 53.5238 53.00446 84.10003 58.79809 66.49017 81.91953 65.75973 55.92202 59.22145 84.92734 69.24241 50.53554 87.68778 98.59071 x
87.30103 66.5368 66.99028 77.80021 75.57865 94.81383 95.10944 79.87543 91.84784 83.97682 x 63.2429 63.03672 95.37317 79.74699 54.21095 71.8772 81.40015 95.3361 96.59454 74.11993 54.0768 78.33216 72.97717 79.75314 79.47606 x 96.27313 86.41604 51.09376 76.29115 98.54471 69.10331 51.95514 83.52984 x 70.53313 50.76928 90.94022 69.2756 x 91.51602 57.10714 60.1858 67.80876 54.89259 75.75757 94.86303 95.07071 61.02855
64.12885 87.44145 83.50245 63.25156 97.11331 80.21653 83.97829 98.51169 92.12073 56.33098 63.2429 x 91.62298 57.37649 x 85.00762 54.54755 x 55.84517 64.79327 59.69308 73.19812 79.37004 x 78.97603 86.7714 95.55949 55.84613 51.9041 94.72356 51.55301 62.53901 59.28075 55.682 79.96578 69.17355 67.3223 54.43261 67.44616 57.63102 92.2045 70.89652 91.63881 92.95028 54.10756 79.18768 84.43038 68.60432 71.32716 68.66887
x 50.62584 59.25365 73.59235 78.85606 74.60022 94.83937 82.86292 66.57713 56.84285 63.03672 91.62298 x 79.8685 95.56687 61.47026 98.56889 96.45973 56.40278 57.55915 93.08264 84.484 82.4288 55.90735 66.93365 67.11645 57.84598 50.43504 87.33308 77.52888 94.36115 68.19718 82.02581 51.43558 58.59437 88.54236 91.24597 66.80057 78.91592 64.8062 67.08084 82.33975 x 85.67408 86.58257 66.02714 82.72498 95.19695 54.05391 98.29368
76.33456 79.36385 89.6092 58.06409 71.1463 62.39343 58.08188 72.61217 74.34143 60.19137 95.37317 57.37649 79.8685 x 84.97108 73.34227 92.26798 87.59531 79.20972 75.24803 83.76115 71.36456 59.50111 x 80.48361 90.1533 70.29179 74.12424 55.06549 51.82306 68.0335 63.15693 80.52448 74.57721 60.5748 92.34708 63.63529 75.53799 90.62156 82.102 94.49198 71.08159 78.7756 87.43957 62.42698 64.54659 64.48571 87.18245 85.32374 53.63282
93.43769 71.56075 98.10738 x 51.7719 66.23895 84.75208 91.0505 69.40949 51.00609 79.74699 x 95.56687 84.97108 x 64.7083 97.96616 89.82788 69.9968 78.58789 68.12252 70.69074 78.61606 98.01411 51.64433 55.65563 71.10447 62.25335 51.05095 76.01593 96.0857 64.19019 90.25835 83.01018 67.44188 78.23932 83.17176 69.86092 92.55782 53.41961 67.8088 52.48832 88.44678 75.34649 94.53599 97.51808 92.25779 58.23414 90.00763 95.28488
57.42497 60.93981 53.57353 85.91177 94.74 60.1803 98.47692 82.74492 75.95644 x 54.21095 85.00762 61.47026 73.34227 64.7083 x 82.82522 70.46048 53.14465 53.96951 74.6547 85.09735 57.25706 x 78.44044 88.43775 58.78019 88.72233 62.4333 84.22519 56.72831 79.02987 88.43978 82.21027 96.64983 70.27669 89.21267 63.96631 66.45623 85.86464 66.77583 78.01526 61.60104 89.77085 53.57112 65.17556 77.91111 78.56741 54.13619 67.71429
75.47763 50.19571 53.40518 63.88136 87.36793 71.06138 84.91687 53.98262 95.34132 85.80681 71.8772 54.54755 98.56889 92.26798 97.96616 82.82522 x 51.68092 x 65.09528 77.30466 65.31476 56.30775 71.30384 63.26113 70.17193 66.3399 84.20423 90.48276 78.37952 59.82689 85.09948 86.56394 54.0693 81.09946 95.82549 x 67.68291 61.8409 75.37294 61.81902 x 88.96727 x 71.21953 79.23878 63.32908 70.41645 57.15729 79.86701
62.74693 74.02413 75.56772 71.91715 96.37023 81.55676 74.4187 94.70602 50.03434 90.9223 81.40015 x 96.45973 87.59531 89.82788 70.46048 51.68092 x 92.81018 71.58817 82.47941 96.71185 74.35288 53.54885 58.25802 64.00164 67.86105 51.76546 55.97529 65.53239 53.31611 53.86581 83.00638 58.65666 64.80136 76.58576 96.90084 50.86853 98.13449 64.98036 62.4652 85.38188 61.98701 89.5833 95.24491 88.17875 78.76482 62.60774 53.76613 85.87692
67.76365 69.26238 78.25276 81.17449 54.28039 x x 96.13236 53.18732 x 95.3361 55.84517 56.40278 79.20972 69.9968 53.14465 x 92.81018 x 68.59415 94.3861 90.46391 90.88714 77.55435 63.44324 62.17793 50.88424 56.94162 85.35097 50.87945 71.07961 64.69175 82.4834 73.80086 69.61479 72.24394 57.13092 72.94797 74.31598 x 86.4769 85.4101 x 80.61335 66.96103 87.09932 x 74.97139 61.43924 96.0814
71.68847 87.52419 93.77987 57.04446 86.65146 50.20039 x 54.85501 x 55.30852 96.59454 64.79327 57.55915 75.24803 78.58789 53.96951 65.09528 71.58817 68.59415 x 87.44576 98.33494 56.99816 52.79658 73.6389 96.81305 x 83.0574 52.54167 86.69807 88.6418 96.02903 x 78.04626 95.41943 63.25251 58.86112 92.72811 65.04051 96.4809 64.07796 54.81086 73.45966 79.10988 94.37761 98.35514 94.31074 69.85475 60.76281 58.73978
57.46239 53.07902 60.33139 97.95214 69.41461 52.94275 91.99038 60.33323 95.064 59.73163 74.11993 59.69308 93.08264 83.76115 68.12252 74.6547 77.30466 82.47941 94.3861 87.44576 x 76.48706 66.73039 61.11286 76.99444 69.61229 84.45216 95.74733 91.1861 53.80959 81.74489 x 94.08449 72.52768 51.12294 58.76574 70.97097 52.16159 60.01057 96.38421 51.30138 90.85901 67.60956 55.25909 91.72774 68.80315 79.27481 57.30796 96.21936 77.18393
58.34491 73.44676 84.30925 73.17093 91.40821 69.61394 73.09823 86.16902 73.20145 98.13175 54.0768 73.19812 84.484 71.36456 70.69074 85.09735 65.31476 96.71185 90.46391 98.33494 76.48706 x 74.17296 84.87188 x 85.50052 59.24962 63.78581 81.70061 65.55125 79.09931 82.39816 98.92754 52.12323 80.99128 62.50092 55.20618 66.44844 67.02941 x 81.04671 85.5905 51.97661 61.05853 95.30071 73.122 50.5513 98.52488 52.41951 82.42646
83.92047 81.20358 82.14427 95.27149 88.79956 68.8926 68.80426 87.87533 51.43441 x 78.33216 79.37004 82.4288 59.50111 78.61606 57.25706 56.30775 74.35288 90.88714 56.99816 66.73039 74.17296 x 78.06665 x 84.718 62.72083 68.18557 61.42411 93.47995 58.52794 76.86671 x 77.48033 83.01311 84.6304 87.83832 90.27483 95.03143 93.04423 95.30379 87.7938 91.2181 85.26054 98.25722 86.33951 73.70008 78.34587 58.12122 93.78889
91.27244 94.63788 92.87512 95.65734 55.83958 90.65496 68.58381 60.60062 88.7705 56.03298 72.97717 x 55.90735 x 98.01411 x 71.30384 53.54885 77.55435 52.79658 61.11286 84.87188 78.06665 x x 88.25475 90.74285 x 75.22647 78.23818 87.93733 82.29844 90.52957 95.33194 59.52798 72.4871 55.85868 77.54347 67.16004 52.86841 91.18354 x 83.55848 87.70746 96.95934 x 80.811 95.31973 x 93.55459
72.54375 94.43428 79.85269 64.67993 72.2365 53.47958 55.74114 77.79611 81.94999 93.97145 79.75314 78.97603 66.93365 80.48361 51.64433 78.44044 63.26113 58.25802 63.44324 73.6389 76.99444 x x x x 60.9467 65.8276 98.70383 82.98499 79.85556 98.97879 54.60398 x 92.45369 90.64536 91.64192 80.96482 62.49803 64.82832 79.40751 89.86702 64.82099 59.77793 75.56253 83.13241 70.37214 61.80297 72.49915 x 84.72108
94.02841 91.99617 74.08684 57.95634 64.03879 78.43068 88.81153 71.69969 94.36852 85.36075 79.47606 86.7714 67.11645 90.1533 55.65563 88.43775 70.17193 64.00164 62.17793 96.81305 69.61229 85.50052 84.718 88.25475 60.9467 x 72.67538 80.13306 72.17069 x 97.09958 59.58863 96.11023 97.88413 98.00771 85.53454 92.91794 55.97712 66.46974 65.55618 76.078 65.02218 75.81822 82.12649 50.71407 80.39761 70.14889 88.22075 72.47684 88.45865
60.92856 64.48848 69.6633 69.63805 71.45619 73.86058 94.82676 78.78907 57.13503 54.53757 x 95.55949 57.84598 70.29179 71.10447 58.78019 66.3399 67.86105 50.88424 x 84.45216 59.24962 62.72083 90.74285 65.8276 72.67538 x 63.35927 52.23134 65.928 57.78788 59.35113 89.2514 74.02335 64.39561 96.83753 90.37615 93.76749 96.7113 x 83.58768 61.4079 96.80873 82.83566 87.886 51.34525 x 53.17141 68.67786 61.9229
59.31107 97.23491 66.74661 56.63317 77.24651 86.51 50.29808 57.66051 85.76261 92.17931 96.27313 55.84613 50.43504 74.12424 62.25335 88.72233 84.20423 51.76546 56.94162 83.0574 95.74733 63.78581 68.18557 x 98.70383 80.13306 63.35927 x 58.41923 95.52501 80.99668 59.94814 68.72255 76.64204 85.86342 81.24791 87.071 78.37576 78.30138 76.71868 91.84452 96.32892 80.94081 89.29112 x 55.6584 60.95493 57.37423 66.83733 85.83716
53.48518 60.95843 98.24442 58.6419 97.43364 56.69394 88.15791 68.89106 90.02494 65.0367 86.41604 51.9041 87.33308 55.06549 51.05095 62.4333 90.48276 55.97529 85.35097 52.54167 91.1861 81.70061 61.42411 75.22647 82.98499 72.17069 52.23134 58.41923 x 84.35776 50.88375 75.74561 72.55264 56.62249 55.64131 97.79186 77.2559 88.45671 72.06254 68.87199 91.97904 80.13594 71.46716 52.77937 70.81141 76.54272 76.29628 51.70785 72.82148 88.25878
54.96181 59.94514 86.54499 94.12291 56.43093 59.17154 71.66117 82.17987 71.60281 61.84592 51.09376 94.72356 77.52888 51.82306 76.01593 84.22519 78.37952 65.53239 50.87945 86.69807 53.80959 65.55125 93.47995 78.23818 79.85556 x 65.928 95.52501 84.35776 x 83.04063 75.41972 95.88108 51.03573 93.0687 96.23181 90.59924 57.33407 71.23542 81.56762 71.58741 84.53409 50.36281 57.78382 51.72851 59.83732 91.6573 57.99457 83.1849 78.71093
89.29661 89.50963 52.91749 68.54986 x 59.65129 96.98981 83.67792 59.66256 81.38269 76.29115 51.55301 94.36115 68.0335 96.0857 56.72831 59.82689 53.31611 71.07961 88.6418 81.74489 79.09931 58.52794 87.93733 98.97879 97.09958 57.78788 80.99668 50.88375 83.04063 x x 65.49367 56.19784 75.22188 81.45859 76.35132 77.7246 96.62619 94.58192 x 93.03378 70.55388 96.1703 61.96534 64.54948 80.02479 51.87464 96.22114 53.31247
77.08393 62.21286 57.95573 63.92915 60.03344 77.77864 60.15158 85.64393 69.79017 x 98.54471 62.53901 68.19718 63.15693 64.19019 79.02987 85.09948 53.86581 64.69175 96.02903 x 82.39816 76.86671 82.29844 54.60398 59.58863 59.35113 59.94814 75.74561 75.41972 x x 98.69096 88.75157 86.67087 90.81317 89.54036 53.54245 69.85063 51.27408 91.95645 69.30162 98.20379 52.77771 57.6091 72.76303 76.08169 86.56926 62.89437 81.9635
79.74396 72.13623 80.20262 90.61326 73.17275 72.61463 61.18114 88.24823 x 74.28044 69.10331 59.28075 82.02581 80.52448 90.25835 88.43978 86.56394 83.00638 82.4834 x 94.08449 98.92754 x 90.52957 x 96.11023 89.2514 68.72255 72.55264 95.88108 65.49367 98.69096 x 57.64124 52.56353 84.41916 x x 71.61882 73.23927 95.40722 82.07974 83.18766 x 60.54483 x 75.88757 96.74195 74.99938 98.37703
64.09433 53.72446 94.09205 55.86643 71.12705 84.14972 97.5362 73.42006 94.36178 55.81491 51.95514 55.682 51.43558 74.57721 83.01018 82.21027 54.0693 58.65666 73.80086 78.04626 72.52768 52.12323 77.48033 95.33194 92.45369 97.88413 74.02335 76.64204 56.62249 51.03573 56.19784 88.75157 57.64124 x 77.14342 89.41466 52.94549 50.07668 77.60512 72.51155 83.53874 x 55.44072 92.47976 61.85223 75.40194 77.87006 x 95.00495 89.58889
61.23539 74.70773 64.09704 62.02464 50.87927 83.53316 63.52601 50.15914 76.77186 94.79742 83.52984 79.96578 58.59437 60.5748 67.44188 96.64983 81.09946 64.80136 69.61479 95.41943 51.12294 80.99128 83.01311 59.52798 90.64536 98.00771 64.39561 85.86342 55.64131 93.0687 75.22188 86.67087 52.56353 77.14342 x 77.9227 51.90922 51.24622 96.91283 93.09989 62.61511 63.34361 x 64.62217 75.00274 58.36874 56.13184 83.05227 72.35066 78.92784
90.4704 66.31375 63.99416 96.18938 55.00385 55.31816 70.74779 x 83.66696 53.5238 x 69.17355 88.54236 92.34708 78.23932 70.27669 95.82549 76.58576 72.24394 63.25251 58.76574 62.50092 84.6304 72.4871 91.64192 85.53454 96.83753 81.24791 97.79186 96.23181 81.45859 90.81317 84.41916 89.41466 77.9227 x 52.04688 54.93261 70.64247 55.6997 x 72.95575 74.77954 52.86648 65.95134 88.59935 86.88219 61.43656 76.18232 61.70259
79.75164 81.90307 68.04473 72.68962 57.10739 89.97912 95.18067 96.44139 62.87329 53.00446 70.53313 67.3223 91.24597 63.63529 83.17176 89.21267 x 96.90084 57.13092 58.86112 70.97097 55.20618 87.83832 55.85868 80.96482 92.91794 90.37615 87.071 77.2559 90.59924 76.35132 89.54036 x 52.94549 51.90922 52.04688 x x 84.56042 57.63703 73.03489 84.00146 94.64873 70.60864 74.10889 59.53841 89.65921 64.21417 96.97955 91.1616
78.23328 51.98621 77.9356 60.00115 65.12186 98.20522 x 50.56506 72.96683 84.10003 50.76928 54.43261 66.80057 75.53799 69.86092 63.96631 67.68291 50.86853 72.94797 92.72811 52.16159 66.44844 90.27483 77.54347 62.49803 55.97712 93.76749 78.37576 88.45671 57.33407 77.7246 53.54245 x 50.07668 51.24622 54.93261 x x 54.66694 77.06264 67.18475 69.94742 97.05721 75.38047 71.20956 72.22931 55.30668 x 80.90058 68.20037
x 75.41779 61.75928 53.23535 75.13593 54.1835 81.39251 68.01549 51.26549 58.79809 90.94022 67.44616 78.91592 90.62156 92.55782 66.45623 61.8409 98.13449 74.31598 65.04051 60.01057 67.02941 95.03143 67.16004 64.82832 66.46974 96.7113 78.30138 72.06254 71.23542 96.62619 69.85063 71.61882 77.60512 96.91283 70.64247 84.56042 54.66694 x 66.09812 67.76635 74.20075 73.25067 77.3253 91.5383 92.02284 81.30434 80.47169 76.49859 51.22824
83.23918 76.98653 66.81858 79.88192 82.08959 81.47743 58.74421 94.66549 67.87179 66.49017 69.2756 57.63102 64.8062 82.102 53.41961 85.86464 75.37294 64.98036 x 96.4809 96.38421 x 93.04423 52.86841 79.40751 65.55618 x 76.71868 68.87199 81.56762 94.58192 51.27408 73.23927 72.51155 93.09989 55.6997 57.63703 77.06264 66.09812 x 60.76079 97.39575 72.6439 72.95564 62.10225 52.78781 84.93852 79.27566 61.9355 91.44244
79.22205 78.56708 56.93416 74.97393 54.84891 78.9174 x 94.07453 78.75857 81.91953 x 92.2045 67.08084 94.49198 67.8088 66.77583 61.81902 62.4652 86.4769 64.07796 51.30138 81.04671 95.30379 91.18354 89.86702 76.078 83.58768 91.84452 91.97904 71.58741 x 91.95645 95.40722 83.53874 62.61511 x 73.03489 67.18475 67.76635 60.76079 x 65.78638 x 58.64103 50.98774 93.52887 56.66192 50.05543 50.46118 86.82936
60.40425 66.28146 57.275 68.67998 98.83249 64.84369 82.85498 54.30942 65.63398 65.75973 91.51602 70.89652 82.33975 71.08159 52.48832 78.01526 x 85.38188 85.4101 54.81086 90.85901 85.5905 87.7938 x 64.82099 65.02218 61.4079 96.32892 80.13594 84.53409 93.03378 69.30162 82.07974 x 63.34361 72.95575 84.00146 69.94742 74.20075 97.39575 65.78638 x 68.74917 72.37213 55.17742 86.59891 51.86548 86.03252 70.0806 50.50714
90.33067 52.16242 74.28368 x 90.97527 90.62528 91.42586 83.13597 61.08766 55.92202 57.10714 91.63881 x 78.7756 88.44678 61.60104 88.96727 61.98701 x 73.45966 67.60956 51.97661 91.2181 83.55848 59.77793 75.81822 96.80873 80.94081 71.46716 50.36281 70.55388 98.20379 83.18766 55.44072 x 74.77954 94.64873 97.05721 73.25067 72.6439 x 68.74917 x 61.37957 77.92435 64.16429 81.77693 72.95588 60.66456 98.05275
79.23793 61.14817 x 51.10678 52.74697 77.99968 50.69889 76.21492 53.35713 59.22145 60.1858 92.95028 85.67408 87.43957 75.34649 89.77085 x 89.5833 80.61335 79.10988 55.25909 61.05853 85.26054 87.70746 75.56253 82.12649 82.83566 89.29112 52.77937 57.78382 96.1703 52.77771 x 92.47976 64.62217 52.86648 70.60864 75.38047 77.3253 72.95564 58.64103 72.37213 61.37957 x 59.33312 93.38341 61.32558 92.20074 75.36151 70.35872
64.03515 x 63.07784 85.4461 60.41056 x 96.44371 87.46632 89.01447 84.92734 67.80876 54.10756 86.58257 62.42698 94.53599 53.57112 71.21953 95.24491 66.96103 94.37761 91.72774 95.30071 98.25722 96.95934 83.13241 50.71407 87.886 x 70.81141 51.72851 61.96534 57.6091 60.54483 61.85223 75.00274 65.95134 74.10889 71.20956 91.5383 62.10225 50.98774 55.17742 77.92435 59.33312 x 79.38537 78.19403 82.5275 98.34716 57.42589
52.19121 89.50799 62.83216 77.33548 77.06081 91.8721 60.5028 x 75.12 69.24241 54.89259 79.18768 66.02714 64.54659 97.51808 65.17556 79.23878 88.17875 87.09932 98.35514 68.80315 73.122 86.33951 x 70.37214 80.39761 51.34525 55.6584 76.54272 59.83732 64.54948 72.76303 x 75.40194 58.36874 88.59935 59.53841 72.22931 92.02284 52.78781 93.52887 86.59891 64.16429 93.38341 79.38537 x 84.88316 63.96663 88.47911 86.44965
x 96.1117 90.36554 96.35215 96.39999 82.77857 92.62942 66.16366 87.29603 50.53554 75.75757 84.43038 82.72498 64.48571 92.25779 77.91111 63.32908 78.76482 x 94.31074 79.27481 50.5513 73.70008 80.811 61.80297 70.14889 x 60.95493 76.29628 91.6573 80.02479 76.08169 75.88757 77.87006 56.13184 86.88219 89.65921 55.30668 81.30434 84.93852 56.66192 51.86548 81.77693 61.32558 78.19403 84.88316 x 83.5325 53.58682 58.29821
75.419 54.91356 98.46254 60.07641 77.91151 71.16647 87.84565 57.85736 84.18134 87.68778 94.86303 68.60432 95.19695 87.18245 58.23414 78.56741 70.41645 62.60774 74.97139 69.85475 57.30796 98.52488 78.34587 95.31973 72.49915 88.22075 53.17141 57.37423 51.70785 57.99457 51.87464 86.56926 96.74195 x 83.05227 61.43656 64.21417 x 80.47169 79.27566 50.05543 86.03252 72.95588 92.20074 82.5275 63.96663 83.5325 x 62.89754 72.30382
53.18353 64.21455 91.6548 73.10538 83.92858 85.43942 78.20289 56.25017 62.93598 98.59071 95.07071 71.32716 54.05391 85.32374 90.00763 54.13619 57.15729 53.76613 61.43924 60.76281 96.21936 52.41951 58.12122 x x 72.47684 68.67786 66.83733 72.82148 83.1849 96.22114 62.89437 74.99938 95.00495 72.35066 76.18232 96.97955 80.90058 76.49859 61.9355 50.46118 70.0806 60.66456 75.36151 98.34716 88.47911 53.58682 62.89754 x 77.13011
78.54473 75.85437 86.32098 79.1544 72.80233 79.96758 68.08774 x 67.45742 x 61.02855 68.66887 98.29368 53.63282 95.28488 67.71429 79.86701 85.87692 96.0814 58.73978 77.18393 82.42646 93.78889 93.55459 84.72108 88.45865 61.9229 85.83716 88.25878 78.71093 53.31247 81.9635 98.37703 89.58889 78.92784 61.70259 91.1616 68.20037 51.22824 91.44244 86.82936 50.50714 98.05275 70.35872 57.42589 86.44965 58.29821 72.30382 77.13011 x