50
25
0 1 2 3 4 5 6 7 8 9 10 11 12 13 14 15 16 17 18 19 20 21 22 23 24 25 26 27 28 29 30 31 32 33 34 35 36 37 38 39 40 41 42 43 44 45 46 47 48 49
44 5 40 29 24 1 25 14 2 8 33 43 37 4 11 49 27 13 18 34 21 17 0 35 16
0
x 80.61468 77.25231 94.23795 98.89724 65.06671 69.27592 70.2703 66.06332 75.0575 87.8095 70.2258 70.41546 73.16697 70.8879 54.05491 58.34389 50.34493 71.35914 68.3597 60.01306 75.06792 64.99195 96.67145 70.29483 96.32534 82.33811 92.99144 60.18859 92.88184 83.10226 76.71511 56.99934 53.79908 68.71214 69.00615 69.58328 73.61577 80.48652 53.36826 54.91848 98.16232 79.32037 70.98041 61.33612 70.48422 78.03287 76.53868 77.18339 90.16816
80.61468 x 52.05223 50.46835 76.59974 90.51014 65.45697 90.72081 55.88872 58.37351 52.19057 94.16572 63.66464 83.7216 95.38921 65.11709 79.89212 65.30417 97.98539 83.00877 94.16365 86.1951 x 91.30952 89.73691 67.37564 87.79113 96.32388 71.50696 68.86843 53.78819 71.59455 83.99391 78.24242 86.32173 79.40212 64.33639 79.37033 75.34594 x 58.78801 73.66119 90.25724 56.75422 80.306 94.14679 92.47239 63.8308 67.51428 58.07583
77.25231 52.05223 x 88.3098 74.28882 77.23738 88.9921 69.22738 86.48645 56.82546 65.5387 53.20956 72.40515 93.66373 61.29055 93.16316 71.52832 92.70621 52.61224 90.33168 98.42863 95.42287 54.67442 72.36483 94.1289 73.4183 61.48322 77.01985 73.13706 73.16176 89.48677 55.26908 82.00628 74.93953 77.71619 52.7717 98.41213 57.77593 x 87.07449 62.68595 80.00208 84.87447 63.55034 69.10154 56.01288 73.64701 57.90638 56.28591 85.23995
94.23795 50.46835 88.3098 x 75.03014 94.85661 71.07614 62.45266 90.69183 72.50697 73.7367 51.49759 70.48546 60.72837 96.4818 76.68566 59.04829 75.79321 54.98468 52.4574 x 83.91255 83.72713 77.41062 98.49821 76.71595 95.17306 94.62379 x 87.67544 79.32134 65.57543 91.08321 59.28881 96.34811 84.58362 83.97089 77.26581 90.74507 87.3144 51.49479 89.23761 67.09855 65.44924 66.25747 59.44073 83.92896 51.63874 71.296 87.34799
98.89724 76.59974 74.28882 75.03014 x 95.5694 72.34224 59.50222 91.80604 64.21897 92.65616 85.19402 67.1632 81.13953 58.20969 76.86098 77.33799 63.36353 79.6813 63.14052 95.8344 73.42871 74.43947 62.61763 x 93.53797 89.54624 98.1839 94.45315 81.98162 98.19062 89.91727 55.57227 53.09317 77.94644 71.05881 58.71816 88.7903 62.05072 85.65601 75.93358 77.76906 98.67484 59.87414 81.78681 91.80757 77.04422 63.29297 60.22499 95.59674
65.06671 90.51014 77.23738 94.85661 95.5694 x 71.07696 77.67998 82.43638 85.33747 81.33766 97.28698 x 86.22921 55.8711 56.54882 76.26301 51.17183 64.24644 96.73093 51.59171 70.80375 97.6603 69.21654 62.23923 x 87.87702 54.79508 56.61567 68.42637 76.47482 97.72147 82.75117 87.14372 81.71791 74.11176 70.95319 82.54453 83.18214 79.10561 x 54.62489 74.54756 53.25394 85.55109 59.40208 56.72042 56.76595 77.92203 70.40805
69.27592 65.45697 88.9921 71.07614 72.34224 71.07696 x x 76.09217 74.92607 73.12208 59.75068 x 96.92526 63.56083 94.34715 96.83285 71.99277 77.43397 93.28288 73.7425 84.11942 81.20033 66.60878 50.68214 68.84037 50.641 59.36843 90.61333 83.61098 66.13212 89.92735 82.08041 51.34508 68.68886 66.07139 51.69145 57.75494 91.11414 85.463 50.02729 94.10481 92.53028 x 81.25968 53.00006 51.52844 76.90383 62.2975 89.04046
70.2703 90.72081 69.22738 62.45266 59.50222 77.67998 x x 78.29774 72.16917 53.70982 68.65241 63.08557 79.8819 x 50.87625 80.62809 92.82855 53.63294 54.10519 68.78302 56.58221 92.35394 96.7471 92.60428 73.21433 96.54784 51.84333 70.2719 54.77272 79.91987 78.408 60.35638 83.62526 95.69813 81.56304 61.91574 70.79844 x 97.09657 61.85844 63.70995 96.59063 96.59466 82.79996 88.09513 77.29958 68.50562 98.92849 69.3138
66.06332 55.88872 86.48645 90.69183 91.80604 82.43638 76.09217 78.29774 x 97.41931 88.30204 63.574 86.96182 60.76385 53.84243 77.70438 72.09637 65.35051 70.70904 66.25014 57.43527 88.66237 94.91414 60.61576 98.77758 85.76393 87.74956 57.48658 52.07254 89.64278 67.763 86.03823 54.90597 76.94055 68.18788 97.93851 x 56.71755 81.59081 87.85663 71.05952 62.71926 71.89276 68.95659 57.47517 62.85844 63.71272 73.68434 91.71962 85.78977
75.0575 58.37351 56.82546 72.50697 64.21897 85.33747 74.92607 72.16917 97.41931 x 68.48589 50.75329 67.52559 71.24242 78.8964 77.03877 76.5557 76.50587 96.9181 73.97606 57.57345 57.32763 63.01339 86.1636 68.5802 80.65347 84.44592 60.71655 74.28593 80.97052 93.30524 82.35532 57.45495 78.23803 91.45752 71.70269 65.76667 65.2219 x 76.32629 53.94603 73.42506 84.08368 74.47403 71.04354 72.91385 88.07887 x x 85.54843
87.8095 52.19057 65.5387 73.7367 92.65616 81.33766 73.12208 53.70982 88.30204 68.48589 x 76.01317 81.87514 76.30526 80.55077 63.38324 96.77482 50.54612 71.64948 68.09269 78.6585 78.21672 60.55928 57.02828 57.8206 65.72502 98.24158 98.57258 56.73794 50.50751 60.07609 70.52681 55.73279 73.50111 69.17857 81.48842 78.26761 78.17588 93.07762 68.8568 81.79284 64.57106 94.73593 91.53649 70.40942 67.82969 x 59.58034 68.18316 82.38696
70.2258 94.16572 53.20956 51.49759 85.19402 97.28698 59.75068 68.65241 63.574 50.75329 76.01317 x 65.44458 66.24157 69.90225 64.93439 78.29058 74.5426 60.00281 82.37943 x 61.20371 84.64741 81.13774 82.61837 70.78246 94.55168 87.21751 77.10193 65.99248 60.37832 66.24619 62.66895 51.66853 x 85.37735 90.85453 94.31908 61.15277 58.97932 x 57.13921 62.46508 71.88053 89.88793 72.34104 84.03689 52.33353 78.57968 54.33692
70.41546 63.66464 72.40515 70.48546 67.1632 x x 63.08557 86.96182 67.52559 81.87514 65.44458 x 65.83269 51.1351 71.61907 85.49958 86.48886 x x 75.56475 68.79121 78.83339 84.97932 97.99982 88.84445 89.43513 90.2573 84.9151 91.66829 56.43866 84.39785 71.65677 91.44202 x 81.23395 88.57068 82.75672 x x 97.3155 65.35113 90.20129 72.43125 97.26447 92.01775 88.91938 69.52561 x 97.94613
73.16697 83.7216 93.66373 60.72837 81.13953 86.22921 96.92526 79.8819 60.76385 71.24242 76.30526 66.24157 65.83269 x 73.16138 98.19603 81.30153 81.61354 94.51802 86.06265 73.28096 79.15449 95.73175 96.46512 88.61461 68.06876 54.21356 x 78.20426 57.40252 94.25131 54.0357 63.10319 60.89419 50.49094 84.4263 79.57994 97.73889 91.41712 58.18911 83.18988 87.88081 74.74517 96.65506 86.45407 x 97.55731 93.33005 81.47601 89.00973
70.8879 95.38921 61.29055 96.4818 58.20969 55.8711 63.56083 x 53.84243 78.8964 80.55077 69.90225 51.1351 73.16138 x 90.08882 97.9138 71.30402 62.92452 74.25958 69.24848 54.90931 67.56585 91.98134 84.17007 96.13762 74.09934 78.98259 77.47248 73.84223 93.30735 82.70511 93.62031 79.38046 89.25527 88.20331 68.17317 69.75693 85.22287 65.91494 85.76065 92.54586 88.20033 74.68241 53.13537 73.66271 69.99993 61.64797 96.43366 77.70286
54.05491 65.11709 93.16316 76.68566 76.86098 56.54882 94.34715 50.87625 77.70438 77.03877 63.38324 64.93439 71.61907 98.19603 90.08882 x 62.93252 88.7406 70.69545 73.66263 74.12003 80.13499 81.94076 x 53.05716 x 66.79292 86.83076 94.20726 82.57556 x 54.82856 x 51.6096 91.9207 51.78677 x 85.74215 94.52758 64.57642 72.4219 81.34984 64.95401 88.75428 87.85327 69.76498 52.82144 70.60643 79.03137 56.99759
58.34389 79.89212 71.52832 59.04829 77.33799 76.26301 96.83285 80.62809 72.09637 76.5557 96.77482 78.29058 85.49958 81.30153 97.9138 62.93252 x 66.55395 51.99165 75.62136 69.38698 95.62019 75.27544 61.47362 62.32674 91.0508 70.67047 77.1586 70.47263 83.7663 82.4719 92.23283 71.96382 88.5126 64.25912 74.52333 85.24494 97.63476 x 87.48861 52.16727 68.21834 89.99186 85.60839 81.7999 72.73846 72.84226 60.75062 72.2812 71.20935
50.34493 65.30417 92.70621 75.79321 63.36353 51.17183 71.99277 92.82855 65.35051 76.50587 50.54612 74.5426 86.48886 81.61354 71.30402 88.7406 66.55395 x 72.66492 73.73571 60.75944 71.49761 97.43268 81.16463 87.59179 94.68608 83.86517 97.63587 83.08322 79.91173 74.99467 71.10069 87.85602 79.68873 86.62172 76.43402 52.51105 72.39053 73.64624 51.95994 51.15318 90.13709 81.75467 63.26305 x 76.63439 87.98031 70.35227 51.96762 50.53562
71.35914 97.98539 52.61224 54.98468 79.6813 64.24644 77.43397 53.63294 70.70904 96.9181 71.64948 60.00281 x 94.51802 62.92452 70.69545 51.99165 72.66492 x 66.3036 57.40953 86.45112 x 97.99582 x 70.12352 66.82174 63.88588 66.3171 63.61901 85.26588 70.62349 x 58.13533 70.79236 63.80703 80.5165 88.84121 62.71668 74.31579 86.374 x 87.92146 56.87491 x 57.98771 74.18662 80.90826 82.52014 75.07152
68.3597 83.00877 90.33168 52.4574 63.14052 96.73093 93.28288 54.10519 66.25014 73.97606 68.09269 82.37943 x 86.06265 74.25958 73.66263 75.62136 73.73571 66.3036 x 74.84957 62.43903 95.52822 93.04449 72.56714 91.04629 96.55327 83.6214 81.99293 84.68176 83.96508 80.67826 92.96035 59.7407 65.93827 59.98113 91.294 84.91052 88.73336 73.89198 67.67495 78.5967 78.44366 83.05177 80.59682 67.66302 79.35717 64.03093 91.96443 75.54362
60.01306 94.16365 98.42863 x 95.8344 51.59171 73.7425 68.78302 57.43527 57.57345 78.6585 x 75.56475 73.28096 69.24848 74.12003 69.38698 60.75944 57.40953 74.84957 x 97.38711 74.59703 88.2759 96.48918 x 59.01912 67.25088 90.90899 63.28002 x 64.43366 52.17858 77.24517 62.17361 52.8139 85.98914 x 61.72359 78.55362 58.5412 82.80965 96.12737 63.72912 56.92481 81.91116 81.9031 75.50253 52.35833 78.40104
75.06792 86.1951 95.42287 83.91255 73.42871 70.80375 84.11942 56.58221 88.66237 57.32763 78.21672 61.20371 68.79121 79.15449 54.90931 80.13499 95.62019 71.49761 86.45112 62.43903 97.38711 x 53.29154 59.7533 70.93287 62.06937 x 88.79272 75.90018 73.07717 50.36051 x 74.33054 80.91271 73.71169 60.15565 76.10331 73.5718 89.95253 92.09274 50.61942 70.49297 67.95231 75.2452 64.61253 97.16383 79.33707 71.81394 93.44709 84.62817
64.99195 x 54.67442 83.72713 74.43947 97.6603 81.20033 92.35394 94.91414 63.01339 60.55928 84.64741 78.83339 95.73175 67.56585 81.94076 75.27544 97.43268 x 95.52822 74.59703 53.29154 x 57.79394 54.46917 90.67741 64.18984 77.59163 78.335 83.46881 62.54877 81.47338 67.40962 75.49593 87.87976 71.97539 82.80115 91.20356 96.17726 61.54393 79.20032 86.19987 77.07136 51.02254 51.02561 64.28692 87.54383 56.11554 65.1065 64.76956
96.67145 91.30952 72.36483 77.41062 62.61763 69.21654 66.60878 96.7471 60.61576 86.1636 57.02828 81.13774 84.97932 96.46512 91.98134 x 61.47362 81.16463 97.99582 93.04449 88.2759 59.7533 57.79394 x 86.37109 94.57591 61.79706 79.59072 70.28276 76.347 90.48386 73.0051 53.17588 71.1917 62.99156 98.00689 79.85505 55.73324 71.24398 97.57627 62.6523 93.65557 59.26102 94.93433 66.84915 75.87703 x 79.25779 81.62525 70.7928
70.29483 89.73691 94.1289 98.49821 x 62.23923 50.68214 92.60428 98.77758 68.5802 57.8206 82.61837 97.99982 88.61461 84.17007 53.05716 62.32674 87.59179 x 72.56714 96.48918 70.93287 54.46917 86.37109 x 55.32869 76.88146 58.15695 52.29806 50.84169 72.12109 93.49468 87.26678 x x 71.40881 60.81488 63.17873 80.28265 73.24132 96.72355 90.15085 88.64618 72.03768 74.88965 64.63211 77.63666 52.9315 83.94692 80.79616
96.32534 67.37564 73.4183 76.71595 93.53797 x 68.84037 73.21433 85.76393 80.65347 65.72502 70.78246 88.84445 68.06876 96.13762 x 91.0508 94.68608 70.12352 91.04629 x 62.06937 90.67741 94.57591 55.32869 x 55.29174 57.52845 53.46996 95.90998 94.45118 68.10342 83.31709 81.41075 59.69351 50.25187 74.15409 62.57329 87.10227 77.61315 56.41977 50.60864 62.89557 60.9087 71.55818 91.30256 87.26988 65.1887 53.90997 x
82.33811 87.79113 61.48322 95.17306 89.54624 87.87702 50.641 96.54784 87.74956 84.44592 98.24158 94.55168 89.43513 54.21356 74.09934 66.79292 70.67047 83.86517 66.82174 96.55327 59.01912 x 64.18984 61.79706 76.88146 55.29174 x 83.29769 73.93618 73.76126 52.04359 87.26795 61.54459 64.44114 59.84336 98.15593 62.26713 96.12774 63.90541 89.96243 82.25617 71.76351 61.40114 72.98787 69.75231 51.57573 57.84003 67.05003 57.3026 73.96063
92.99144 96.32388 77.01985 94.62379 98.1839 54.79508 59.36843 51.84333 57.48658 60.71655 98.57258 87.21751 90.2573 x 78.98259 86.83076 77.1586 97.63587 63.88588 83.6214 67.25088 88.79272 77.59163 79.59072 58.15695 57.52845 83.29769 x 89.26298 95.26709 73.01124 80.39344 84.34778 82.83341 54.14147 87.10968 77.48809 58.89618 x 63.34429 60.60132 87.92514 78.21281 56.21731 59.67354 94.00642 77.4966 76.68399 67.28956 53.57771
60.18859 71.50696 73.13706 x 94.45315 56.61567 90.61333 70.2719 52.07254 74.28593 56.73794 77.10193 84.9151 78.20426 77.47248 94.20726 70.47263 83.08322 66.3171 81.99293 90.90899 75.90018 78.335 70.28276 52.29806 53.46996 73.93618 89.26298 x 83.92712 94.67963 67.60348 85.41581 66.16397 67.41376 92.55692 x 63.11454 76.57072 57.39203 68.56974 92.94321 79.49974 79.58517 97.36743 59.40656 84.40653 76.01933 61.70149 78.03789
92.88184 68.86843 73.16176 87.67544 81.98162 68.42637 83.61098 54.77272 89.64278 80.97052 50.50751 65.99248 91.66829 57.40252 73.84223 82.57556 83.7663 79.91173 63.61901 84.68176 63.28002 73.07717 83.46881 76.347 50.84169 95.90998 73.76126 95.26709 83.92712 x 69.40652 75.07773 70.67569 60.94766 87.55452 60.36284 x 86.29255 55.82828 57.5982 80.46762 80.22018 74.34106 78.52278 59.71019 90.77248 x 81.58693 x 50.41362
83.10226 53.78819 89.48677 79.32134 98.19062 76.47482 66.13212 79.91987 67.763 93.30524 60.07609 60.37832 56.43866 94.25131 93.30735 x 82.4719 74.99467 85.26588 83.96508 x 50.36051 62.54877 90.48386 72.12109 94.45118 52.04359 73.01124 94.67963 69.40652 x 90.88192 89.96124 75.71582 65.82598 89.54443 51.49705 93.85525 x 59.25901 87.1335 88.65297 78.04389 56.22866 51.78309 91.61031 89.82315 53.9607 x 90.03472
76.71511 71.59455 55.26908 65.57543 89.91727 97.72147 89.92735 78.408 86.03823 82.35532 70.52681 66.24619 84.39785 54.0357 82.70511 54.82856 92.23283 71.10069 70.62349 80.67826 64.43366 x 81.47338 73.0051 93.49468 68.10342 87.26795 80.39344 67.60348 75.07773 90.88192 x 74.29384 61.14998 55.21338 66.61394 77.77503 82.98653 52.63397 76.09571 87.82802 60.37863 66.45559 93.07932 79.35891 53.01612 97.96841 97.22077 65.11008 91.06559
56.99934 83.99391 82.00628 91.08321 55.57227 82.75117 82.08041 60.35638 54.90597 57.45495 55.73279 62.66895 71.65677 63.10319 93.62031 x 71.96382 87.85602 x 92.96035 52.17858 74.33054 67.40962 53.17588 87.26678 83.31709 61.54459 84.34778 85.41581 70.67569 89.96124 74.29384 x 75.39183 84.87237 53.85476 74.20239 93.04281 90.92205 96.94417 86.37506 52.453 64.21815 77.36829 52.22795 85.70733 82.80029 73.85209 84.7446 x
53.79908 78.24242 74.93953 59.28881 53.09317 87.14372 51.34508 83.62526 76.94055 78.23803 73.50111 51.66853 91.44202 60.89419 79.38046 51.6096 88.5126 79.68873 58.13533 59.7407 77.24517 80.91271 75.49593 71.1917 x 81.41075 64.44114 82.83341 66.16397 60.94766 75.71582 61.14998 75.39183 x 59.44293 96.4786 52.70886 64.08528 83.10605 60.25883 x 60.82461 71.6764 56.49165 57.97045 78.74086 88.81068 62.23018 96.67562 95.77358
68.71214 86.32173 77.71619 96.34811 77.94644 81.71791 68.68886 95.69813 68.18788 91.45752 69.17857 x x 50.49094 89.25527 91.9207 64.25912 86.62172 70.79236 65.93827 62.17361 73.71169 87.87976 62.99156 x 59.69351 59.84336 54.14147 67.41376 87.55452 65.82598 55.21338 84.87237 59.44293 x 94.59984 57.68611 90.6264 80.07277 97.31821 75.67631 88.04165 73.02146 87.76275 x 66.53258 90.21638 84.89199 80.72306 84.40742
69.00615 79.40212 52.7717 84.58362 71.05881 74.11176 66.07139 81.56304 97.93851 71.70269 81.48842 85.37735 81.23395 84.4263 88.20331 51.78677 74.52333 76.43402 63.80703 59.98113 52.8139 60.15565 71.97539 98.00689 71.40881 50.25187 98.15593 87.10968 92.55692 60.36284 89.54443 66.61394 53.85476 96.4786 94.59984 x 56.61982 68.23912 80.86472 56.22137 83.73376 90.4569 90.76482 79.1325 78.90696 74.12398 74.56908 86.91919 51.49245 78.39248
69.58328 64.33639 98.41213 83.97089 58.71816 70.95319 51.69145 61.91574 x 65.76667 78.26761 90.85453 88.57068 79.57994 68.17317 x 85.24494 52.51105 80.5165 91.294 85.98914 76.10331 82.80115 79.85505 60.81488 74.15409 62.26713 77.48809 x x 51.49705 77.77503 74.20239 52.70886 57.68611 56.61982 x 90.15097 85.31412 60.50971 84.47245 91.56873 67.53865 75.88698 86.53344 71.58294 81.26109 66.82478 71.83119 x
73.61577 79.37033 57.77593 77.26581 88.7903 82.54453 57.75494 70.79844 56.71755 65.2219 78.17588 94.31908 82.75672 97.73889 69.75693 85.74215 97.63476 72.39053 88.84121 84.91052 x 73.5718 91.20356 55.73324 63.17873 62.57329 96.12774 58.89618 63.11454 86.29255 93.85525 82.98653 93.04281 64.08528 90.6264 68.23912 90.15097 x 81.68542 92.3474 94.93147 79.32276 68.50777 62.09555 51.50981 61.13188 57.66652 83.74495 84.1902 70.16447
80.48652 75.34594 x 90.74507 62.05072 83.18214 91.11414 x 81.59081 x 93.07762 61.15277 x 91.41712 85.22287 94.52758 x 73.64624 62.71668 88.73336 61.72359 89.95253 96.17726 71.24398 80.28265 87.10227 63.90541 x 76.57072 55.82828 x 52.63397 90.92205 83.10605 80.07277 80.86472 85.31412 81.68542 x 62.24302 67.56014 x x 92.33143 63.79653 80.70486 63.12156 71.21834 74.73317 59.38444
53.36826 x 87.07449 87.3144 85.65601 79.10561 85.463 97.09657 87.85663 76.32629 68.8568 58.97932 x 58.18911 65.91494 64.57642 87.48861 51.95994 74.31579 73.89198 78.55362 92.09274 61.54393 97.57627 73.24132 77.61315 89.96243 63.34429 57.39203 57.5982 59.25901 76.09571 96.94417 60.25883 97.31821 56.22137 60.50971 92.3474 62.24302 x 96.68063 75.26262 82.55608 53.74768 90.60434 53.48018 73.50801 77.14043 76.03138 59.45749
54.91848 58.78801 62.68595 51.49479 75.93358 x 50.02729 61.85844 71.05952 53.94603 81.79284 x 97.3155 83.18988 85.76065 72.4219 52.16727 51.15318 86.374 67.67495 58.5412 50.61942 79.20032 62.6523 96.72355 56.41977 82.25617 60.60132 68.56974 80.46762 87.1335 87.82802 86.37506 x 75.67631 83.73376 84.47245 94.93147 67.56014 96.68063 x 71.55606 73.71325 86.84604 96.53193 55.71913 62.2416 93.59223 56.14975 78.18081
98.16232 73.66119 80.00208 89.23761 77.76906 54.62489 94.10481 63.70995 62.71926 73.42506 64.57106 57.13921 65.35113 87.88081 92.54586 81.34984 68.21834 90.13709 x 78.5967 82.80965 70.49297 86.19987 93.65557 90.15085 50.60864 71.76351 87.92514 92.94321 80.22018 88.65297 60.37863 52.453 60.82461 88.04165 90.4569 91.56873 79.32276 x 75.26262 71.55606 x 89.13382 96.77896 72.48313 x 73.44754 61.74488 59.16132 96.92016
79.32037 90.25724 84.87447 67.09855 98.67484 74.54756 92.53028 96.59063 71.89276 84.08368 94.73593 62.46508 90.20129 74.74517 88.20033 64.95401 89.99186 81.75467 87.92146 78.44366 96.12737 67.95231 77.07136 59.26102 88.64618 62.89557 61.40114 78.21281 79.49974 74.34106 78.04389 66.45559 64.21815 71.6764 73.02146 90.76482 67.53865 68.50777 x 82.55608 73.71325 89.13382 x 86.56223 64.72828 51.58769 51.59086 98.57139 57.40357 88.81169
70.98041 56.75422 63.55034 65.44924 59.87414 53.25394 x 96.59466 68.95659 74.47403 91.53649 71.88053 72.43125 96.65506 74.68241 88.75428 85.60839 63.26305 56.87491 83.05177 63.72912 75.2452 51.02254 94.93433 72.03768 60.9087 72.98787 56.21731 79.58517 78.52278 56.22866 93.07932 77.36829 56.49165 87.76275 79.1325 75.88698 62.09555 92.33143 53.74768 86.84604 96.77896 86.56223 x 54.63326 72.90845 69.44149 54.14187 54.76552 58.89994
61.33612 80.306 69.10154 66.25747 81.78681 85.55109 81.25968 82.79996 57.47517 71.04354 70.40942 89.88793 97.26447 86.45407 53.13537 87.85327 81.7999 x x 80.59682 56.92481 64.61253 51.02561 66.84915 74.88965 71.55818 69.75231 59.67354 97.36743 59.71019 51.78309 79.35891 52.22795 57.97045 x 78.90696 86.53344 51.50981 63.79653 90.60434 96.53193 72.48313 64.72828 54.63326 x 63.79944 56.91417 68.03584 82.46946 69.29786
70.48422 94.14679 56.01288 59.44073 91.80757 59.40208 53.00006 88.09513 62.85844 72.91385 67.82969 72.34104 92.01775 x 73.66271 69.76498 72.73846 76.63439 57.98771 67.66302 81.91116 97.16383 64.28692 75.87703 64.63211 91.30256 51.57573 94.00642 59.40656 90.77248 91.61031 53.01612 85.70733 78.74086 66.53258 74.12398 71.58294 61.13188 80.70486 53.48018 55.71913 x 51.58769 72.90845 63.79944 x 88.76868 85.34122 86.31694 97.45769
78.03287 92.47239 73.64701 83.92896 77.04422 56.72042 51.52844 77.29958 63.71272 88.07887 x 84.03689 88.91938 97.55731 69.99993 52.82144 72.84226 87.98031 74.18662 79.35717 81.9031 79.33707 87.54383 x 77.63666 87.26988 57.84003 77.4966 84.40653 x 89.82315 97.96841 82.80029 88.81068 90.21638 74.56908 81.26109 57.66652 63.12156 73.50801 62.2416 73.44754 51.59086 69.44149 56.91417 88.76868 x 84.29964 86.50514 70.77461
76.53868 63.8308 57.90638 51.63874 63.29297 56.76595 76.90383 68.50562 73.68434 x 59.58034 52.33353 69.52561 93.33005 61.64797 70.60643 60.75062 70.35227 80.90826 64.03093 75.50253 71.81394 56.11554 79.25779 52.9315 65.1887 67.05003 76.68399 76.01933 81.58693 53.9607 97.22077 73.85209 62.23018 84.89199 86.91919 66.82478 83.74495 71.21834 77.14043 93.59223 61.74488 98.57139 54.14187 68.03584 85.34122 84.29964 x 95.60939 79.36607
77.18339 67.51428 56.28591 71.296 60.22499 77.92203 62.2975 98.92849 91.71962 x 68.18316 78.57968 x 81.47601 96.43366 79.03137 72.2812 51.96762 82.52014 91.96443 52.35833 93.44709 65.1065 81.62525 83.94692 53.90997 57.3026 67.28956 61.70149 x x 65.11008 84.7446 96.67562 80.72306 51.49245 71.83119 84.1902 74.73317 76.03138 56.14975 59.16132 57.40357 54.76552 82.46946 86.31694 86.50514 95.60939 x 78.59891
90.16816 58.07583 85.23995 87.34799 95.59674 70.40805 89.04046 69.3138 85.78977 85.54843 82.38696 54.33692 97.94613 89.00973 77.70286 56.99759 71.20935 50.53562 75.07152 75.54362 78.40104 84.62817 64.76956 70.7928 80.79616 x 73.96063 53.57771 78.03789 50.41362 90.03472 91.06559 x 95.77358 84.40742 78.39248 x 70.16447 59.38444 59.45749 78.18081 96.92016 88.81169 58.89994 69.29786 97.45769 70.77461 79.36607 78.59891 x