50
25
0 1 2 3 4 5 6 7 8 9 10 11 12 13 14 15 16 17 18 19 20 21 22 23 24 25 26 27 28 29 30 31 32 33 34 35 36 37 38 39 40 41 42 43 44 45 46 47 48 49
3 43 15 9 4 32 37 24 46 16 29 42 48 19 28 0 34 13 7 22 11 1 49 20 40
0
x 50.55867 88.67925 x 66.64807 59.58889 68.72794 85.68255 78.31415 82.82285 79.63255 56.27982 85.27834 87.75889 70.97867 88.67208 86.40969 64.02345 x 96.08732 78.84706 83.04742 50.15549 71.35718 56.2017 94.11723 97.04455 81.25351 x 58.74379 79.60257 70.64192 68.39789 54.26261 68.97197 89.9151 63.20727 88.20465 97.89732 58.59519 65.69741 95.92762 52.74889 75.30504 65.23314 56.25687 92.95744 63.86759 79.05153 83.63955
50.55867 x 73.98624 52.83466 97.49899 68.82564 60.19531 77.4259 83.78952 66.74644 53.69322 94.69131 91.29808 87.21744 78.7501 56.76561 95.69259 71.86924 58.98832 98.57319 57.00256 72.57872 88.79458 71.68069 77.12643 91.72797 52.12879 51.06738 66.92478 64.07263 84.96586 98.49347 80.17269 79.98834 71.52898 72.95552 61.11498 87.72272 55.80368 78.59084 62.90148 78.60362 78.25867 65.25503 77.45251 61.8319 74.41007 65.97915 80.09713 84.67885
88.67925 73.98624 x 51.69707 54.38077 63.44079 62.33218 84.93905 77.34645 70.55895 66.7815 63.14652 89.94736 x x 54.2857 57.32801 61.01475 51.56223 77.01664 56.89522 70.13999 75.2633 68.95909 86.95789 59.86662 64.96354 52.8247 87.07871 69.17541 88.91533 74.56651 80.31107 81.84866 86.90679 58.6202 79.29025 71.21314 78.18267 82.28997 67.87276 74.82919 72.71243 94.89887 86.15113 92.00066 51.70791 59.16938 71.66079 62.4571
x 52.83466 51.69707 x 72.70158 72.78054 96.64122 68.03445 53.94926 82.08808 79.27986 84.90029 x 70.79612 73.20022 73.87617 86.87952 85.99503 67.20814 64.09464 73.76817 95.77128 90.76976 59.60043 57.67138 88.85492 56.02977 95.48414 91.94638 66.11848 60.49945 66.49935 52.54102 98.52169 52.36214 65.08445 79.28084 85.06278 61.87279 81.7974 98.82729 95.19063 79.46437 82.04695 66.05803 98.96149 x 76.28236 82.97002 67.45834
66.64807 97.49899 54.38077 72.70158 x 78.67094 57.93934 88.48115 52.72656 80.27823 65.53016 x 57.142 94.83651 78.09446 77.54249 53.28794 63.16093 61.65556 81.54981 65.78767 95.94048 78.85787 83.21834 57.83988 50.56037 71.63612 85.06372 50.8543 83.78891 67.24106 67.24184 68.1335 x 73.44331 51.83442 90.91726 92.74014 75.23154 79.47129 73.76539 51.95513 93.86409 73.82741 66.07122 x 68.358 x 66.90106 94.14122
59.58889 68.82564 63.44079 72.78054 78.67094 x 59.20302 68.86073 90.66492 95.65067 64.1397 63.92435 87.74962 76.9942 97.53165 65.13001 96.77563 76.27715 75.99602 74.12806 60.71316 88.85232 68.82855 59.30656 73.4807 98.78665 78.91119 78.85524 86.64357 53.85228 56.85489 50.77249 75.61535 87.10155 79.87157 83.02843 92.78189 93.78617 91.58743 71.26262 73.44587 74.2445 59.91156 94.39078 95.74993 72.43642 x 72.68975 98.61731 51.05171
68.72794 60.19531 62.33218 96.64122 57.93934 59.20302 x 69.09659 93.15767 89.44702 59.43786 x 61.99346 62.79303 86.48283 85.85825 70.21261 x 62.53304 67.40759 75.65944 84.5185 88.40261 78.24282 58.42702 94.70549 78.16998 62.9193 88.27649 70.58804 61.82208 72.26413 95.94079 79.30513 61.2168 96.05634 98.16339 67.2883 70.69293 97.21183 76.84883 84.19337 63.04793 x 92.89694 83.41759 50.07765 78.16832 98.40457 93.70427
85.68255 77.4259 84.93905 68.03445 88.48115 68.86073 69.09659 x 51.30953 79.06939 91.63937 59.06607 98.51949 66.67718 71.21587 61.26311 80.37659 73.34612 79.53376 86.84977 63.29117 67.3059 89.54534 54.59895 55.44041 90.92198 94.67259 50.94537 74.66901 91.20977 76.45363 73.1038 54.22429 74.54207 84.14889 50.90125 71.97565 56.27196 x 65.68801 51.2948 71.09194 66.04835 55.27211 50.48998 76.40767 60.20553 62.38448 91.39889 98.67503
78.31415 83.78952 77.34645 53.94926 52.72656 90.66492 93.15767 51.30953 x 60.03334 84.18919 51.2422 52.85851 68.44109 69.3783 92.85491 76.7136 93.07672 86.18378 90.40539 78.54886 76.16232 59.15503 86.38811 98.57008 57.61393 54.24206 69.39361 51.97346 60.77269 77.78796 50.95663 80.12869 75.57896 87.2905 83.23843 62.25912 63.85553 79.933 60.38196 x 96.93269 56.84995 93.72526 96.96455 80.93497 61.23181 97.99338 86.01789 81.11422
82.82285 66.74644 70.55895 82.08808 80.27823 95.65067 89.44702 79.06939 60.03334 x 70.12959 63.73436 77.01389 58.55151 67.88714 65.51521 66.61915 55.00135 x 51.31966 90.61359 x 61.72517 68.30813 63.34859 54.00875 62.93419 75.79474 54.04375 x 54.90628 60.83727 88.74035 90.4696 97.05725 92.29211 96.47819 74.89043 87.47212 98.62787 82.54496 78.85865 64.92113 65.80158 81.01849 93.76947 69.60585 81.46014 59.23788 54.90578
79.63255 53.69322 66.7815 79.27986 65.53016 64.1397 59.43786 91.63937 84.18919 70.12959 x 80.46033 94.12489 96.15578 53.52939 94.92494 84.69488 75.58613 58.13004 63.18087 72.46473 55.69902 52.69915 57.15614 69.74736 78.50271 51.75963 74.59123 66.73718 50.42523 80.6539 69.44278 60.60658 86.03192 50.15742 58.35187 78.76523 72.4883 53.85302 84.23965 94.06904 65.77495 68.58506 50.10817 67.8261 78.54039 51.45163 85.92476 78.99199 57.63683
56.27982 94.69131 63.14652 84.90029 x 63.92435 x 59.06607 51.2422 63.73436 80.46033 x 72.01387 83.4977 93.54479 97.84197 77.55443 x 90.98972 87.77408 73.38383 91.49428 58.29218 56.55788 65.79083 69.05651 76.16419 79.3592 84.54751 94.50202 76.76811 85.8589 83.59212 56.48832 74.55443 x 76.09876 54.61758 57.87748 98.12648 61.58496 93.81151 53.24241 84.17225 x 65.42432 71.58462 x 59.89067 79.16666
85.27834 91.29808 89.94736 x 57.142 87.74962 61.99346 98.51949 52.85851 77.01389 94.12489 72.01387 x 52.50349 73.31141 80.08377 53.43623 69.28702 80.43406 87.30813 71.02987 51.51835 98.08635 63.91957 59.4847 89.51374 57.28364 89.74855 x 51.58602 68.42924 51.51863 57.27636 66.21433 94.84117 92.0958 64.01013 79.62081 96.31208 60.12501 66.12574 82.88316 69.49213 64.83853 62.66756 61.64796 66.66139 73.43379 53.58459 96.77081
87.75889 87.21744 x 70.79612 94.83651 76.9942 62.79303 66.67718 68.44109 58.55151 96.15578 83.4977 52.50349 x 58.72044 57.20368 57.81778 68.73372 58.135 92.72668 68.40785 76.43116 81.95195 69.57741 90.81405 81.12289 81.48074 74.79174 87.58057 74.78929 88.25203 60.73776 53.14333 94.89918 84.24656 66.50861 58.39576 68.13256 95.54148 x 97.78338 98.97688 75.31847 56.42846 59.07689 66.46456 60.69381 84.24687 84.46488 79.94102
70.97867 78.7501 x 73.20022 78.09446 97.53165 86.48283 71.21587 69.3783 67.88714 53.52939 93.54479 73.31141 58.72044 x 96.64394 60.8804 81.35745 74.63737 60.97043 67.32602 68.58758 63.05015 91.37121 95.26583 76.20123 50.40624 94.767 52.65532 67.50251 x 82.8201 56.96823 81.58227 91.16575 73.56699 70.53909 60.95666 89.58786 81.55658 64.06997 69.47748 x 80.62798 98.34106 75.5976 65.6916 88.79798 95.48465 77.28926
88.67208 56.76561 54.2857 73.87617 77.54249 65.13001 85.85825 61.26311 92.85491 65.51521 94.92494 97.84197 80.08377 57.20368 96.64394 x 75.07616 58.88653 63.32873 63.20869 73.08322 82.10072 78.15482 68.78317 50.07073 93.06517 79.00604 97.58753 66.00554 96.80516 64.08415 64.3808 83.28282 59.11672 78.78258 58.12979 96.18802 84.49587 73.5481 82.49554 79.14759 67.13874 77.15995 91.02449 62.35881 62.07614 97.56312 85.77956 50.54844 50.10982
86.40969 95.69259 57.32801 86.87952 53.28794 96.77563 70.21261 80.37659 76.7136 66.61915 84.69488 77.55443 53.43623 57.81778 60.8804 75.07616 x 84.66315 62.96559 53.70861 75.08594 56.98141 81.55606 54.35136 81.18516 51.4128 82.9546 50.61825 57.34094 89.06361 82.02877 96.46521 60.45135 97.59923 71.83837 85.74319 50.73676 87.85317 98.21085 63.94038 x 72.04335 77.62499 98.60885 98.15199 82.0475 66.20056 61.61976 83.40599 65.78547
64.02345 71.86924 61.01475 85.99503 63.16093 76.27715 x 73.34612 93.07672 55.00135 75.58613 x 69.28702 68.73372 81.35745 58.88653 84.66315 x 67.17483 80.81508 97.93067 69.45297 71.83771 x 91.959 67.05844 82.36718 82.11379 x 60.55896 61.63177 53.90972 68.73307 79.70517 96.45686 82.34614 80.83134 69.47029 77.26376 88.0674 x 54.46805 76.74301 66.54179 81.95192 53.77929 85.20652 98.45342 89.03909 78.15391
x 58.98832 51.56223 67.20814 61.65556 75.99602 62.53304 79.53376 86.18378 x 58.13004 90.98972 80.43406 58.135 74.63737 63.32873 62.96559 67.17483 x 95.44378 54.74844 91.2556 62.28243 71.70827 63.14832 96.0356 64.50159 93.1837 96.0508 82.11777 94.68288 80.06884 73.97398 83.61032 96.23173 54.04807 91.82144 51.0232 78.45586 88.96499 94.57898 63.51576 66.85421 69.19464 69.51355 x 90.24255 55.34331 96.36759 72.52911
96.08732 98.57319 77.01664 64.09464 81.54981 74.12806 67.40759 86.84977 90.40539 51.31966 63.18087 87.77408 87.30813 92.72668 60.97043 63.20869 53.70861 80.81508 95.44378 x x 85.54326 95.86786 84.94234 62.50761 53.90901 53.37067 57.42864 62.32581 89.84036 64.34217 93.32492 91.21249 79.41247 53.17433 83.42639 x 85.42528 93.95585 64.05099 88.73863 72.53303 87.68277 84.47231 71.35822 66.75998 95.08346 x 65.40338 92.339
78.84706 57.00256 56.89522 73.76817 65.78767 60.71316 75.65944 63.29117 78.54886 90.61359 72.46473 73.38383 71.02987 68.40785 67.32602 73.08322 75.08594 97.93067 54.74844 x x 82.50374 50.72089 90.12129 63.08192 98.15273 54.64191 54.07225 62.29531 56.87834 71.56249 81.37069 88.9277 56.39916 50.08112 52.5303 67.00967 80.24443 54.00039 62.25119 73.88615 62.17127 85.10957 61.07879 81.6759 52.64562 94.72638 52.04618 53.72542 57.9012
83.04742 72.57872 70.13999 95.77128 95.94048 88.85232 84.5185 67.3059 76.16232 x 55.69902 91.49428 51.51835 76.43116 68.58758 82.10072 56.98141 69.45297 91.2556 85.54326 82.50374 x 74.08888 91.59359 91.53627 85.64196 x 86.58066 88.6128 89.42087 91.18422 53.82472 83.79125 58.51346 80.60546 75.9143 67.36633 81.59361 56.07359 74.88637 64.7063 96.8266 63.66276 87.78302 73.81968 63.6959 66.546 94.48622 68.28479 53.56461
50.15549 88.79458 75.2633 90.76976 78.85787 68.82855 88.40261 89.54534 59.15503 61.72517 52.69915 58.29218 98.08635 81.95195 63.05015 78.15482 81.55606 71.83771 62.28243 95.86786 50.72089 74.08888 x 98.56847 91.03017 78.86202 64.25426 68.69331 78.23495 98.65977 63.53309 51.8227 x 96.83079 90.5794 95.56763 77.9656 88.38903 64.45604 61.19143 x 53.64043 81.36772 87.33921 82.09156 x 61.7642 59.682 50.8948 88.96087
71.35718 71.68069 68.95909 59.60043 83.21834 59.30656 78.24282 54.59895 86.38811 68.30813 57.15614 56.55788 63.91957 69.57741 91.37121 68.78317 54.35136 x 71.70827 84.94234 90.12129 91.59359 98.56847 x 63.76062 96.85401 95.36816 63.86443 94.40639 69.99322 66.45205 59.21692 56.4162 95.2691 86.09389 85.7457 90.71484 89.3264 97.97242 72.28071 66.25059 56.24993 72.31216 71.60227 61.62243 70.65954 89.06029 68.62943 50.1726 67.29979
56.2017 77.12643 86.95789 57.67138 57.83988 73.4807 58.42702 55.44041 98.57008 63.34859 69.74736 65.79083 59.4847 90.81405 95.26583 50.07073 81.18516 91.959 63.14832 62.50761 63.08192 91.53627 91.03017 63.76062 x 87.91662 88.33334 91.60402 98.41829 51.16066 73.17157 94.29383 84.26207 57.11403 76.57293 56.43229 88.68436 67.07389 61.27076 95.28188 81.97344 75.29348 61.26092 70.84196 88.90359 83.0718 84.03992 54.94679 66.77157 54.98382
94.11723 91.72797 59.86662 88.85492 50.56037 98.78665 94.70549 90.92198 57.61393 54.00875 78.50271 69.05651 89.51374 81.12289 76.20123 93.06517 51.4128 67.05844 96.0356 53.90901 98.15273 85.64196 78.86202 96.85401 87.91662 x 88.57059 88.10544 78.85225 77.49026 64.2167 80.57033 89.62685 52.2979 57.43205 90.49449 90.50819 50.9633 59.8941 95.31763 76.25108 98.61535 93.78554 84.94021 65.89636 61.52104 83.19419 61.44942 50.92413 96.43776
97.04455 52.12879 64.96354 56.02977 71.63612 78.91119 78.16998 94.67259 54.24206 62.93419 51.75963 76.16419 57.28364 81.48074 50.40624 79.00604 82.9546 82.36718 64.50159 53.37067 54.64191 x 64.25426 95.36816 88.33334 88.57059 x 93.45943 60.42669 68.05045 81.42795 73.81035 87.49185 58.14645 80.62694 59.42682 x 50.73103 79.51177 55.22677 93.75426 56.73699 79.36444 91.78641 x 90.84072 56.98448 55.54067 98.47439 81.35515
81.25351 51.06738 52.8247 95.48414 85.06372 78.85524 62.9193 50.94537 69.39361 75.79474 74.59123 79.3592 89.74855 74.79174 94.767 97.58753 50.61825 82.11379 93.1837 57.42864 54.07225 86.58066 68.69331 63.86443 91.60402 88.10544 93.45943 x 82.54093 70.40967 95.87721 85.02685 86.21019 x 53.16961 76.12148 63.04045 77.21289 73.1858 55.73114 94.43963 89.96335 58.53829 64.83217 93.73141 53.80825 55.49475 79.72585 78.99029 62.19879
x 66.92478 87.07871 91.94638 50.8543 86.64357 88.27649 74.66901 51.97346 54.04375 66.73718 84.54751 x 87.58057 52.65532 66.00554 57.34094 x 96.0508 62.32581 62.29531 88.6128 78.23495 94.40639 98.41829 78.85225 60.42669 82.54093 x 82.8 98.85828 90.73598 51.54526 x 58.94532 65.31999 52.44744 68.6172 71.20224 52.23439 64.95526 53.26695 80.48173 80.6111 86.32925 77.27827 77.63278 50.08004 73.81395 85.63458
58.74379 64.07263 69.17541 66.11848 83.78891 53.85228 70.58804 91.20977 60.77269 x 50.42523 94.50202 51.58602 74.78929 67.50251 96.80516 89.06361 60.55896 82.11777 89.84036 56.87834 89.42087 98.65977 69.99322 51.16066 77.49026 68.05045 70.40967 82.8 x 66.52336 56.41902 91.46006 81.44544 62.93217 92.39774 52.8813 83.01427 71.44337 71.432 61.0435 72.55744 77.70607 91.76869 94.43399 83.41682 90.31475 92.07334 89.18108 61.26452
79.60257 84.96586 88.91533 60.49945 67.24106 56.85489 61.82208 76.45363 77.78796 54.90628 80.6539 76.76811 68.42924 88.25203 x 64.08415 82.02877 61.63177 94.68288 64.34217 71.56249 91.18422 63.53309 66.45205 73.17157 64.2167 81.42795 95.87721 98.85828 66.52336 x 75.22507 91.75906 55.45818 x 57.50742 54.28429 85.01435 71.54347 x 87.84689 76.15568 68.6278 61.17165 53.88528 80.71881 90.26793 73.0997 53.0319 90.7065
70.64192 98.49347 74.56651 66.49935 67.24184 50.77249 72.26413 73.1038 50.95663 60.83727 69.44278 85.8589 51.51863 60.73776 82.8201 64.3808 96.46521 53.90972 80.06884 93.32492 81.37069 53.82472 51.8227 59.21692 94.29383 80.57033 73.81035 85.02685 90.73598 56.41902 75.22507 x 90.0955 69.47057 51.47642 73.37368 57.06469 69.44648 50.15485 74.14229 80.63099 58.82389 91.81208 69.05488 77.39001 89.34935 73.12956 73.83736 88.59038 67.1938
68.39789 80.17269 80.31107 52.54102 68.1335 75.61535 95.94079 54.22429 80.12869 88.74035 60.60658 83.59212 57.27636 53.14333 56.96823 83.28282 60.45135 68.73307 73.97398 91.21249 88.9277 83.79125 x 56.4162 84.26207 89.62685 87.49185 86.21019 51.54526 91.46006 91.75906 90.0955 x 55.28171 95.11123 86.66987 61.55873 x 64.96127 59.47955 91.94796 93.08391 70.35006 97.50195 90.40691 68.4725 54.60366 91.81197 75.81712 90.99989
54.26261 79.98834 81.84866 98.52169 x 87.10155 79.30513 74.54207 75.57896 90.4696 86.03192 56.48832 66.21433 94.89918 81.58227 59.11672 97.59923 79.70517 83.61032 79.41247 56.39916 58.51346 96.83079 95.2691 57.11403 52.2979 58.14645 x x 81.44544 55.45818 69.47057 55.28171 x 53.27973 89.31395 97.52094 78.03269 89.22197 82.22058 72.82587 x 60.3905 56.68917 91.1297 70.51698 x 57.53096 55.00117 98.49064
68.97197 71.52898 86.90679 52.36214 73.44331 79.87157 61.2168 84.14889 87.2905 97.05725 50.15742 74.55443 94.84117 84.24656 91.16575 78.78258 71.83837 96.45686 96.23173 53.17433 50.08112 80.60546 90.5794 86.09389 76.57293 57.43205 80.62694 53.16961 58.94532 62.93217 x 51.47642 95.11123 53.27973 x 75.61252 76.89986 57.12245 95.81844 60.28092 81.79893 66.78032 97.87503 69.17116 97.80585 93.22725 79.54918 71.27973 83.36903 64.41759
89.9151 72.95552 58.6202 65.08445 51.83442 83.02843 96.05634 50.90125 83.23843 92.29211 58.35187 x 92.0958 66.50861 73.56699 58.12979 85.74319 82.34614 54.04807 83.42639 52.5303 75.9143 95.56763 85.7457 56.43229 90.49449 59.42682 76.12148 65.31999 92.39774 57.50742 73.37368 86.66987 89.31395 75.61252 x 73.26908 72.86704 57.12968 59.77551 57.86841 90.11448 52.99069 78.74906 66.25757 93.87705 77.00102 61.57837 67.83882 75.97454
63.20727 61.11498 79.29025 79.28084 90.91726 92.78189 98.16339 71.97565 62.25912 96.47819 78.76523 76.09876 64.01013 58.39576 70.53909 96.18802 50.73676 80.83134 91.82144 x 67.00967 67.36633 77.9656 90.71484 88.68436 90.50819 x 63.04045 52.44744 52.8813 54.28429 57.06469 61.55873 97.52094 76.89986 73.26908 x 50.11955 98.20413 54.49357 58.25323 82.73794 x 55.04894 50.23706 98.18169 59.84734 67.24772 60.96552 85.91935
88.20465 87.72272 71.21314 85.06278 92.74014 93.78617 67.2883 56.27196 63.85553 74.89043 72.4883 54.61758 79.62081 68.13256 60.95666 84.49587 87.85317 69.47029 51.0232 85.42528 80.24443 81.59361 88.38903 89.3264 67.07389 50.9633 50.73103 77.21289 68.6172 83.01427 85.01435 69.44648 x 78.03269 57.12245 72.86704 50.11955 x 78.42766 54.66729 55.96258 94.04014 79.24644 65.81708 x 91.85357 50.28684 80.87584 x 68.42841
97.89732 55.80368 78.18267 61.87279 75.23154 91.58743 70.69293 x 79.933 87.47212 53.85302 57.87748 96.31208 95.54148 89.58786 73.5481 98.21085 77.26376 78.45586 93.95585 54.00039 56.07359 64.45604 97.97242 61.27076 59.8941 79.51177 73.1858 71.20224 71.44337 71.54347 50.15485 64.96127 89.22197 95.81844 57.12968 98.20413 78.42766 x 82.78749 84.60626 62.76647 62.09269 89.76667 91.84194 96.21892 70.60342 93.7931 91.10151 81.63486
58.59519 78.59084 82.28997 81.7974 79.47129 71.26262 97.21183 65.68801 60.38196 98.62787 84.23965 98.12648 60.12501 x 81.55658 82.49554 63.94038 88.0674 88.96499 64.05099 62.25119 74.88637 61.19143 72.28071 95.28188 95.31763 55.22677 55.73114 52.23439 71.432 x 74.14229 59.47955 82.22058 60.28092 59.77551 54.49357 54.66729 82.78749 x 66.52744 61.67204 75.01063 51.95562 73.4549 x 87.70308 95.88888 54.02349 68.45393
65.69741 62.90148 67.87276 98.82729 73.76539 73.44587 76.84883 51.2948 x 82.54496 94.06904 61.58496 66.12574 97.78338 64.06997 79.14759 x x 94.57898 88.73863 73.88615 64.7063 x 66.25059 81.97344 76.25108 93.75426 94.43963 64.95526 61.0435 87.84689 80.63099 91.94796 72.82587 81.79893 57.86841 58.25323 55.96258 84.60626 66.52744 x 50.19313 97.86696 60.47339 81.47638 91.22497 82.37687 54.37279 x 70.9527
95.92762 78.60362 74.82919 95.19063 51.95513 74.2445 84.19337 71.09194 96.93269 78.85865 65.77495 93.81151 82.88316 98.97688 69.47748 67.13874 72.04335 54.46805 63.51576 72.53303 62.17127 96.8266 53.64043 56.24993 75.29348 98.61535 56.73699 89.96335 53.26695 72.55744 76.15568 58.82389 93.08391 x 66.78032 90.11448 82.73794 94.04014 62.76647 61.67204 50.19313 x 83.57207 85.36343 98.73847 72.09876 x 82.76116 78.59659 59.31288
52.74889 78.25867 72.71243 79.46437 93.86409 59.91156 63.04793 66.04835 56.84995 64.92113 68.58506 53.24241 69.49213 75.31847 x 77.15995 77.62499 76.74301 66.85421 87.68277 85.10957 63.66276 81.36772 72.31216 61.26092 93.78554 79.36444 58.53829 80.48173 77.70607 68.6278 91.81208 70.35006 60.3905 97.87503 52.99069 x 79.24644 62.09269 75.01063 97.86696 83.57207 x 85.91956 57.27613 74.12927 63.46994 93.15926 83.49726 61.97313
75.30504 65.25503 94.89887 82.04695 73.82741 94.39078 x 55.27211 93.72526 65.80158 50.10817 84.17225 64.83853 56.42846 80.62798 91.02449 98.60885 66.54179 69.19464 84.47231 61.07879 87.78302 87.33921 71.60227 70.84196 84.94021 91.78641 64.83217 80.6111 91.76869 61.17165 69.05488 97.50195 56.68917 69.17116 78.74906 55.04894 65.81708 89.76667 51.95562 60.47339 85.36343 85.91956 x 83.33694 84.38622 80.14993 79.80753 72.72683 51.31578
65.23314 77.45251 86.15113 66.05803 66.07122 95.74993 92.89694 50.48998 96.96455 81.01849 67.8261 x 62.66756 59.07689 98.34106 62.35881 98.15199 81.95192 69.51355 71.35822 81.6759 73.81968 82.09156 61.62243 88.90359 65.89636 x 93.73141 86.32925 94.43399 53.88528 77.39001 90.40691 91.1297 97.80585 66.25757 50.23706 x 91.84194 73.4549 81.47638 98.73847 57.27613 83.33694 x 51.51073 62.26246 71.20594 89.95522 58.82753
56.25687 61.8319 92.00066 98.96149 x 72.43642 83.41759 76.40767 80.93497 93.76947 78.54039 65.42432 61.64796 66.46456 75.5976 62.07614 82.0475 53.77929 x 66.75998 52.64562 63.6959 x 70.65954 83.0718 61.52104 90.84072 53.80825 77.27827 83.41682 80.71881 89.34935 68.4725 70.51698 93.22725 93.87705 98.18169 91.85357 96.21892 x 91.22497 72.09876 74.12927 84.38622 51.51073 x x 68.71831 60.48197 78.99467
92.95744 74.41007 51.70791 x 68.358 x 50.07765 60.20553 61.23181 69.60585 51.45163 71.58462 66.66139 60.69381 65.6916 97.56312 66.20056 85.20652 90.24255 95.08346 94.72638 66.546 61.7642 89.06029 84.03992 83.19419 56.98448 55.49475 77.63278 90.31475 90.26793 73.12956 54.60366 x 79.54918 77.00102 59.84734 50.28684 70.60342 87.70308 82.37687 x 63.46994 80.14993 62.26246 x x 52.5594 90.94722 86.92541
63.86759 65.97915 59.16938 76.28236 x 72.68975 78.16832 62.38448 97.99338 81.46014 85.92476 x 73.43379 84.24687 88.79798 85.77956 61.61976 98.45342 55.34331 x 52.04618 94.48622 59.682 68.62943 54.94679 61.44942 55.54067 79.72585 50.08004 92.07334 73.0997 73.83736 91.81197 57.53096 71.27973 61.57837 67.24772 80.87584 93.7931 95.88888 54.37279 82.76116 93.15926 79.80753 71.20594 68.71831 52.5594 x 62.91259 77.57426
79.05153 80.09713 71.66079 82.97002 66.90106 98.61731 98.40457 91.39889 86.01789 59.23788 78.99199 59.89067 53.58459 84.46488 95.48465 50.54844 83.40599 89.03909 96.36759 65.40338 53.72542 68.28479 50.8948 50.1726 66.77157 50.92413 98.47439 78.99029 73.81395 89.18108 53.0319 88.59038 75.81712 55.00117 83.36903 67.83882 60.96552 x 91.10151 54.02349 x 78.59659 83.49726 72.72683 89.95522 60.48197 90.94722 62.91259 x 78.8369
83.63955 84.67885 62.4571 67.45834 94.14122 51.05171 93.70427 98.67503 81.11422 54.90578 57.63683 79.16666 96.77081 79.94102 77.28926 50.10982 65.78547 78.15391 72.52911 92.339 57.9012 53.56461 88.96087 67.29979 54.98382 96.43776 81.35515 62.19879 85.63458 61.26452 90.7065 67.1938 90.99989 98.49064 64.41759 75.97454 85.91935 68.42841 81.63486 68.45393 70.9527 59.31288 61.97313 51.31578 58.82753 78.99467 86.92541 77.57426 78.8369 x