50
25
0 1 2 3 4 5 6 7 8 9 10 11 12 13 14 15 16 17 18 19 20 21 22 23 24 25 26 27 28 29 30 31 32 33 34 35 36 37 38 39 40 41 42 43 44 45 46 47 48 49
14 34 8 22 9 10 48 16 43 33 11 40 20 24 44 17 38 6 45 46 15 13 42 39 31
0
x x 75.30814 80.62172 78.32973 55.55185 55.09843 86.27194 57.05007 87.38005 89.39058 86.63669 66.75198 78.8869 92.7568 96.92699 83.54901 66.59894 81.97198 70.30297 97.18078 86.66291 76.37133 x 95.13497 57.74885 93.46001 71.89314 61.54035 65.11427 62.26537 x 82.24748 86.59875 91.95147 64.77808 65.61755 51.0763 50.5174 73.30978 68.71817 97.1833 x 83.59919 94.54959 74.999 50.74852 92.12395 76.38278 68.60398
x x 94.8672 x 66.16567 70.03211 52.96929 60.5014 90.16387 60.97176 51.47773 91.96941 73.56938 86.44988 50.69044 x 97.79702 52.77185 82.75477 66.35604 90.98259 90.09266 52.29726 86.59332 84.89976 82.84523 78.7605 80.09491 79.80979 86.04054 55.96662 84.24876 55.99343 59.73317 58.83058 97.40035 69.315 91.41744 x 87.92758 66.42678 96.21593 50.1523 67.06007 x 78.47392 56.90293 94.52381 62.87198 52.36187
75.30814 94.8672 x 84.79578 65.70068 74.1648 88.00543 93.8014 70.68403 54.3625 62.89242 86.61525 60.30671 74.00788 54.85047 89.9729 x 63.66012 88.54215 71.4676 82.96201 79.48132 57.44528 73.40992 79.87129 x 84.2846 59.77702 90.23127 76.54899 67.997 71.68981 93.17186 58.71803 52.40674 74.97082 79.53824 90.60567 72.84875 62.49043 75.82184 71.88732 52.56661 65.02269 64.019 61.12669 53.64248 56.26735 84.10934 64.53248
80.62172 x 84.79578 x 64.86014 61.09458 53.69494 60.80285 x 54.6101 59.67251 83.95668 61.56356 96.59154 53.62728 83.85043 72.98597 73.0578 91.11048 57.16562 82.22387 97.48788 81.62742 92.03668 59.94241 63.58271 96.04486 68.78855 80.89155 59.98714 94.61501 88.54755 52.33882 75.45532 92.93616 63.43253 72.34603 67.36169 68.62102 96.96584 94.95659 57.83029 85.69203 58.58003 75.30798 91.0901 82.36366 84.32878 91.16602 72.14466
78.32973 66.16567 65.70068 64.86014 x 97.70106 82.06685 57.01769 91.15194 83.49971 78.65163 80.42741 69.86154 80.49186 87.91932 61.19403 76.27409 69.85274 71.00384 96.33952 x 93.54374 60.41995 90.65022 62.32028 72.01187 88.43109 x 82.59888 65.98825 90.50615 59.93092 80.79795 64.80417 78.29774 96.508 82.70089 92.67252 58.82463 x 57.0107 56.79846 95.7836 83.90613 52.56302 x 95.40846 91.68805 65.12831 58.49171
55.55185 70.03211 74.1648 61.09458 97.70106 x 85.20083 58.84561 74.58475 x 96.65343 58.79631 57.34892 53.29749 73.49355 61.96048 95.33293 82.13343 75.60816 65.31401 93.08736 81.95936 65.17663 70.01735 54.08913 80.03662 69.95551 67.10235 70.5255 90.58844 82.33303 98.62113 62.98857 76.40016 64.45243 80.30275 84.14886 58.01723 x 62.46148 74.33255 69.67692 60.00104 84.0329 85.12053 52.40118 x x 82.78936 86.43013
55.09843 52.96929 88.00543 53.69494 82.06685 85.20083 x 81.11996 x 74.59628 66.25365 90.60842 82.35643 83.41217 50.3395 50.79039 89.62987 60.71846 57.43778 97.36323 97.74571 x 71.75592 67.77842 63.91189 53.66791 93.3088 57.0118 x 82.4111 64.14853 65.7771 x 84.14933 x 60.27127 69.36414 63.85425 62.99035 88.06461 97.54306 69.80387 87.05776 76.71633 51.29658 56.05872 78.32189 x 71.52851 68.23295
86.27194 60.5014 93.8014 60.80285 57.01769 58.84561 81.11996 x 64.4959 83.34448 54.69584 90.56681 91.99129 92.57125 53.10134 75.17875 83.30906 98.95222 59.77333 74.83977 71.35758 x 52.2076 85.57023 92.5383 67.22348 88.71045 71.90164 61.1084 75.57838 96.20494 96.04889 64.27901 67.38973 x 52.85157 68.80901 74.581 89.62052 52.73315 63.79146 86.19003 73.37832 87.85187 61.57927 57.20402 54.28713 79.00207 79.91524 64.01525
57.05007 90.16387 70.68403 x 91.15194 74.58475 x 64.4959 x 74.59361 65.7312 76.25924 98.30477 58.18408 61.13484 75.68766 73.42591 87.16279 67.35611 92.46898 88.3542 65.26409 89.60473 88.36261 86.56237 94.49592 90.57321 87.60961 55.6518 x 98.83187 85.39085 50.61854 x 93.16192 84.45911 66.60079 53.13381 91.27288 71.09586 90.10297 98.54559 86.59054 59.17944 67.87108 69.89374 63.18856 84.80677 61.31322 81.95856
87.38005 60.97176 54.3625 54.6101 83.49971 x 74.59628 83.34448 74.59361 x 77.51043 79.31615 53.28229 89.58611 84.47286 73.73428 97.83505 75.47053 94.70166 60.40754 97.63774 94.6003 62.31294 87.79365 76.8084 60.18992 81.65915 x 70.73198 66.92665 65.52277 98.38014 75.31684 82.55567 62.40416 74.61028 81.05165 75.85643 96.04029 82.66155 x 86.96518 60.92351 87.01516 71.61822 93.01182 64.85316 63.81066 59.20162 86.80417
89.39058 51.47773 62.89242 59.67251 78.65163 96.65343 66.25365 54.69584 65.7312 77.51043 x 95.25352 80.7387 67.70287 76.45394 87.09134 69.51918 81.50437 57.80383 x 85.32359 52.89005 66.49336 52.89158 67.32178 75.37662 88.78769 70.07825 60.62147 53.04908 x 96.34797 97.01384 92.93661 60.34795 61.0208 93.65968 98.74735 92.82051 59.71234 62.73543 x 78.29129 74.4564 51.66614 88.39474 91.29041 68.61752 70.05549 91.91853
86.63669 91.96941 86.61525 83.95668 80.42741 58.79631 90.60842 90.56681 76.25924 79.31615 95.25352 x 94.19639 76.23577 60.81944 89.23956 79.49068 79.38888 56.42162 75.37017 55.9407 52.65225 93.1227 86.07388 60.97716 56.33653 x 65.04743 51.71408 56.29296 74.09047 63.94493 95.75248 51.93432 88.94862 73.22262 63.72543 94.09831 51.90638 85.75619 85.89959 98.78611 88.02943 63.20309 59.16 x 87.09736 58.18008 58.82892 81.09802
66.75198 73.56938 60.30671 61.56356 69.86154 57.34892 82.35643 91.99129 98.30477 53.28229 80.7387 94.19639 x 51.53511 65.44919 61.08536 53.57776 x 67.02514 93.38914 64.8857 88.49926 96.17368 52.88127 82.88098 65.05802 59.49186 62.22163 53.87377 79.95115 x 95.22481 72.34636 98.40608 85.88297 68.0304 85.03056 79.87915 64.21549 62.18653 x 65.55293 60.44755 59.79381 82.27512 78.94501 77.73081 52.69866 56.27557 90.11402
78.8869 86.44988 74.00788 96.59154 80.49186 53.29749 83.41217 92.57125 58.18408 89.58611 67.70287 76.23577 51.53511 x 97.82389 90.34533 79.45115 80.86532 60.88499 65.46862 71.74937 69.80613 96.15159 71.32678 59.51319 72.8811 86.75169 89.67412 53.28172 89.13401 88.89582 55.25817 65.77882 56.506 95.45382 79.50615 57.72906 78.24367 95.89306 64.31754 95.33563 87.75332 90.75095 82.13519 91.56368 x 98.1326 84.09818 94.50202 96.97828
92.7568 50.69044 54.85047 53.62728 87.91932 73.49355 50.3395 53.10134 61.13484 84.47286 76.45394 60.81944 65.44919 97.82389 x 65.50824 59.11378 89.24062 76.18412 86.53173 91.10295 89.64558 89.78306 76.63748 96.54277 77.93635 87.73095 89.1398 54.33855 94.16929 78.20701 79.63966 90.73797 62.72499 55.49215 x 90.27514 83.46943 59.2866 51.33029 94.22417 89.88632 86.83948 71.10186 87.04203 68.75369 52.73343 x 53.24585 85.88576
96.92699 x 89.9729 83.85043 61.19403 61.96048 50.79039 75.17875 75.68766 73.73428 87.09134 89.23956 61.08536 90.34533 65.50824 x 60.62072 81.40665 97.42931 84.59456 91.97976 76.39022 82.91732 59.55575 72.65305 55.56783 86.22953 60.83258 74.72468 57.36461 96.33385 76.56155 64.88333 72.9654 95.15826 67.16257 67.35066 66.44963 x 52.53802 97.42705 67.67205 95.28204 75.42338 60.99552 72.58817 79.42622 90.10967 71.91807 50.60933
83.54901 97.79702 x 72.98597 76.27409 95.33293 89.62987 83.30906 73.42591 97.83505 69.51918 79.49068 53.57776 79.45115 59.11378 60.62072 x 81.43382 76.88096 84.5076 54.181 70.3315 51.56818 89.09088 62.60655 89.43282 87.05149 96.9037 62.07258 84.87681 63.69959 51.23914 88.22364 69.57726 72.1897 x 69.09374 73.23458 x 88.97374 94.43464 88.1094 92.88977 81.6153 80.63003 59.00603 85.79691 92.53417 87.26819 83.02544
66.59894 52.77185 63.66012 73.0578 69.85274 82.13343 60.71846 98.95222 87.16279 75.47053 81.50437 79.38888 x 80.86532 89.24062 81.40665 81.43382 x 84.55966 96.15022 65.17136 76.11774 56.78578 93.58033 93.86374 87.75097 91.95725 74.13358 65.38083 88.89521 76.56423 76.51506 82.93104 66.56504 52.59048 61.38684 87.16372 83.81895 94.36992 59.99168 52.75295 93.31531 80.86567 51.45087 68.53 82.42146 78.67432 90.36669 92.20802 56.56697
81.97198 82.75477 88.54215 91.11048 71.00384 75.60816 57.43778 59.77333 67.35611 94.70166 57.80383 56.42162 67.02514 60.88499 76.18412 97.42931 76.88096 84.55966 x 51.47944 56.6977 69.58628 57.23377 53.83317 94.99367 92.6009 96.18017 90.34076 55.235 55.08018 58.49344 63.5621 71.29678 68.52734 54.66166 76.52176 90.07078 x 97.67958 53.84629 x 68.89968 87.70284 83.11764 x 97.53516 93.66623 97.79339 x 60.26649
70.30297 66.35604 71.4676 57.16562 96.33952 65.31401 97.36323 74.83977 92.46898 60.40754 x 75.37017 93.38914 65.46862 86.53173 84.59456 84.5076 96.15022 51.47944 x 59.22465 84.35511 59.63813 51.91231 87.20559 93.75993 63.93408 91.10161 86.4362 75.05907 95.94967 60.38245 93.65106 83.32079 81.16742 98.74965 x 77.47443 59.02221 94.64469 87.72551 97.86406 66.7499 79.58059 61.8349 70.91166 74.60673 86.69348 61.82033 80.7443
97.18078 90.98259 82.96201 82.22387 x 93.08736 97.74571 71.35758 88.3542 97.63774 85.32359 55.9407 64.8857 71.74937 91.10295 91.97976 54.181 65.17136 56.6977 59.22465 x 69.14944 94.51288 96.90443 65.16466 83.59349 85.01868 67.47478 64.1624 53.77502 84.64934 78.42053 93.9611 52.1414 69.95877 54.90002 59.79082 77.17396 57.98902 97.41953 76.97816 67.03022 59.12018 96.4064 x 88.81125 x 97.997 67.79666 96.18505
86.66291 90.09266 79.48132 97.48788 93.54374 81.95936 x x 65.26409 94.6003 52.89005 52.65225 88.49926 69.80613 89.64558 76.39022 70.3315 76.11774 69.58628 84.35511 69.14944 x 72.98353 88.94117 84.05341 89.40439 86.21325 92.89821 98.04259 89.6136 96.57831 74.88719 81.56455 68.97765 98.7155 56.8192 74.26221 61.43409 65.21773 87.51857 x 73.10899 x 71.63749 x 56.48061 91.0064 66.54917 93.57613 78.11752
76.37133 52.29726 57.44528 81.62742 60.41995 65.17663 71.75592 52.2076 89.60473 62.31294 66.49336 93.1227 96.17368 96.15159 89.78306 82.91732 51.56818 56.78578 57.23377 59.63813 94.51288 72.98353 x 71.14503 72.83934 73.48001 58.49628 67.26665 73.96267 91.44202 78.3561 71.44472 82.63121 71.78361 50.73831 76.67238 83.41814 65.19268 93.802 59.54544 70.41159 93.90558 58.68412 67.16889 78.21344 95.82867 x 65.51244 77.58432 88.19895
x 86.59332 73.40992 92.03668 90.65022 70.01735 67.77842 85.57023 88.36261 87.79365 52.89158 86.07388 52.88127 71.32678 76.63748 59.55575 89.09088 93.58033 53.83317 51.91231 96.90443 88.94117 71.14503 x 57.18754 58.46296 86.03813 95.33301 96.34269 55.67179 94.95785 50.27461 76.46017 96.52642 75.16489 74.09717 89.58616 90.1383 65.45403 90.9822 73.75984 63.05348 75.04854 68.66273 73.88296 53.08937 67.28695 95.82097 58.20846 69.39522
95.13497 84.89976 79.87129 59.94241 62.32028 54.08913 63.91189 92.5383 86.56237 76.8084 67.32178 60.97716 82.88098 59.51319 96.54277 72.65305 62.60655 93.86374 94.99367 87.20559 65.16466 84.05341 72.83934 57.18754 x 50.39281 73.18402 80.46871 95.81677 62.23256 57.21606 79.80271 54.79961 88.54482 97.74627 x 88.60483 64.25149 57.80433 59.34659 72.3783 64.08809 79.56461 56.63049 83.74506 93.13151 97.38765 93.81571 68.87702 85.63959
57.74885 82.84523 x 63.58271 72.01187 80.03662 53.66791 67.22348 94.49592 60.18992 75.37662 56.33653 65.05802 72.8811 77.93635 55.56783 89.43282 87.75097 92.6009 93.75993 83.59349 89.40439 73.48001 58.46296 50.39281 x 79.65465 76.90084 83.52878 83.25409 89.18027 92.72428 67.17154 65.63908 55.64685 84.42274 83.29204 50.64332 98.51587 93.92879 68.85816 51.66314 96.48981 95.36271 72.50219 95.96622 72.16547 55.42949 97.61689 x
93.46001 78.7605 84.2846 96.04486 88.43109 69.95551 93.3088 88.71045 90.57321 81.65915 88.78769 x 59.49186 86.75169 87.73095 86.22953 87.05149 91.95725 96.18017 63.93408 85.01868 86.21325 58.49628 86.03813 73.18402 79.65465 x 62.1098 77.87221 79.3193 94.74215 93.36874 63.95207 84.80931 97.8701 80.54348 57.11963 59.53563 63.39607 88.5652 77.31096 75.41477 79.80501 93.65669 78.82965 74.34112 72.95615 69.68642 62.88634 98.5954
71.89314 80.09491 59.77702 68.78855 x 67.10235 57.0118 71.90164 87.60961 x 70.07825 65.04743 62.22163 89.67412 89.1398 60.83258 96.9037 74.13358 90.34076 91.10161 67.47478 92.89821 67.26665 95.33301 80.46871 76.90084 62.1098 x 55.63806 96.57146 83.18261 83.81704 79.03424 87.20172 61.75159 92.841 56.31732 63.84027 95.30913 74.13693 72.23466 71.23593 80.60163 88.28153 85.7753 68.13946 54.65684 94.83984 67.96211 85.15711
61.54035 79.80979 90.23127 80.89155 82.59888 70.5255 x 61.1084 55.6518 70.73198 60.62147 51.71408 53.87377 53.28172 54.33855 74.72468 62.07258 65.38083 55.235 86.4362 64.1624 98.04259 73.96267 96.34269 95.81677 83.52878 77.87221 55.63806 x 94.32862 67.51193 95.7467 97.67958 60.12201 71.34738 84.70616 61.31452 83.66691 73.5482 72.12226 80.77167 95.01006 87.53775 55.23999 55.76154 90.73663 91.36338 64.11929 x 57.31974
65.11427 86.04054 76.54899 59.98714 65.98825 90.58844 82.4111 75.57838 x 66.92665 53.04908 56.29296 79.95115 89.13401 94.16929 57.36461 84.87681 88.89521 55.08018 75.05907 53.77502 89.6136 91.44202 55.67179 62.23256 83.25409 79.3193 96.57146 94.32862 x 54.03437 x 87.62538 70.16175 x 67.98137 50.50867 56.19956 59.73291 80.69939 72.31343 75.38633 51.60635 98.76858 57.18165 66.83509 61.99691 68.22365 81.31138 53.62599
62.26537 55.96662 67.997 94.61501 90.50615 82.33303 64.14853 96.20494 98.83187 65.52277 x 74.09047 x 88.89582 78.20701 96.33385 63.69959 76.56423 58.49344 95.94967 84.64934 96.57831 78.3561 94.95785 57.21606 89.18027 94.74215 83.18261 67.51193 54.03437 x 88.11787 96.96326 82.16446 63.09211 76.65617 59.24972 77.22304 83.10783 61.31817 77.6739 56.20254 94.92813 52.87303 78.67465 72.17788 81.35289 59.68053 50.74944 65.12908
x 84.24876 71.68981 88.54755 59.93092 98.62113 65.7771 96.04889 85.39085 98.38014 96.34797 63.94493 95.22481 55.25817 79.63966 76.56155 51.23914 76.51506 63.5621 60.38245 78.42053 74.88719 71.44472 50.27461 79.80271 92.72428 93.36874 83.81704 95.7467 x 88.11787 x 95.7616 61.69023 50.85956 82.20488 69.58076 70.49111 63.3833 56.98489 74.22471 91.96289 92.89694 86.10026 74.11761 85.0003 66.14331 53.98006 64.27577 75.22914
82.24748 55.99343 93.17186 52.33882 80.79795 62.98857 x 64.27901 50.61854 75.31684 97.01384 95.75248 72.34636 65.77882 90.73797 64.88333 88.22364 82.93104 71.29678 93.65106 93.9611 81.56455 82.63121 76.46017 54.79961 67.17154 63.95207 79.03424 97.67958 87.62538 96.96326 95.7616 x 72.5544 92.69636 86.12107 63.58773 61.56196 78.62342 94.69104 88.45914 73.67554 85.96105 62.28954 66.95981 78.12684 64.53442 70.1237 67.30777 66.1389
86.59875 59.73317 58.71803 75.45532 64.80417 76.40016 84.14933 67.38973 x 82.55567 92.93661 51.93432 98.40608 56.506 62.72499 72.9654 69.57726 66.56504 68.52734 83.32079 52.1414 68.97765 71.78361 96.52642 88.54482 65.63908 84.80931 87.20172 60.12201 70.16175 82.16446 61.69023 72.5544 x 77.89677 65.35204 89.27495 88.79873 90.3308 97.03926 62.65113 93.22548 68.93911 90.46728 68.00579 93.07578 59.44381 92.17438 55.40121 71.27499
91.95147 58.83058 52.40674 92.93616 78.29774 64.45243 x x 93.16192 62.40416 60.34795 88.94862 85.88297 95.45382 55.49215 95.15826 72.1897 52.59048 54.66166 81.16742 69.95877 98.7155 50.73831 75.16489 97.74627 55.64685 97.8701 61.75159 71.34738 x 63.09211 50.85956 92.69636 77.89677 x 52.54113 72.95477 94.63194 50.01868 76.3899 80.62657 66.21369 73.71793 50.7623 67.2049 95.5717 85.93978 87.30255 71.30283 54.9196
64.77808 97.40035 74.97082 63.43253 96.508 80.30275 60.27127 52.85157 84.45911 74.61028 61.0208 73.22262 68.0304 79.50615 x 67.16257 x 61.38684 76.52176 98.74965 54.90002 56.8192 76.67238 74.09717 x 84.42274 80.54348 92.841 84.70616 67.98137 76.65617 82.20488 86.12107 65.35204 52.54113 x x 87.60832 95.2118 51.95313 59.18486 84.7414 62.60482 96.10177 51.28174 59.88922 77.66707 86.8556 74.59896 85.72049
65.61755 69.315 79.53824 72.34603 82.70089 84.14886 69.36414 68.80901 66.60079 81.05165 93.65968 63.72543 85.03056 57.72906 90.27514 67.35066 69.09374 87.16372 90.07078 x 59.79082 74.26221 83.41814 89.58616 88.60483 83.29204 57.11963 56.31732 61.31452 50.50867 59.24972 69.58076 63.58773 89.27495 72.95477 x x 76.18709 83.62037 x 81.23265 86.77381 94.77765 x 50.29024 x 69.84347 83.80392 62.85296 67.6907
51.0763 91.41744 90.60567 67.36169 92.67252 58.01723 63.85425 74.581 53.13381 75.85643 98.74735 94.09831 79.87915 78.24367 83.46943 66.44963 73.23458 83.81895 x 77.47443 77.17396 61.43409 65.19268 90.1383 64.25149 50.64332 59.53563 63.84027 83.66691 56.19956 77.22304 70.49111 61.56196 88.79873 94.63194 87.60832 76.18709 x 78.458 54.44595 71.28828 70.50549 x 95.82355 69.03479 x x 95.33987 73.07129 82.78966
50.5174 x 72.84875 68.62102 58.82463 x 62.99035 89.62052 91.27288 96.04029 92.82051 51.90638 64.21549 95.89306 59.2866 x x 94.36992 97.67958 59.02221 57.98902 65.21773 93.802 65.45403 57.80433 98.51587 63.39607 95.30913 73.5482 59.73291 83.10783 63.3833 78.62342 90.3308 50.01868 95.2118 83.62037 78.458 x 87.05176 71.12848 83.96456 89.57477 78.01197 77.50724 x 77.74996 67.93613 50.68963 69.74694
73.30978 87.92758 62.49043 96.96584 x 62.46148 88.06461 52.73315 71.09586 82.66155 59.71234 85.75619 62.18653 64.31754 51.33029 52.53802 88.97374 59.99168 53.84629 94.64469 97.41953 87.51857 59.54544 90.9822 59.34659 93.92879 88.5652 74.13693 72.12226 80.69939 61.31817 56.98489 94.69104 97.03926 76.3899 51.95313 x 54.44595 87.05176 x 95.29864 61.689 80.61162 76.9284 68.71112 63.18425 50.91657 75.81451 76.63904 63.42538
68.71817 66.42678 75.82184 94.95659 57.0107 74.33255 97.54306 63.79146 90.10297 x 62.73543 85.89959 x 95.33563 94.22417 97.42705 94.43464 52.75295 x 87.72551 76.97816 x 70.41159 73.75984 72.3783 68.85816 77.31096 72.23466 80.77167 72.31343 77.6739 74.22471 88.45914 62.65113 80.62657 59.18486 81.23265 71.28828 71.12848 95.29864 x 58.66095 68.95109 96.12504 97.67134 55.30402 62.69738 87.52889 80.01006 72.08797
97.1833 96.21593 71.88732 57.83029 56.79846 69.67692 69.80387 86.19003 98.54559 86.96518 x 98.78611 65.55293 87.75332 89.88632 67.67205 88.1094 93.31531 68.89968 97.86406 67.03022 73.10899 93.90558 63.05348 64.08809 51.66314 75.41477 71.23593 95.01006 75.38633 56.20254 91.96289 73.67554 93.22548 66.21369 84.7414 86.77381 70.50549 83.96456 61.689 58.66095 x 60.47219 82.58478 98.77121 95.48083 51.20033 89.49907 67.34848 55.05673
x 50.1523 52.56661 85.69203 95.7836 60.00104 87.05776 73.37832 86.59054 60.92351 78.29129 88.02943 60.44755 90.75095 86.83948 95.28204 92.88977 80.86567 87.70284 66.7499 59.12018 x 58.68412 75.04854 79.56461 96.48981 79.80501 80.60163 87.53775 51.60635 94.92813 92.89694 85.96105 68.93911 73.71793 62.60482 94.77765 x 89.57477 80.61162 68.95109 60.47219 x 92.05851 62.13286 65.53209 83.83821 95.38421 54.48476 76.41534
83.59919 67.06007 65.02269 58.58003 83.90613 84.0329 76.71633 87.85187 59.17944 87.01516 74.4564 63.20309 59.79381 82.13519 71.10186 75.42338 81.6153 51.45087 83.11764 79.58059 96.4064 71.63749 67.16889 68.66273 56.63049 95.36271 93.65669 88.28153 55.23999 98.76858 52.87303 86.10026 62.28954 90.46728 50.7623 96.10177 x 95.82355 78.01197 76.9284 96.12504 82.58478 92.05851 x 72.62973 98.94813 82.80452 54.85149 59.60327 77.27904
94.54959 x 64.019 75.30798 52.56302 85.12053 51.29658 61.57927 67.87108 71.61822 51.66614 59.16 82.27512 91.56368 87.04203 60.99552 80.63003 68.53 x 61.8349 x x 78.21344 73.88296 83.74506 72.50219 78.82965 85.7753 55.76154 57.18165 78.67465 74.11761 66.95981 68.00579 67.2049 51.28174 50.29024 69.03479 77.50724 68.71112 97.67134 98.77121 62.13286 72.62973 x 69.81965 95.41219 52.53399 62.14404 54.77903
74.999 78.47392 61.12669 91.0901 x 52.40118 56.05872 57.20402 69.89374 93.01182 88.39474 x 78.94501 x 68.75369 72.58817 59.00603 82.42146 97.53516 70.91166 88.81125 56.48061 95.82867 53.08937 93.13151 95.96622 74.34112 68.13946 90.73663 66.83509 72.17788 85.0003 78.12684 93.07578 95.5717 59.88922 x x x 63.18425 55.30402 95.48083 65.53209 98.94813 69.81965 x 75.10851 77.99266 69.5372 81.86233
50.74852 56.90293 53.64248 82.36366 95.40846 x 78.32189 54.28713 63.18856 64.85316 91.29041 87.09736 77.73081 98.1326 52.73343 79.42622 85.79691 78.67432 93.66623 74.60673 x 91.0064 x 67.28695 97.38765 72.16547 72.95615 54.65684 91.36338 61.99691 81.35289 66.14331 64.53442 59.44381 85.93978 77.66707 69.84347 x 77.74996 50.91657 62.69738 51.20033 83.83821 82.80452 95.41219 75.10851 x 61.16657 71.57411 76.94986
92.12395 94.52381 56.26735 84.32878 91.68805 x x 79.00207 84.80677 63.81066 68.61752 58.18008 52.69866 84.09818 x 90.10967 92.53417 90.36669 97.79339 86.69348 97.997 66.54917 65.51244 95.82097 93.81571 55.42949 69.68642 94.83984 64.11929 68.22365 59.68053 53.98006 70.1237 92.17438 87.30255 86.8556 83.80392 95.33987 67.93613 75.81451 87.52889 89.49907 95.38421 54.85149 52.53399 77.99266 61.16657 x 93.53421 80.14655
76.38278 62.87198 84.10934 91.16602 65.12831 82.78936 71.52851 79.91524 61.31322 59.20162 70.05549 58.82892 56.27557 94.50202 53.24585 71.91807 87.26819 92.20802 x 61.82033 67.79666 93.57613 77.58432 58.20846 68.87702 97.61689 62.88634 67.96211 x 81.31138 50.74944 64.27577 67.30777 55.40121 71.30283 74.59896 62.85296 73.07129 50.68963 76.63904 80.01006 67.34848 54.48476 59.60327 62.14404 69.5372 71.57411 93.53421 x 65.19915
68.60398 52.36187 64.53248 72.14466 58.49171 86.43013 68.23295 64.01525 81.95856 86.80417 91.91853 81.09802 90.11402 96.97828 85.88576 50.60933 83.02544 56.56697 60.26649 80.7443 96.18505 78.11752 88.19895 69.39522 85.63959 x 98.5954 85.15711 57.31974 53.62599 65.12908 75.22914 66.1389 71.27499 54.9196 85.72049 67.6907 82.78966 69.74694 63.42538 72.08797 55.05673 76.41534 77.27904 54.77903 81.86233 76.94986 80.14655 65.19915 x