50
25
0 1 2 3 4 5 6 7 8 9 10 11 12 13 14 15 16 17 18 19 20 21 22 23 24 25 26 27 28 29 30 31 32 33 34 35 36 37 38 39 40 41 42 43 44 45 46 47 48 49
47 8 45 42 43 0 14 7 48 30 21 1 29 23 13 22 12 2 5 20 39 32 16 10 34
0
x 77.5495 90.13137 65.92261 62.86006 79.77122 90.40395 60.25847 x 74.62997 68.12305 x 78.51991 81.3943 75.53138 75.82564 85.85872 62.10021 62.28152 60.19134 90.84392 84.12587 57.76002 76.19614 63.00229 66.00697 84.74531 65.04203 63.29232 61.17753 66.31092 50.89179 50.40115 95.20018 92.28283 x 72.17363 x 72.85092 59.88044 69.48485 51.10706 73.24612 51.33943 68.62127 53.80563 98.0261 56.16994 75.94986 64.02462
77.5495 x 77.86926 71.33254 55.77577 96.06072 50.34089 67.31358 82.96193 56.93021 67.07008 69.21565 50.857 95.87147 86.77859 64.82029 67.28684 61.7642 52.97854 97.08519 98.2888 91.3394 57.65647 80.44671 50.28659 81.55804 86.81851 52.89555 68.76869 92.50188 87.94942 86.58038 82.29553 96.40178 86.37706 62.12513 85.93212 87.95808 75.03151 78.08096 69.10785 66.07699 77.7362 57.94526 96.81657 81.22243 73.99059 52.62597 91.84754 51.0996
90.13137 77.86926 x 63.91075 62.64853 x 92.18391 72.97394 72.43523 x 70.54057 85.65326 54.5631 70.1488 58.59073 88.606 51.28826 56.13314 60.02372 79.19262 57.33479 58.5535 82.51769 91.34507 x 70.78104 88.39577 93.46272 77.94279 55.21468 68.6001 63.43157 50.05006 74.57234 76.20494 91.72675 89.36941 83.04166 66.88338 74.75378 61.02172 68.99561 63.87019 74.4673 54.8867 93.9503 58.04899 65.63083 67.69679 96.91692
65.92261 71.33254 63.91075 x 50.12757 73.47965 92.65196 95.18378 85.23221 75.617 67.46001 58.92392 91.62957 81.64525 97.30944 74.52329 66.42393 60.2246 94.50514 67.93148 96.88651 88.93067 78.65542 53.51802 63.18008 69.07859 58.20862 83.37782 63.49076 71.88282 69.37395 98.57928 98.21458 64.50986 79.90111 59.19167 76.82356 84.33786 58.3734 61.91764 94.95874 61.91095 59.67241 94.09838 72.35411 67.33733 97.79396 78.84334 92.79508 53.52667
62.86006 55.77577 62.64853 50.12757 x 79.60165 73.90527 61.24578 85.747 69.55811 69.46088 63.13116 56.22961 77.13182 81.37878 50.71916 69.69169 68.54136 50.8276 56.54096 59.34946 98.84741 69.98632 95.35574 98.74933 69.41385 76.71747 51.35999 62.71074 50.74045 88.36655 90.20272 59.27932 90.50066 70.90683 57.40626 72.38058 83.21584 86.23767 91.65985 95.96146 76.66898 89.90059 73.38492 85.69411 52.62651 54.44273 86.9865 94.80201 50.03386
79.77122 96.06072 x 73.47965 79.60165 x 71.06185 85.09085 88.55549 55.49553 61.35098 54.98015 83.33177 92.0928 96.087 61.61407 56.47063 93.89482 94.18253 97.60733 55.21649 74.61085 73.15902 60.78821 87.71099 60.86763 88.89667 94.49432 63.26823 75.81958 70.01719 62.75766 78.43885 52.98775 97.13651 67.74283 74.25771 51.82584 52.48015 78.47138 84.60564 x 69.74058 73.07342 89.03964 64.07135 82.92962 83.6506 98.48136 x
90.40395 50.34089 92.18391 92.65196 73.90527 71.06185 x 51.09167 83.52661 79.59115 80.44208 74.8893 58.12453 70.67712 54.72406 91.74729 55.25407 78.91256 95.42815 65.02167 93.34687 69.35445 83.84146 64.05144 78.76073 55.70013 57.50208 66.90561 89.59155 95.52381 82.8266 69.20748 74.60758 55.40426 83.90583 74.38798 x 61.82089 90.65399 87.83525 70.43721 62.76941 93.7176 82.60605 53.55311 x x 68.86604 73.45887 91.33037
60.25847 67.31358 72.97394 95.18378 61.24578 85.09085 51.09167 x 89.04182 88.43489 63.09877 56.34316 61.30312 81.23339 64.58607 60.60311 70.43626 82.20505 66.39337 86.06691 90.34799 77.39591 83.55072 81.60247 98.03928 77.95661 77.06519 69.25462 52.90852 89.19482 59.31431 77.45496 75.38059 72.58533 90.09999 98.81152 79.01821 84.05864 50.00619 79.33619 58.88974 62.68227 98.9575 52.32557 69.9067 95.60206 87.75635 69.15047 85.77143 70.20729
x 82.96193 72.43523 85.23221 85.747 88.55549 83.52661 89.04182 x 55.13378 86.92833 74.77301 59.19307 52.99816 94.78434 92.18154 66.31562 94.15478 79.90844 57.02251 77.1965 81.2193 97.35526 79.33841 90.74125 61.22765 53.72195 96.49543 89.22067 51.0805 x x 63.56363 51.95467 59.02822 94.87496 65.24335 69.01099 81.22096 85.65556 74.70813 87.56168 82.23102 x 72.03075 79.72682 53.00861 64.18041 95.8858 79.09069
74.62997 56.93021 x 75.617 69.55811 55.49553 79.59115 88.43489 55.13378 x 74.86747 91.80981 80.45669 50.57736 58.97805 96.25996 83.60967 74.63663 88.4135 85.93926 59.78579 70.80054 78.48009 98.11739 56.36516 70.69477 98.59864 54.85455 67.82987 67.10775 98.30505 97.74907 85.32622 75.0039 70.81946 66.91972 91.19998 83.33604 81.77254 84.21435 69.12711 93.97805 75.42804 65.48317 61.5026 68.84608 97.41605 63.18377 78.58509 53.55491
68.12305 67.07008 70.54057 67.46001 69.46088 61.35098 80.44208 63.09877 86.92833 74.86747 x 51.22064 82.09625 81.01744 57.68057 86.01167 81.87175 82.38036 61.40029 93.25458 51.29891 92.99305 81.81065 58.62028 56.81575 81.54901 66.68445 89.44187 66.74053 53.91373 x 66.92465 65.42029 94.51166 96.87752 79.42149 63.10153 x 53.307 90.44465 70.35083 91.46783 73.02255 70.11434 86.59771 x 72.83043 56.22115 97.22997 x
x 69.21565 85.65326 58.92392 63.13116 54.98015 74.8893 56.34316 74.77301 91.80981 51.22064 x 75.11854 65.88716 71.36808 53.43323 x 85.72725 87.58264 72.2159 85.94818 70.55596 82.62003 88.39275 55.32347 84.72364 54.67642 65.26281 62.93772 72.99936 x 92.98414 93.88046 79.19738 67.31125 94.90237 81.44808 88.71776 65.1119 93.75117 52.86021 91.36283 54.52398 96.10791 94.44656 74.13523 50.72735 96.79554 87.21062 86.07982
78.51991 50.857 54.5631 91.62957 56.22961 83.33177 58.12453 61.30312 59.19307 80.45669 82.09625 75.11854 x 50.19916 75.35695 84.99834 90.60866 70.62668 85.23445 98.6849 70.99047 84.53423 83.4704 54.46434 73.87128 98.79317 72.13669 50.58501 51.36831 69.77771 65.21057 94.16154 78.82808 68.78806 x 78.15879 64.80137 92.7025 78.35285 77.37995 64.36603 72.28495 66.6307 75.64657 78.55473 96.85268 54.00953 89.00932 64.56326 63.30912
81.3943 95.87147 70.1488 81.64525 77.13182 92.0928 70.67712 81.23339 52.99816 50.57736 81.01744 65.88716 50.19916 x 51.08714 67.07851 76.63452 71.11767 81.54751 80.82498 78.0464 70.71154 70.3663 67.68818 75.48681 77.28007 60.28496 70.13055 74.94037 92.99553 97.44518 73.89605 86.1657 82.79525 64.93777 91.33816 95.8931 66.69687 55.98191 x 79.98343 96.30289 51.2606 52.28653 52.32878 78.81531 50.0612 68.48856 77.49883 51.52745
75.53138 86.77859 58.59073 97.30944 81.37878 96.087 54.72406 64.58607 94.78434 58.97805 57.68057 71.36808 75.35695 51.08714 x 89.00978 70.86867 65.16649 57.90943 97.2956 73.59151 62.78615 69.7025 86.35944 78.56822 65.19453 72.45973 60.17692 75.02054 x 63.05594 63.59767 x 91.98065 56.29637 86.28886 64.21218 53.88652 51.61163 79.65672 98.02383 84.49718 55.24401 84.18607 86.61462 64.83945 71.49302 50.10594 x 64.87611
75.82564 64.82029 88.606 74.52329 50.71916 61.61407 91.74729 60.60311 92.18154 96.25996 86.01167 53.43323 84.99834 67.07851 89.00978 x 83.45751 69.48509 89.53788 91.78964 85.83126 87.86839 60.38532 56.79494 89.75868 87.06958 56.88132 85.22953 59.18476 x x 73.33647 70.86222 97.49514 67.52558 78.10645 98.39057 90.75127 91.20108 86.89487 77.73838 84.2587 57.438 98.2219 64.2961 77.05648 70.15794 64.39974 96.34062 56.89889
85.85872 67.28684 51.28826 66.42393 69.69169 56.47063 55.25407 70.43626 66.31562 83.60967 81.87175 x 90.60866 76.63452 70.86867 83.45751 x 78.72103 81.67063 94.01711 67.72181 79.24052 81.9947 54.40405 85.82329 79.58775 78.07068 71.7046 69.09335 57.41864 68.20355 96.94977 60.44738 59.9874 54.14039 79.23576 63.16752 65.89659 64.68082 75.78623 93.3441 62.94278 85.49206 92.71976 60.05095 64.00916 94.83975 57.24884 63.59673 76.54143
62.10021 61.7642 56.13314 60.2246 68.54136 93.89482 78.91256 82.20505 94.15478 74.63663 82.38036 85.72725 70.62668 71.11767 65.16649 69.48509 78.72103 x 68.43029 80.83474 87.42544 x x 93.33159 59.31293 92.91655 86.71554 75.03431 63.15144 94.62547 65.73828 86.60647 97.70566 90.88303 x 92.38924 74.54324 51.23788 78.3359 87.89396 68.24979 98.05066 60.48391 80.16144 93.85814 x 79.57728 77.47537 76.57283 52.11159
62.28152 52.97854 60.02372 94.50514 50.8276 94.18253 95.42815 66.39337 79.90844 88.4135 61.40029 87.58264 85.23445 81.54751 57.90943 89.53788 81.67063 68.43029 x 56.63621 90.59222 91.01106 90.74203 84.96064 84.48584 76.42662 x 96.10982 88.12434 94.85285 93.85012 77.53827 72.47382 59.19114 83.87432 82.74935 56.41449 78.39134 64.21945 72.10732 61.81164 65.58459 97.8086 72.23861 64.28392 66.91138 57.07838 59.83878 58.76878 75.10587
60.19134 97.08519 79.19262 67.93148 56.54096 97.60733 65.02167 86.06691 57.02251 85.93926 93.25458 72.2159 98.6849 80.82498 97.2956 91.78964 94.01711 80.83474 56.63621 x 58.78211 90.67276 58.68222 95.15652 66.4203 64.78131 96.7592 64.06716 79.63052 65.56769 61.35763 78.04013 63.7578 84.20496 66.76908 93.90452 97.70275 77.70856 92.74461 66.3267 x 62.74346 73.70284 55.85204 54.5458 73.03803 54.52387 63.33671 79.77793 83.09864
90.84392 98.2888 57.33479 96.88651 59.34946 55.21649 93.34687 90.34799 77.1965 59.78579 51.29891 85.94818 70.99047 78.0464 73.59151 85.83126 67.72181 87.42544 90.59222 58.78211 x 75.94736 90.56547 87.05534 50.44243 64.36555 87.41137 60.6165 85.36304 64.99026 91.38903 61.30481 84.4467 86.64781 87.27632 54.3627 60.83311 84.66803 72.00874 x x 81.42898 57.98006 71.80897 74.14048 61.47465 76.55425 59.80911 78.18751 59.76624
84.12587 91.3394 58.5535 88.93067 98.84741 74.61085 69.35445 77.39591 81.2193 70.80054 92.99305 70.55596 84.53423 70.71154 62.78615 87.86839 79.24052 x 91.01106 90.67276 75.94736 x 59.39502 52.48072 50.04135 68.44913 94.13063 82.85395 79.87571 64.00113 60.30526 x 56.91794 98.3518 68.83468 57.62142 87.61867 75.97347 78.49977 98.40945 96.0002 80.47812 65.3903 86.10993 76.23691 64.34878 x 90.94249 72.07184 68.1777
57.76002 57.65647 82.51769 78.65542 69.98632 73.15902 83.84146 83.55072 97.35526 78.48009 81.81065 82.62003 83.4704 70.3663 69.7025 60.38532 81.9947 x 90.74203 58.68222 90.56547 59.39502 x 98.61366 67.16183 86.01977 91.64826 84.47428 62.26034 67.66912 x 79.89659 86.83607 57.82135 95.3639 95.22588 68.15938 89.93182 70.62102 72.82925 80.40981 74.95911 51.89733 64.46628 82.05968 64.67227 51.10709 72.70995 63.96189 79.84667
76.19614 80.44671 91.34507 53.51802 95.35574 60.78821 64.05144 81.60247 79.33841 98.11739 58.62028 88.39275 54.46434 67.68818 86.35944 56.79494 54.40405 93.33159 84.96064 95.15652 87.05534 52.48072 98.61366 x 67.71965 89.72694 78.89834 59.36751 74.02618 93.09703 89.84564 92.96272 x 59.42664 69.24407 87.22214 54.08971 61.97321 97.64065 92.829 84.72483 65.94292 98.1668 60.56873 66.9262 71.029 96.00704 50.91963 53.15259 80.23592
63.00229 50.28659 x 63.18008 98.74933 87.71099 78.76073 98.03928 90.74125 56.36516 56.81575 55.32347 73.87128 75.48681 78.56822 89.75868 85.82329 59.31293 84.48584 66.4203 50.44243 50.04135 67.16183 67.71965 x 84.24993 71.47678 72.78802 77.75383 81.78364 53.51025 57.3788 66.79702 89.94281 74.43238 84.22053 96.28122 x 71.1111 55.1783 54.83991 51.20762 79.70867 56.30566 86.38996 86.64752 89.06073 72.23478 90.92252 82.71892
66.00697 81.55804 70.78104 69.07859 69.41385 60.86763 55.70013 77.95661 61.22765 70.69477 81.54901 84.72364 98.79317 77.28007 65.19453 87.06958 79.58775 92.91655 76.42662 64.78131 64.36555 68.44913 86.01977 89.72694 84.24993 x 88.47673 x 96.52731 73.18295 89.61971 50.75256 64.1162 84.83996 93.95857 60.02125 63.80392 94.8363 79.23773 70.3156 52.23873 97.83967 97.33213 x 76.98474 95.55464 87.1102 51.56188 70.95782 55.45593
84.74531 86.81851 88.39577 58.20862 76.71747 88.89667 57.50208 77.06519 53.72195 98.59864 66.68445 54.67642 72.13669 60.28496 72.45973 56.88132 78.07068 86.71554 x 96.7592 87.41137 94.13063 91.64826 78.89834 71.47678 88.47673 x 66.75807 83.4673 89.4311 x 98.52644 67.12047 95.04972 80.4784 61.31719 68.28354 50.00021 78.54649 89.38122 89.36024 89.03042 70.54116 x 65.51082 95.50146 60.07587 59.4642 90.59526 53.55427
65.04203 52.89555 93.46272 83.37782 51.35999 94.49432 66.90561 69.25462 96.49543 54.85455 89.44187 65.26281 50.58501 70.13055 60.17692 85.22953 71.7046 75.03431 96.10982 64.06716 60.6165 82.85395 84.47428 59.36751 72.78802 x 66.75807 x 86.64004 69.71146 97.91629 94.08933 x 86.16574 83.48841 50.58678 84.64399 82.72483 74.3304 50.82559 70.32744 64.59464 69.79597 89.54391 95.92518 54.92445 61.76856 94.88432 x 98.54114
63.29232 68.76869 77.94279 63.49076 62.71074 63.26823 89.59155 52.90852 89.22067 67.82987 66.74053 62.93772 51.36831 74.94037 75.02054 59.18476 69.09335 63.15144 88.12434 79.63052 85.36304 79.87571 62.26034 74.02618 77.75383 96.52731 83.4673 86.64004 x 56.59801 94.26677 77.76408 78.33078 x 65.7475 65.43963 84.54027 52.04199 72.45739 86.90528 72.99968 74.54857 61.08036 69.69658 63.69485 87.28537 85.67966 62.98634 97.69824 73.48103
61.17753 92.50188 55.21468 71.88282 50.74045 75.81958 95.52381 89.19482 51.0805 67.10775 53.91373 72.99936 69.77771 92.99553 x x 57.41864 94.62547 94.85285 65.56769 64.99026 64.00113 67.66912 93.09703 81.78364 73.18295 89.4311 69.71146 56.59801 x 69.19714 63.30326 80.61993 64.57113 77.03121 92.75018 95.65016 61.51553 95.96616 90.96834 76.88755 93.10911 x 89.59698 84.19619 73.29407 53.57017 91.30725 80.88997 52.06666
66.31092 87.94942 68.6001 69.37395 88.36655 70.01719 82.8266 59.31431 x 98.30505 x x 65.21057 97.44518 63.05594 x 68.20355 65.73828 93.85012 61.35763 91.38903 60.30526 x 89.84564 53.51025 89.61971 x 97.91629 94.26677 69.19714 x 72.25465 83.46946 92.02875 x 87.41261 74.58822 56.79525 94.00024 58.98109 52.05427 98.08854 61.60059 56.45522 96.88326 97.59137 51.84271 97.2231 78.36534 53.60657
50.89179 86.58038 63.43157 98.57928 90.20272 62.75766 69.20748 77.45496 x 97.74907 66.92465 92.98414 94.16154 73.89605 63.59767 73.33647 96.94977 86.60647 77.53827 78.04013 61.30481 x 79.89659 92.96272 57.3788 50.75256 98.52644 94.08933 77.76408 63.30326 72.25465 x 62.75776 91.94123 89.25561 59.66893 x x 64.6342 50.98484 73.32061 93.73527 85.11212 67.03462 51.23375 69.10221 63.83966 96.26476 53.60914 72.76203
50.40115 82.29553 50.05006 98.21458 59.27932 78.43885 74.60758 75.38059 63.56363 85.32622 65.42029 93.88046 78.82808 86.1657 x 70.86222 60.44738 97.70566 72.47382 63.7578 84.4467 56.91794 86.83607 x 66.79702 64.1162 67.12047 x 78.33078 80.61993 83.46946 62.75776 x 52.51985 58.50621 64.01313 92.71107 67.911 84.77662 x 95.05594 62.79611 55.97093 x 88.65286 82.06735 82.8848 64.84321 55.42811 59.23779
95.20018 96.40178 74.57234 64.50986 90.50066 52.98775 55.40426 72.58533 51.95467 75.0039 94.51166 79.19738 68.78806 82.79525 91.98065 97.49514 59.9874 90.88303 59.19114 84.20496 86.64781 98.3518 57.82135 59.42664 89.94281 84.83996 95.04972 86.16574 x 64.57113 92.02875 91.94123 52.51985 x 59.82827 50.94161 58.61765 96.63837 x 85.91487 98.18013 60.75662 60.71645 96.05108 62.93694 72.79704 51.70574 87.30248 x 62.90039
92.28283 86.37706 76.20494 79.90111 70.90683 97.13651 83.90583 90.09999 59.02822 70.81946 96.87752 67.31125 x 64.93777 56.29637 67.52558 54.14039 x 83.87432 66.76908 87.27632 68.83468 95.3639 69.24407 74.43238 93.95857 80.4784 83.48841 65.7475 77.03121 x 89.25561 58.50621 59.82827 x x 61.89269 60.25783 93.6224 56.53513 67.28193 63.85313 84.10606 93.04908 92.33454 93.04942 x 78.20479 72.10453 73.32193
x 62.12513 91.72675 59.19167 57.40626 67.74283 74.38798 98.81152 94.87496 66.91972 79.42149 94.90237 78.15879 91.33816 86.28886 78.10645 79.23576 92.38924 82.74935 93.90452 54.3627 57.62142 95.22588 87.22214 84.22053 60.02125 61.31719 50.58678 65.43963 92.75018 87.41261 59.66893 64.01313 50.94161 x x 76.89931 79.10068 56.42415 61.82874 84.51074 75.51376 57.27093 76.33876 53.58063 51.45763 76.03476 60.72916 79.56858 61.11273
72.17363 85.93212 89.36941 76.82356 72.38058 74.25771 x 79.01821 65.24335 91.19998 63.10153 81.44808 64.80137 95.8931 64.21218 98.39057 63.16752 74.54324 56.41449 97.70275 60.83311 87.61867 68.15938 54.08971 96.28122 63.80392 68.28354 84.64399 84.54027 95.65016 74.58822 x 92.71107 58.61765 61.89269 76.89931 x 59.434 89.27125 73.30213 57.7855 69.46547 61.87924 89.03364 82.47256 96.10598 54.10062 51.60697 58.2649 89.54624
x 87.95808 83.04166 84.33786 83.21584 51.82584 61.82089 84.05864 69.01099 83.33604 x 88.71776 92.7025 66.69687 53.88652 90.75127 65.89659 51.23788 78.39134 77.70856 84.66803 75.97347 89.93182 61.97321 x 94.8363 50.00021 82.72483 52.04199 61.51553 56.79525 x 67.911 96.63837 60.25783 79.10068 59.434 x x 53.21351 93.79727 61.3575 93.59269 98.94587 98.63705 83.99443 x 65.97731 70.97504 87.05028
72.85092 75.03151 66.88338 58.3734 86.23767 52.48015 90.65399 50.00619 81.22096 81.77254 53.307 65.1119 78.35285 55.98191 51.61163 91.20108 64.68082 78.3359 64.21945 92.74461 72.00874 78.49977 70.62102 97.64065 71.1111 79.23773 78.54649 74.3304 72.45739 95.96616 94.00024 64.6342 84.77662 x 93.6224 56.42415 89.27125 x x 83.73729 82.08826 67.61992 62.42418 75.93237 77.29615 97.00967 94.73631 53.24212 63.20825 81.42501
59.88044 78.08096 74.75378 61.91764 91.65985 78.47138 87.83525 79.33619 85.65556 84.21435 90.44465 93.75117 77.37995 x 79.65672 86.89487 75.78623 87.89396 72.10732 66.3267 x 98.40945 72.82925 92.829 55.1783 70.3156 89.38122 50.82559 86.90528 90.96834 58.98109 50.98484 x 85.91487 56.53513 61.82874 73.30213 53.21351 83.73729 x 79.16683 87.55795 78.68104 67.29964 51.67299 62.72184 91.16236 85.15804 76.60044 66.65863
69.48485 69.10785 61.02172 94.95874 95.96146 84.60564 70.43721 58.88974 74.70813 69.12711 70.35083 52.86021 64.36603 79.98343 98.02383 77.73838 93.3441 68.24979 61.81164 x x 96.0002 80.40981 84.72483 54.83991 52.23873 89.36024 70.32744 72.99968 76.88755 52.05427 73.32061 95.05594 98.18013 67.28193 84.51074 57.7855 93.79727 82.08826 79.16683 x 61.44073 55.78554 84.86115 53.14312 56.36407 76.89107 91.91492 63.09824 97.00063
51.10706 66.07699 68.99561 61.91095 76.66898 x 62.76941 62.68227 87.56168 93.97805 91.46783 91.36283 72.28495 96.30289 84.49718 84.2587 62.94278 98.05066 65.58459 62.74346 81.42898 80.47812 74.95911 65.94292 51.20762 97.83967 89.03042 64.59464 74.54857 93.10911 98.08854 93.73527 62.79611 60.75662 63.85313 75.51376 69.46547 61.3575 67.61992 87.55795 61.44073 x 74.30844 78.05264 61.98692 x 85.09244 65.5546 68.49403 87.8429
73.24612 77.7362 63.87019 59.67241 89.90059 69.74058 93.7176 98.9575 82.23102 75.42804 73.02255 54.52398 66.6307 51.2606 55.24401 57.438 85.49206 60.48391 97.8086 73.70284 57.98006 65.3903 51.89733 98.1668 79.70867 97.33213 70.54116 69.79597 61.08036 x 61.60059 85.11212 55.97093 60.71645 84.10606 57.27093 61.87924 93.59269 62.42418 78.68104 55.78554 74.30844 x 64.06748 82.96209 93.71504 90.91007 68.92607 57.13892 71.45328
51.33943 57.94526 74.4673 94.09838 73.38492 73.07342 82.60605 52.32557 x 65.48317 70.11434 96.10791 75.64657 52.28653 84.18607 98.2219 92.71976 80.16144 72.23861 55.85204 71.80897 86.10993 64.46628 60.56873 56.30566 x x 89.54391 69.69658 89.59698 56.45522 67.03462 x 96.05108 93.04908 76.33876 89.03364 98.94587 75.93237 67.29964 84.86115 78.05264 64.06748 x 72.5733 76.47712 73.05931 84.37174 74.87255 55.79714
68.62127 96.81657 54.8867 72.35411 85.69411 89.03964 53.55311 69.9067 72.03075 61.5026 86.59771 94.44656 78.55473 52.32878 86.61462 64.2961 60.05095 93.85814 64.28392 54.5458 74.14048 76.23691 82.05968 66.9262 86.38996 76.98474 65.51082 95.92518 63.69485 84.19619 96.88326 51.23375 88.65286 62.93694 92.33454 53.58063 82.47256 98.63705 77.29615 51.67299 53.14312 61.98692 82.96209 72.5733 x x 83.05961 74.11323 54.18303 80.41283
53.80563 81.22243 93.9503 67.33733 52.62651 64.07135 x 95.60206 79.72682 68.84608 x 74.13523 96.85268 78.81531 64.83945 77.05648 64.00916 x 66.91138 73.03803 61.47465 64.34878 64.67227 71.029 86.64752 95.55464 95.50146 54.92445 87.28537 73.29407 97.59137 69.10221 82.06735 72.79704 93.04942 51.45763 96.10598 83.99443 97.00967 62.72184 56.36407 x 93.71504 76.47712 x x x 66.68855 76.62069 81.14437
98.0261 73.99059 58.04899 97.79396 54.44273 82.92962 x 87.75635 53.00861 97.41605 72.83043 50.72735 54.00953 50.0612 71.49302 70.15794 94.83975 79.57728 57.07838 54.52387 76.55425 x 51.10709 96.00704 89.06073 87.1102 60.07587 61.76856 85.67966 53.57017 51.84271 63.83966 82.8848 51.70574 x 76.03476 54.10062 x 94.73631 91.16236 76.89107 85.09244 90.91007 73.05931 83.05961 x x 67.61298 73.72012 81.55512
56.16994 52.62597 65.63083 78.84334 86.9865 83.6506 68.86604 69.15047 64.18041 63.18377 56.22115 96.79554 89.00932 68.48856 50.10594 64.39974 57.24884 77.47537 59.83878 63.33671 59.80911 90.94249 72.70995 50.91963 72.23478 51.56188 59.4642 94.88432 62.98634 91.30725 97.2231 96.26476 64.84321 87.30248 78.20479 60.72916 51.60697 65.97731 53.24212 85.15804 91.91492 65.5546 68.92607 84.37174 74.11323 66.68855 67.61298 x 60.56987 75.68552
75.94986 91.84754 67.69679 92.79508 94.80201 98.48136 73.45887 85.77143 95.8858 78.58509 97.22997 87.21062 64.56326 77.49883 x 96.34062 63.59673 76.57283 58.76878 79.77793 78.18751 72.07184 63.96189 53.15259 90.92252 70.95782 90.59526 x 97.69824 80.88997 78.36534 53.60914 55.42811 x 72.10453 79.56858 58.2649 70.97504 63.20825 76.60044 63.09824 68.49403 57.13892 74.87255 54.18303 76.62069 73.72012 60.56987 x 66.54105
64.02462 51.0996 96.91692 53.52667 50.03386 x 91.33037 70.20729 79.09069 53.55491 x 86.07982 63.30912 51.52745 64.87611 56.89889 76.54143 52.11159 75.10587 83.09864 59.76624 68.1777 79.84667 80.23592 82.71892 55.45593 53.55427 98.54114 73.48103 52.06666 53.60657 72.76203 59.23779 62.90039 73.32193 61.11273 89.54624 87.05028 81.42501 66.65863 97.00063 87.8429 71.45328 55.79714 80.41283 81.14437 81.55512 75.68552 66.54105 x