50
25
0 1 2 3 4 5 6 7 8 9 10 11 12 13 14 15 16 17 18 19 20 21 22 23 24 25 26 27 28 29 30 31 32 33 34 35 36 37 38 39 40 41 42 43 44 45 46 47 48 49
5 21 27 37 43 3 23 2 28 17 10 20 29 40 8 11 15 41 25 0 22 9 31 39 19
0
x 78.74856 90.01897 94.76008 52.68434 72.53138 70.1494 71.87833 96.62023 55.72075 59.50085 65.0667 58.78574 94.11283 58.03722 76.90782 84.38065 88.78717 82.87362 x 88.69591 74.01872 60.45381 81.31808 71.54973 83.4651 75.11341 93.99176 97.37253 58.33749 62.06082 75.28079 93.64754 87.36325 58.50593 58.52451 50.79089 94.41437 52.11056 68.18549 57.38314 71.85361 84.72781 71.47317 51.53336 88.27694 66.65805 91.63203 86.50865 81.38699
78.74856 x 80.38214 59.34971 87.2806 77.7384 66.57657 58.2841 68.99571 90.53231 77.95318 59.32273 x 81.67313 65.43301 67.97537 x 56.09114 87.16925 50.60377 65.50344 88.70711 83.84783 54.38494 x 57.26671 68.7761 91.64862 88.58358 66.71903 53.39154 80.52396 76.63673 x 83.92674 63.85432 x 73.83473 84.75768 97.48973 71.28886 75.17747 54.77611 84.07111 55.21336 87.34605 61.69577 93.2985 96.51033 93.64669
90.01897 80.38214 x 87.2725 94.34002 60.07733 93.21731 90.45226 93.37723 96.53695 67.23405 65.10373 87.16032 60.45898 77.75947 74.21386 59.68179 62.83208 91.55862 91.46713 97.63255 64.04926 74.84154 72.54314 60.17104 80.15194 67.03143 89.73371 61.51813 96.46769 58.43778 77.34993 95.71216 57.72211 89.40303 92.23183 87.87389 94.5831 92.63321 59.28168 91.6709 x x 65.53408 61.28513 68.08142 59.73343 70.19323 88.63589 x
94.76008 59.34971 87.2725 x 54.40857 81.68973 90.15271 70.86501 74.10928 69.88911 91.61178 54.87509 80.21898 90.21535 67.5745 92.12506 53.83921 58.53 66.37122 x 88.47188 69.93072 72.67336 81.44228 74.72597 x 96.54192 52.20176 64.22381 x 55.44077 71.81132 54.06196 69.95408 91.69007 91.35144 78.51403 79.8131 82.93781 79.11434 94.66565 59.36896 71.21073 96.19493 x 92.6464 57.89755 96.57599 66.77005 50.79057
52.68434 87.2806 94.34002 54.40857 x 59.2215 87.69537 88.38324 71.71189 63.86432 53.20226 81.38953 62.06041 53.55727 56.54019 63.32804 76.72496 56.56894 57.76341 93.08345 80.59245 55.66358 54.82438 75.15748 66.40854 70.67921 76.68275 87.2662 91.75814 75.77766 58.26981 96.78571 89.30898 89.91226 64.84334 68.97947 73.99624 71.59647 76.60711 76.87752 51.94332 91.26748 59.36895 71.35039 91.84661 90.70879 59.95571 x 53.2612 98.34458
72.53138 77.7384 60.07733 81.68973 59.2215 x 71.12373 80.35373 61.70051 77.89456 86.04151 78.70247 73.82037 73.08639 87.65559 74.25906 91.28893 96.29015 60.19433 83.58806 59.07579 69.23508 87.86374 57.77265 84.04576 96.18809 83.26475 66.03379 74.38732 92.6696 65.10436 78.4748 58.20158 62.72551 64.21664 66.93588 84.17197 61.7897 57.34249 73.98072 95.88737 70.65388 68.14169 60.84281 87.314 69.14637 98.91901 88.86678 96.18258 71.84145
70.1494 66.57657 93.21731 90.15271 87.69537 71.12373 x 77.49989 92.0954 59.71194 56.46895 65.36077 75.1235 64.22658 59.43689 96.45007 89.66476 50.00396 76.01239 74.80952 65.75352 57.91921 50.69442 51.59336 58.90295 53.74015 97.87464 67.56728 81.25262 52.87905 64.23535 x 77.39989 56.82311 86.36873 66.72004 90.45957 93.83803 80.56734 62.17596 71.45101 72.46605 78.63519 83.4998 65.02009 71.00915 67.62028 55.93087 57.31479 92.70085
71.87833 58.2841 90.45226 70.86501 88.38324 80.35373 77.49989 x 78.58304 93.98367 69.34274 88.62563 85.50565 87.43584 x 86.01748 96.00329 52.55707 92.30606 58.73238 69.24739 72.50795 57.12785 80.66054 65.17714 98.49516 79.32104 90.25031 65.56232 91.40769 x 83.0013 98.74397 95.46354 95.39026 59.1962 83.00737 91.84648 56.36165 94.77876 90.40764 89.74416 53.13186 87.05369 58.91311 92.18529 x 50.2158 88.13106 62.47126
96.62023 68.99571 93.37723 74.10928 71.71189 61.70051 92.0954 78.58304 x 88.22982 83.98965 91.40588 87.27865 82.33535 65.1237 94.57165 98.6896 74.18758 65.10557 76.6343 82.04603 63.02815 87.73937 x 65.3569 69.09195 94.11126 89.23672 x 51.50878 86.45197 50.33095 79.32333 x 79.86966 67.74863 72.70677 85.34724 87.83844 84.95297 51.51639 50.19011 68.47696 61.79672 70.51526 82.5521 98.50497 74.4182 89.93712 80.87257
55.72075 90.53231 96.53695 69.88911 63.86432 77.89456 59.71194 93.98367 88.22982 x 76.43145 50.70127 97.31699 78.78321 75.10026 77.14075 95.98109 74.55105 60.6019 50.91591 91.1504 83.00861 77.44762 52.57616 84.86385 72.14674 92.53473 58.6893 68.258 90.45272 68.22615 56.12754 73.45832 52.37515 98.74215 80.70107 67.52423 58.34758 72.54127 60.25749 x 72.53449 76.55513 55.84052 x 63.1557 52.36262 73.44135 90.58728 96.41052
59.50085 77.95318 67.23405 91.61178 53.20226 86.04151 56.46895 69.34274 83.98965 76.43145 x 83.51156 63.90584 87.72849 55.48754 69.48289 67.69478 86.662 52.00765 77.09706 51.80381 90.12077 85.86316 71.29715 83.99787 87.69365 93.30518 72.83944 71.0205 55.99393 91.56706 55.83946 54.37654 93.92371 53.43366 82.17309 64.47774 61.83618 61.63536 91.10571 91.94043 93.62707 57.34454 69.14608 57.44355 80.90888 97.32216 89.57312 97.84342 52.55426
65.0667 59.32273 65.10373 54.87509 81.38953 78.70247 65.36077 88.62563 91.40588 50.70127 83.51156 x x 82.13035 x 92.78132 80.38989 53.02065 93.10635 86.59135 62.10809 52.8041 83.37142 65.95079 74.27217 95.99322 55.99374 96.42289 71.66856 67.74142 54.26255 x 77.20299 x 53.54682 52.87635 77.76894 x 74.51277 89.83891 94.37066 54.72751 50.67518 55.08011 86.12874 x 56.92407 58.79893 78.61228 66.00942
58.78574 x 87.16032 80.21898 62.06041 73.82037 75.1235 85.50565 87.27865 97.31699 63.90584 x x 67.97669 91.8657 78.22247 x 97.66541 91.81678 86.40883 x 78.25637 53.42581 55.23494 93.53897 64.03953 76.10219 86.19564 70.74116 82.31923 69.41773 61.67626 94.11821 63.81832 x 88.92234 88.98661 67.93304 67.78235 77.93636 98.15801 90.42324 69.1335 90.51795 60.78959 x 68.88941 76.21884 x 68.78963
94.11283 81.67313 60.45898 90.21535 53.55727 73.08639 64.22658 87.43584 82.33535 78.78321 87.72849 82.13035 67.97669 x 77.86212 54.55429 79.38116 96.24481 95.48513 56.26673 67.87603 75.78381 90.90266 54.26665 81.80815 77.58017 89.20381 95.71159 88.45748 77.64085 56.68465 90.03467 64.71304 85.05254 75.71119 75.46651 64.77557 94.03142 76.40711 88.98056 82.30067 83.78642 76.64134 x 93.87054 92.75123 65.32195 70.90347 68.51787 62.64077
58.03722 65.43301 77.75947 67.5745 56.54019 87.65559 59.43689 x 65.1237 75.10026 55.48754 x 91.8657 77.86212 x 59.93314 97.69782 76.86041 86.73614 78.75129 97.768 x 77.90262 79.34799 55.56555 56.85744 98.91832 97.88372 73.0459 84.58814 65.0708 90.01301 76.96666 57.87166 87.84187 77.74063 x 91.8165 73.32816 81.94976 53.44359 68.14478 58.0508 64.04139 69.13218 90.21211 94.10987 59.03636 96.37465 50.41452
76.90782 67.97537 74.21386 92.12506 63.32804 74.25906 96.45007 86.01748 94.57165 77.14075 69.48289 92.78132 78.22247 54.55429 59.93314 x 83.61361 64.42586 83.79848 81.40882 65.60795 83.75676 92.76837 74.46063 90.40669 56.48869 83.74522 54.07432 64.28217 97.39275 67.63362 60.67215 64.20935 91.12407 75.87384 78.29353 65.81787 57.49643 57.79956 90.14686 98.50315 72.74633 97.17735 61.91931 61.35956 85.94823 52.18653 x 71.78065 79.60724
84.38065 x 59.68179 53.83921 76.72496 91.28893 89.66476 96.00329 98.6896 95.98109 67.69478 80.38989 x 79.38116 97.69782 83.61361 x 59.67599 x 82.30766 61.12392 53.22753 85.79533 93.36343 54.12789 89.81932 59.73763 60.77046 53.89344 52.67042 51.63641 61.95089 98.72413 66.26764 55.18165 74.99816 65.48349 87.662 85.56551 91.90704 60.14424 84.4536 69.17059 71.36473 73.59958 87.53509 54.24817 55.78911 90.03205 67.25972
88.78717 56.09114 62.83208 58.53 56.56894 96.29015 50.00396 52.55707 74.18758 74.55105 86.662 53.02065 97.66541 96.24481 76.86041 64.42586 59.67599 x 92.82751 95.38488 79.58366 77.15157 88.57378 79.78846 96.03127 88.7941 81.98217 83.36562 59.999 68.36721 97.33764 74.20016 80.08913 52.7322 88.06713 57.52468 86.66452 55.2544 57.41206 68.7122 50.23872 x x 78.73232 63.86738 88.06223 63.75 86.59749 80.64833 74.88817
82.87362 87.16925 91.55862 66.37122 57.76341 60.19433 76.01239 92.30606 65.10557 60.6019 52.00765 93.10635 91.81678 95.48513 86.73614 83.79848 x 92.82751 x 61.76802 x 93.53994 87.88077 65.51317 51.80332 57.83109 73.85886 64.39895 54.37659 75.26556 61.37117 56.31412 59.60056 53.03546 76.86443 93.2336 70.23977 79.85761 97.10225 67.91271 80.65409 57.87997 72.70029 x 66.17976 61.14825 77.04289 71.72292 89.69376 66.17529
x 50.60377 91.46713 x 93.08345 83.58806 74.80952 58.73238 76.6343 50.91591 77.09706 86.59135 86.40883 56.26673 78.75129 81.40882 82.30766 95.38488 61.76802 x 89.49761 68.84979 60.80426 74.72244 64.8875 87.0439 93.30683 89.5946 74.86355 x 81.75183 83.97088 x 95.20437 56.23703 61.80273 81.90141 71.00056 75.77636 96.05228 92.70888 50.20681 83.38428 91.15194 51.7002 82.40882 58.35032 90.51368 54.55776 74.37618
88.69591 65.50344 97.63255 88.47188 80.59245 59.07579 65.75352 69.24739 82.04603 91.1504 51.80381 62.10809 x 67.87603 97.768 65.60795 61.12392 79.58366 x 89.49761 x 80.75505 56.43425 91.50729 84.85076 x 98.21291 80.82635 51.53546 59.42097 85.25373 53.33667 59.55321 66.87304 51.60203 78.60569 54.38564 89.87492 82.03567 67.093 52.01615 61.51976 90.38334 57.46871 94.89734 83.85463 63.58831 73.82015 71.96736 68.40072
74.01872 88.70711 64.04926 69.93072 55.66358 69.23508 57.91921 72.50795 63.02815 83.00861 90.12077 52.8041 78.25637 75.78381 x 83.75676 53.22753 77.15157 93.53994 68.84979 80.75505 x 51.14744 58.54716 59.29399 51.88806 93.8489 62.52086 91.12713 57.06675 93.87147 51.79967 96.51114 51.2887 89.98211 62.95306 81.54253 73.15179 58.19761 54.82777 x 80.39238 87.45923 70.09035 58.97019 69.69902 66.03158 60.38246 72.79549 86.43293
60.45381 83.84783 74.84154 72.67336 54.82438 87.86374 50.69442 57.12785 87.73937 77.44762 85.86316 83.37142 53.42581 90.90266 77.90262 92.76837 85.79533 88.57378 87.88077 60.80426 56.43425 51.14744 x 90.40266 73.41611 67.22523 82.71701 94.03282 64.14422 91.69457 93.79648 74.15725 63.73584 64.59213 59.89295 62.31651 86.40339 50.03518 82.62132 66.43538 95.71508 59.71401 58.25806 64.28721 x 55.887 76.93463 79.56175 x 77.86343
81.31808 54.38494 72.54314 81.44228 75.15748 57.77265 51.59336 80.66054 x 52.57616 71.29715 65.95079 55.23494 54.26665 79.34799 74.46063 93.36343 79.78846 65.51317 74.72244 91.50729 58.54716 90.40266 x 97.56309 77.88569 76.24723 86.65895 98.50056 78.82634 69.17533 90.42168 89.99449 52.02576 53.97259 56.45214 90.46882 82.12684 96.73448 72.11565 69.40111 74.23514 73.06122 90.94319 55.60373 76.38746 61.31269 79.73036 84.04204 63.35297
71.54973 x 60.17104 74.72597 66.40854 84.04576 58.90295 65.17714 65.3569 84.86385 83.99787 74.27217 93.53897 81.80815 55.56555 90.40669 54.12789 96.03127 51.80332 64.8875 84.85076 59.29399 73.41611 97.56309 x 92.74744 82.79771 84.79626 79.78304 58.77541 97.20498 x 58.16484 65.79159 61.71374 71.57993 95.8012 77.67507 60.76588 89.73245 60.58962 x 93.80935 97.59564 52.46584 81.48412 91.98636 88.76983 69.67022 65.40527
83.4651 57.26671 80.15194 x 70.67921 96.18809 53.74015 98.49516 69.09195 72.14674 87.69365 95.99322 64.03953 77.58017 56.85744 56.48869 89.81932 88.7941 57.83109 87.0439 x 51.88806 67.22523 77.88569 92.74744 x 86.4498 78.89716 77.26024 68.0352 78.99111 72.75439 74.79706 58.92898 62.44409 62.46576 52.23263 62.30349 77.91825 87.89454 70.2817 92.33047 96.57458 x 75.51576 90.08014 98.25725 82.1776 72.19843 54.95431
75.11341 68.7761 67.03143 96.54192 76.68275 83.26475 97.87464 79.32104 94.11126 92.53473 93.30518 55.99374 76.10219 89.20381 98.91832 83.74522 59.73763 81.98217 73.85886 93.30683 98.21291 93.8489 82.71701 76.24723 82.79771 86.4498 x 94.35249 87.70091 58.58154 57.06391 58.91151 92.1741 69.8738 76.43837 97.82064 64.50178 96.70981 81.51932 84.04829 x 62.65068 78.85354 x 66.37103 97.34792 78.1608 77.44012 57.29201 67.85331
93.99176 91.64862 89.73371 52.20176 87.2662 66.03379 67.56728 90.25031 89.23672 58.6893 72.83944 96.42289 86.19564 95.71159 97.88372 54.07432 60.77046 83.36562 64.39895 89.5946 80.82635 62.52086 94.03282 86.65895 84.79626 78.89716 94.35249 x 62.45863 77.89883 x 91.70879 x 85.15696 51.77931 95.1908 51.7775 82.41156 93.51016 51.82921 69.74794 96.25684 65.22137 96.17923 53.49676 53.83357 87.30906 77.99728 64.11923 67.50621
97.37253 88.58358 61.51813 64.22381 91.75814 74.38732 81.25262 65.56232 x 68.258 71.0205 71.66856 70.74116 88.45748 73.0459 64.28217 53.89344 59.999 54.37659 74.86355 51.53546 91.12713 64.14422 98.50056 79.78304 77.26024 87.70091 62.45863 x 61.84132 96.30782 56.69283 81.46855 69.22782 70.90438 89.02453 73.51231 94.74673 82.03919 60.99795 64.133 71.8217 80.6666 97.11705 98.55885 58.71348 98.24622 79.98024 79.23334 89.40234
58.33749 66.71903 96.46769 x 75.77766 92.6696 52.87905 91.40769 51.50878 90.45272 55.99393 67.74142 82.31923 77.64085 84.58814 97.39275 52.67042 68.36721 75.26556 x 59.42097 57.06675 91.69457 78.82634 58.77541 68.0352 58.58154 77.89883 61.84132 x 90.75436 80.98652 79.07037 54.99159 89.13343 74.26913 92.76746 91.43239 96.36641 61.62641 94.17281 80.20883 78.15307 73.71309 57.66946 67.07026 82.28363 91.23696 89.2982 59.45924
62.06082 53.39154 58.43778 55.44077 58.26981 65.10436 64.23535 x 86.45197 68.22615 91.56706 54.26255 69.41773 56.68465 65.0708 67.63362 51.63641 97.33764 61.37117 81.75183 85.25373 93.87147 93.79648 69.17533 97.20498 78.99111 57.06391 x 96.30782 90.75436 x 87.33396 96.19876 61.82418 83.70878 77.4381 89.31289 55.27122 75.86877 72.53268 97.92214 82.45698 81.43807 93.55466 71.08231 67.0728 62.3766 96.35916 68.24977 73.57898
75.28079 80.52396 77.34993 71.81132 96.78571 78.4748 x 83.0013 50.33095 56.12754 55.83946 x 61.67626 90.03467 90.01301 60.67215 61.95089 74.20016 56.31412 83.97088 53.33667 51.79967 74.15725 90.42168 x 72.75439 58.91151 91.70879 56.69283 80.98652 87.33396 x 68.94624 88.68489 73.05624 98.48547 x 59.12221 70.63888 88.28858 85.85252 52.87194 82.10112 88.83599 64.61806 62.89001 83.83741 80.74042 51.77249 84.39366
93.64754 76.63673 95.71216 54.06196 89.30898 58.20158 77.39989 98.74397 79.32333 73.45832 54.37654 77.20299 94.11821 64.71304 76.96666 64.20935 98.72413 80.08913 59.60056 x 59.55321 96.51114 63.73584 89.99449 58.16484 74.79706 92.1741 x 81.46855 79.07037 96.19876 68.94624 x 64.12924 52.20032 55.18285 56.24688 67.12724 96.55198 96.7092 63.87681 63.40136 65.84301 98.78945 76.28165 82.15694 74.92087 69.96911 84.52535 59.59139
87.36325 x 57.72211 69.95408 89.91226 62.72551 56.82311 95.46354 x 52.37515 93.92371 x 63.81832 85.05254 57.87166 91.12407 66.26764 52.7322 53.03546 95.20437 66.87304 51.2887 64.59213 52.02576 65.79159 58.92898 69.8738 85.15696 69.22782 54.99159 61.82418 88.68489 64.12924 x 90.11137 50.49888 80.78026 88.40311 87.66138 60.8071 66.92452 70.89867 81.11336 51.37662 94.77447 56.93943 88.55853 52.2678 98.9914 87.53194
58.50593 83.92674 89.40303 91.69007 64.84334 64.21664 86.36873 95.39026 79.86966 98.74215 53.43366 53.54682 x 75.71119 87.84187 75.87384 55.18165 88.06713 76.86443 56.23703 51.60203 89.98211 59.89295 53.97259 61.71374 62.44409 76.43837 51.77931 70.90438 89.13343 83.70878 73.05624 52.20032 90.11137 x 92.50816 97.64186 50.51733 72.14822 x 54.51018 61.16248 84.03089 70.95335 82.67455 83.75937 72.02777 96.0141 52.59462 81.78458
58.52451 63.85432 92.23183 91.35144 68.97947 66.93588 66.72004 59.1962 67.74863 80.70107 82.17309 52.87635 88.92234 75.46651 77.74063 78.29353 74.99816 57.52468 93.2336 61.80273 78.60569 62.95306 62.31651 56.45214 71.57993 62.46576 97.82064 95.1908 89.02453 74.26913 77.4381 98.48547 55.18285 50.49888 92.50816 x 72.27375 71.79518 73.43412 94.79607 65.46005 92.05509 69.54044 91.87519 85.88241 52.80498 62.99667 50.76997 65.35325 64.75344
50.79089 x 87.87389 78.51403 73.99624 84.17197 90.45957 83.00737 72.70677 67.52423 64.47774 77.76894 88.98661 64.77557 x 65.81787 65.48349 86.66452 70.23977 81.90141 54.38564 81.54253 86.40339 90.46882 95.8012 52.23263 64.50178 51.7775 73.51231 92.76746 89.31289 x 56.24688 80.78026 97.64186 72.27375 x 56.40268 82.35751 86.60694 64.17458 x 74.76197 68.62996 65.26206 x 59.8717 87.82473 58.34472 76.23646
94.41437 73.83473 94.5831 79.8131 71.59647 61.7897 93.83803 91.84648 85.34724 58.34758 61.83618 x 67.93304 94.03142 91.8165 57.49643 87.662 55.2544 79.85761 71.00056 89.87492 73.15179 50.03518 82.12684 77.67507 62.30349 96.70981 82.41156 94.74673 91.43239 55.27122 59.12221 67.12724 88.40311 50.51733 71.79518 56.40268 x 93.02224 60.77424 50.78223 x 94.82482 x 94.53666 83.78932 96.14334 83.09261 54.91449 61.68884
52.11056 84.75768 92.63321 82.93781 76.60711 57.34249 80.56734 56.36165 87.83844 72.54127 61.63536 74.51277 67.78235 76.40711 73.32816 57.79956 85.56551 57.41206 97.10225 75.77636 82.03567 58.19761 82.62132 96.73448 60.76588 77.91825 81.51932 93.51016 82.03919 96.36641 75.86877 70.63888 96.55198 87.66138 72.14822 73.43412 82.35751 93.02224 x 58.04002 69.11963 95.96499 59.4995 87.22065 72.32687 90.62618 51.31005 73.4649 93.16315 76.12419
68.18549 97.48973 59.28168 79.11434 76.87752 73.98072 62.17596 94.77876 84.95297 60.25749 91.10571 89.83891 77.93636 88.98056 81.94976 90.14686 91.90704 68.7122 67.91271 96.05228 67.093 54.82777 66.43538 72.11565 89.73245 87.89454 84.04829 51.82921 60.99795 61.62641 72.53268 88.28858 96.7092 60.8071 x 94.79607 86.60694 60.77424 58.04002 x 56.16667 58.35751 97.74402 96.88401 67.42013 58.74656 94.43103 78.60303 75.39945 80.88833
57.38314 71.28886 91.6709 94.66565 51.94332 95.88737 71.45101 90.40764 51.51639 x 91.94043 94.37066 98.15801 82.30067 53.44359 98.50315 60.14424 50.23872 80.65409 92.70888 52.01615 x 95.71508 69.40111 60.58962 70.2817 x 69.74794 64.133 94.17281 97.92214 85.85252 63.87681 66.92452 54.51018 65.46005 64.17458 50.78223 69.11963 56.16667 x 55.34371 76.75384 87.19802 78.44196 96.04718 70.08265 59.84115 55.01333 98.40121
71.85361 75.17747 x 59.36896 91.26748 70.65388 72.46605 89.74416 50.19011 72.53449 93.62707 54.72751 90.42324 83.78642 68.14478 72.74633 84.4536 x 57.87997 50.20681 61.51976 80.39238 59.71401 74.23514 x 92.33047 62.65068 96.25684 71.8217 80.20883 82.45698 52.87194 63.40136 70.89867 61.16248 92.05509 x x 95.96499 58.35751 55.34371 x 54.66911 82.95185 63.70138 81.32932 97.26005 90.80445 97.19778 88.85683
84.72781 54.77611 x 71.21073 59.36895 68.14169 78.63519 53.13186 68.47696 76.55513 57.34454 50.67518 69.1335 76.64134 58.0508 97.17735 69.17059 x 72.70029 83.38428 90.38334 87.45923 58.25806 73.06122 93.80935 96.57458 78.85354 65.22137 80.6666 78.15307 81.43807 82.10112 65.84301 81.11336 84.03089 69.54044 74.76197 94.82482 59.4995 97.74402 76.75384 54.66911 x 97.09708 51.46164 74.29652 80.02111 92.30142 97.91241 75.42761
71.47317 84.07111 65.53408 96.19493 71.35039 60.84281 83.4998 87.05369 61.79672 55.84052 69.14608 55.08011 90.51795 x 64.04139 61.91931 71.36473 78.73232 x 91.15194 57.46871 70.09035 64.28721 90.94319 97.59564 x x 96.17923 97.11705 73.71309 93.55466 88.83599 98.78945 51.37662 70.95335 91.87519 68.62996 x 87.22065 96.88401 87.19802 82.95185 97.09708 x 57.18906 65.33352 88.41463 84.79106 79.87085 82.35288
51.53336 55.21336 61.28513 x 91.84661 87.314 65.02009 58.91311 70.51526 x 57.44355 86.12874 60.78959 93.87054 69.13218 61.35956 73.59958 63.86738 66.17976 51.7002 94.89734 58.97019 x 55.60373 52.46584 75.51576 66.37103 53.49676 98.55885 57.66946 71.08231 64.61806 76.28165 94.77447 82.67455 85.88241 65.26206 94.53666 72.32687 67.42013 78.44196 63.70138 51.46164 57.18906 x 64.9657 90.26387 62.20571 89.30422 56.48624
88.27694 87.34605 68.08142 92.6464 90.70879 69.14637 71.00915 92.18529 82.5521 63.1557 80.90888 x x 92.75123 90.21211 85.94823 87.53509 88.06223 61.14825 82.40882 83.85463 69.69902 55.887 76.38746 81.48412 90.08014 97.34792 53.83357 58.71348 67.07026 67.0728 62.89001 82.15694 56.93943 83.75937 52.80498 x 83.78932 90.62618 58.74656 96.04718 81.32932 74.29652 65.33352 64.9657 x x 57.87064 59.77421 85.33389
66.65805 61.69577 59.73343 57.89755 59.95571 98.91901 67.62028 x 98.50497 52.36262 97.32216 56.92407 68.88941 65.32195 94.10987 52.18653 54.24817 63.75 77.04289 58.35032 63.58831 66.03158 76.93463 61.31269 91.98636 98.25725 78.1608 87.30906 98.24622 82.28363 62.3766 83.83741 74.92087 88.55853 72.02777 62.99667 59.8717 96.14334 51.31005 94.43103 70.08265 97.26005 80.02111 88.41463 90.26387 x x 93.06677 79.29812 74.01093
91.63203 93.2985 70.19323 96.57599 x 88.86678 55.93087 50.2158 74.4182 73.44135 89.57312 58.79893 76.21884 70.90347 59.03636 x 55.78911 86.59749 71.72292 90.51368 73.82015 60.38246 79.56175 79.73036 88.76983 82.1776 77.44012 77.99728 79.98024 91.23696 96.35916 80.74042 69.96911 52.2678 96.0141 50.76997 87.82473 83.09261 73.4649 78.60303 59.84115 90.80445 92.30142 84.79106 62.20571 57.87064 93.06677 x 93.59155 96.65684
86.50865 96.51033 88.63589 66.77005 53.2612 96.18258 57.31479 88.13106 89.93712 90.58728 97.84342 78.61228 x 68.51787 96.37465 71.78065 90.03205 80.64833 89.69376 54.55776 71.96736 72.79549 x 84.04204 69.67022 72.19843 57.29201 64.11923 79.23334 89.2982 68.24977 51.77249 84.52535 98.9914 52.59462 65.35325 58.34472 54.91449 93.16315 75.39945 55.01333 97.19778 97.91241 79.87085 89.30422 59.77421 79.29812 93.59155 x 97.86254
81.38699 93.64669 x 50.79057 98.34458 71.84145 92.70085 62.47126 80.87257 96.41052 52.55426 66.00942 68.78963 62.64077 50.41452 79.60724 67.25972 74.88817 66.17529 74.37618 68.40072 86.43293 77.86343 63.35297 65.40527 54.95431 67.85331 67.50621 89.40234 59.45924 73.57898 84.39366 59.59139 87.53194 81.78458 64.75344 76.23646 61.68884 76.12419 80.88833 98.40121 88.85683 75.42761 82.35288 56.48624 85.33389 74.01093 96.65684 97.86254 x