50
25
0 1 2 3 4 5 6 7 8 9 10 11 12 13 14 15 16 17 18 19 20 21 22 23 24 25 26 27 28 29 30 31 32 33 34 35 36 37 38 39 40 41 42 43 44 45 46 47 48 49
3 24 48 13 42 14 11 43 36 8 38 2 46 5 28 7 34 29 40 31 30 45 15 12 47
0
x 57.47715 62.07615 62.34044 84.97094 51.41513 54.48614 83.03412 96.6062 x 61.90685 62.11296 87.72223 98.93361 68.66402 60.49894 x 73.2487 68.61689 59.46137 95.22277 63.86626 92.14852 90.63495 75.92265 78.51677 51.94598 65.6828 57.30494 74.20271 96.72653 98.74906 x 79.40086 87.55392 72.35352 71.76513 78.14194 77.45151 53.5765 83.24407 71.34455 66.43649 98.09179 88.27479 58.66109 93.24819 96.39602 91.703 53.29679
57.47715 x 73.87327 57.97037 64.16395 74.42151 62.26632 97.53901 74.88942 84.56491 78.27456 54.22078 61.53677 81.41194 80.31114 65.61556 85.26732 65.79887 55.76107 56.9071 59.59706 82.86838 57.60297 58.93806 76.50222 96.49152 63.35989 61.31974 66.60918 67.93841 69.11427 62.2668 88.88663 57.78967 93.56022 56.40256 52.56647 62.30059 69.41424 94.92315 56.90269 78.98649 54.55721 76.69444 67.9332 95.10897 97.16071 54.52683 68.7337 56.08867
62.07615 73.87327 x 77.40894 73.81932 98.61428 90.2037 86.42774 63.7283 51.54525 86.6828 50.79987 91.9387 78.7803 90.88992 65.19952 98.03444 83.98452 92.62117 75.01156 50.61667 81.15337 63.48936 67.71201 81.69139 74.85923 82.68551 93.40713 62.67627 67.30101 96.42951 78.25364 74.21339 59.41241 80.19862 77.90256 65.81669 55.91179 61.52425 87.44709 76.26599 58.31337 71.55668 56.89105 66.76968 88.73253 82.88196 x 85.75822 x
62.34044 57.97037 77.40894 x 88.76413 62.71554 52.54211 63.91026 98.9063 88.88788 79.80549 75.90244 53.27241 91.0294 63.76433 71.33349 95.02441 87.65564 93.81628 66.777 x 94.85525 93.30855 58.30436 66.7869 52.3356 91.78283 69.75856 67.43336 63.91942 97.80398 56.88753 94.96814 x 65.83802 81.91377 68.5968 78.33138 77.11508 81.67165 94.0495 87.9585 72.08854 71.90362 93.12496 56.8672 68.67536 66.73642 x 89.89862
84.97094 64.16395 73.81932 88.76413 x 67.4459 97.9983 95.85711 56.2461 96.96137 71.84813 54.44269 81.49067 50.74157 83.08269 75.65915 70.2256 96.18789 52.82453 95.69833 66.07974 83.6308 98.79778 95.08053 84.63083 70.63997 71.99399 84.67702 75.42794 70.86724 89.37321 85.54861 96.37924 63.72747 53.41225 80.62019 91.35035 62.12844 88.36401 62.03698 52.2731 53.46532 57.97477 73.64085 79.22037 76.49329 61.19003 89.15389 72.07 55.63295
51.41513 74.42151 98.61428 62.71554 67.4459 x 73.2489 79.56691 73.64234 56.12007 85.2184 64.74376 98.96687 85.85708 65.18657 73.94678 79.37886 86.14898 x 83.06036 72.18267 89.4345 91.95514 81.58101 52.83968 x 74.55866 79.75056 51.7399 67.9181 80.3994 61.61808 57.02307 93.26332 64.81207 62.88074 80.85762 51.73112 70.45931 53.31395 60.88835 83.07047 71.75775 76.17864 52.61917 71.08542 98.43319 98.39881 89.73735 60.01032
54.48614 62.26632 90.2037 52.54211 97.9983 73.2489 x 97.43476 95.9813 65.5972 98.97934 92.17453 87.40532 82.37104 90.61772 68.41232 88.42191 68.91769 85.15617 89.16601 70.42545 78.28253 51.70476 x 52.80199 70.28374 62.18914 63.11561 58.11152 75.16047 83.25552 60.6954 53.45969 x 70.2847 74.0357 58.56415 60.52933 72.19883 66.74405 87.9045 91.9272 67.07274 56.71572 84.91878 84.70096 91.48149 76.6668 73.77307 x
83.03412 97.53901 86.42774 63.91026 95.85711 79.56691 97.43476 x 51.22216 53.61558 95.28277 52.87836 64.34139 90.25255 55.69232 59.63496 61.60249 78.68913 x 73.76459 69.82021 88.09077 80.66035 73.38499 68.03294 97.55222 71.69647 98.19186 61.78995 57.60557 93.30233 71.3784 70.13278 52.09016 71.09085 93.79064 74.33688 76.93813 81.66094 59.59328 76.10465 87.14638 51.37336 88.6683 90.95846 50.15514 93.0199 56.27154 77.2434 75.04854
96.6062 74.88942 63.7283 98.9063 56.2461 73.64234 95.9813 51.22216 x 64.90407 81.23235 57.43668 81.47795 94.72159 75.60081 56.52863 95.31279 71.53982 94.87155 96.04469 76.75028 88.57635 93.71145 77.60044 79.26372 98.49854 55.06534 54.92852 x 94.90065 73.32543 54.02736 56.86751 66.85117 93.55281 51.70891 96.42562 68.91623 60.62908 70.66543 82.88597 89.03098 73.07248 66.05038 50.31905 77.69488 55.5202 73.39186 98.84669 69.40857
x 84.56491 51.54525 88.88788 96.96137 56.12007 65.5972 53.61558 64.90407 x 63.00551 60.30082 71.292 90.17579 50.67008 92.69684 80.55415 x 57.60732 56.4087 53.2598 89.38345 85.24676 x 74.63069 x 68.71748 94.77101 78.00146 89.37191 82.66375 64.759 79.57578 x 64.83848 93.59053 80.18659 x 64.17291 63.65142 90.08705 78.19135 91.06314 76.62398 79.25601 69.891 92.8349 83.54654 85.83832 x
61.90685 78.27456 86.6828 79.80549 71.84813 85.2184 98.97934 95.28277 81.23235 63.00551 x x 95.38543 94.93286 64.12467 62.79794 52.967 56.15412 63.38649 73.37197 83.17809 77.19617 87.95724 50.50153 76.88327 87.25374 73.77215 84.19376 90.13961 56.11081 82.73507 56.53766 x 94.5653 68.74608 88.9191 53.64129 62.02132 98.12554 76.64701 91.91624 81.78084 97.25428 93.34759 64.10759 57.10802 59.21942 94.93069 98.37437 92.67326
62.11296 54.22078 50.79987 75.90244 54.44269 64.74376 92.17453 52.87836 57.43668 60.30082 x x 79.2315 67.51085 98.33285 88.94094 62.86974 59.26012 68.46596 77.00122 96.58772 66.64336 80.19421 52.57851 62.16497 x 51.68339 64.51091 60.18219 59.48147 90.04572 95.78384 85.06043 90.24443 76.85967 50.78184 93.57622 63.33664 51.54944 80.67976 56.89795 83.81839 88.45015 90.84099 70.79105 55.63833 65.37831 90.13898 61.47269 87.13163
87.72223 61.53677 91.9387 53.27241 81.49067 98.96687 87.40532 64.34139 81.47795 71.292 95.38543 79.2315 x 91.70297 65.55747 94.09086 57.11727 68.45439 82.02998 67.40219 84.65413 74.24227 53.70118 98.7583 65.07107 81.65621 x 91.20427 91.30522 70.02509 52.7441 61.57562 83.20421 84.81867 73.01121 60.32683 97.43925 86.81322 73.62344 57.57418 95.29098 54.94551 70.67021 84.28137 84.11388 95.67536 72.42841 67.90427 59.83402 97.69996
98.93361 81.41194 78.7803 91.0294 50.74157 85.85708 82.37104 90.25255 94.72159 90.17579 94.93286 67.51085 91.70297 x 90.25998 90.63036 65.45025 76.5694 83.10081 56.11234 x 64.96683 80.26823 74.14057 57.19631 96.10615 76.68389 52.38409 77.96803 84.67462 86.52221 75.72624 61.36001 56.94426 x 89.62544 92.80306 93.8888 89.21267 74.8813 53.09238 56.46447 57.30904 66.30094 64.05202 61.14971 73.60609 68.51039 87.89225 57.27137
68.66402 80.31114 90.88992 63.76433 83.08269 65.18657 90.61772 55.69232 75.60081 50.67008 64.12467 98.33285 65.55747 90.25998 x 78.03926 67.41916 73.36438 x 63.71953 62.27912 59.38376 85.09813 78.25072 58.62137 63.15068 67.05669 63.04701 96.70325 54.56147 84.27045 97.6217 x 86.55437 52.03466 79.07988 97.04822 67.95449 53.13574 97.97111 86.12383 67.24184 73.02152 51.22428 77.14782 53.61031 67.6266 70.94577 68.78567 97.81312
60.49894 65.61556 65.19952 71.33349 75.65915 73.94678 68.41232 59.63496 56.52863 92.69684 62.79794 88.94094 94.09086 90.63036 78.03926 x 85.44621 89.11202 88.61069 93.31029 52.67272 79.79606 56.24515 67.59338 96.37336 74.70474 87.54973 60.45283 81.6466 85.55063 93.04593 66.42591 57.71158 89.62486 68.20043 60.13111 94.25172 64.29736 98.19536 50.00015 53.0609 54.04574 62.24089 59.87459 76.91059 59.68382 97.15465 65.61154 83.93079 62.64268
x 85.26732 98.03444 95.02441 70.2256 79.37886 88.42191 61.60249 95.31279 80.55415 52.967 62.86974 57.11727 65.45025 67.41916 85.44621 x 88.70387 88.21214 80.01068 x 65.43283 80.81204 63.68394 89.8623 68.48389 69.05112 74.85695 76.11367 64.59697 53.8705 90.19148 74.46127 82.63657 97.41062 85.10831 93.03157 70.6426 78.18582 96.56304 61.00256 56.33759 93.29503 x 82.59808 83.29451 71.44802 67.02732 60.20634 81.75569
73.2487 65.79887 83.98452 87.65564 96.18789 86.14898 68.91769 78.68913 71.53982 x 56.15412 59.26012 68.45439 76.5694 73.36438 89.11202 88.70387 x 91.26414 82.83395 56.34888 84.06059 79.87345 52.12778 58.3605 69.10428 53.76525 72.40042 90.39058 62.09342 50.28285 66.87471 97.99163 53.27225 x 96.85485 98.32175 58.35966 x 83.66137 73.74059 63.03348 71.94337 89.83414 86.23227 79.64727 59.87194 93.00811 86.98559 80.36343
68.61689 55.76107 92.62117 93.81628 52.82453 x 85.15617 x 94.87155 57.60732 63.38649 68.46596 82.02998 83.10081 x 88.61069 88.21214 91.26414 x 59.67721 x 60.28988 80.01561 85.05404 53.24628 93.42087 85.84332 77.05595 50.35094 62.33532 55.2451 69.75766 86.68313 90.57363 60.55615 73.91836 65.15136 65.50537 67.70079 89.00335 72.59718 88.04363 68.29281 54.16117 90.56338 53.85591 81.19095 88.49272 84.488 71.01168
59.46137 56.9071 75.01156 66.777 95.69833 83.06036 89.16601 73.76459 96.04469 56.4087 73.37197 77.00122 67.40219 56.11234 63.71953 93.31029 80.01068 82.83395 59.67721 x 53.61636 73.17919 53.54609 91.96572 81.24009 68.51628 81.57643 98.00251 70.41852 87.28103 89.29843 64.79566 80.27373 95.03603 65.59341 70.16043 72.89698 x 86.45258 x 85.83343 75.64443 52.82609 66.41682 88.49614 59.08166 59.90549 53.77594 95.51888 84.68528
95.22277 59.59706 50.61667 x 66.07974 72.18267 70.42545 69.82021 76.75028 53.2598 83.17809 96.58772 84.65413 x 62.27912 52.67272 x 56.34888 x 53.61636 x 53.39209 58.44335 83.48598 75.34079 90.4873 95.12757 89.94165 67.30091 76.08583 80.22101 85.73858 85.21244 68.35377 50.34342 89.24112 85.79894 61.08339 x 86.03359 94.68867 55.44612 64.35241 82.48056 50.74594 75.46752 98.44086 80.26871 x 77.53892
63.86626 82.86838 81.15337 94.85525 83.6308 89.4345 78.28253 88.09077 88.57635 89.38345 77.19617 66.64336 74.24227 64.96683 59.38376 79.79606 65.43283 84.06059 60.28988 73.17919 53.39209 x 58.88999 54.41776 57.97068 98.96491 80.06151 69.92473 71.59631 90.60457 68.09488 90.00921 66.06344 57.91272 85.07071 71.60321 88.43529 72.6132 52.67125 96.77613 90.54094 88.66172 58.2869 73.75919 54.80182 69.06357 89.01508 88.99048 84.98777 73.4641
92.14852 57.60297 63.48936 93.30855 98.79778 91.95514 51.70476 80.66035 93.71145 85.24676 87.95724 80.19421 53.70118 80.26823 85.09813 56.24515 80.81204 79.87345 80.01561 53.54609 58.44335 58.88999 x 94.64074 97.61069 85.94452 x 63.53914 x x 90.83798 81.4445 79.65056 75.27988 59.55457 91.38224 58.15482 96.31522 65.51879 63.76248 60.56294 82.66762 83.83808 73.40943 92.24182 60.00577 84.87025 78.48014 56.40088 62.63757
90.63495 58.93806 67.71201 58.30436 95.08053 81.58101 x 73.38499 77.60044 x 50.50153 52.57851 98.7583 74.14057 78.25072 67.59338 63.68394 52.12778 85.05404 91.96572 83.48598 54.41776 94.64074 x 65.07278 61.97872 66.78008 53.6655 90.03553 67.76585 68.49012 64.17882 76.60424 85.499 73.88774 92.03165 93.40888 x 62.50596 65.94459 98.5888 69.32202 87.43212 91.4771 x 55.83446 64.72371 72.95467 85.08386 83.23615
75.92265 76.50222 81.69139 66.7869 84.63083 52.83968 52.80199 68.03294 79.26372 74.63069 76.88327 62.16497 65.07107 57.19631 58.62137 96.37336 89.8623 58.3605 53.24628 81.24009 75.34079 57.97068 97.61069 65.07278 x 71.47142 x 82.67419 86.69835 89.06891 60.09106 74.52319 69.90253 85.7714 69.92659 61.95406 x x 52.70617 83.88713 x 56.02755 74.35834 76.46477 84.28444 66.65657 73.35932 65.63002 94.01673 75.1698
78.51677 96.49152 74.85923 52.3356 70.63997 x 70.28374 97.55222 98.49854 x 87.25374 x 81.65621 96.10615 63.15068 74.70474 68.48389 69.10428 93.42087 68.51628 90.4873 98.96491 85.94452 61.97872 71.47142 x 75.78945 72.23568 50.33914 x 51.90607 52.25846 77.4853 73.15253 58.6069 80.4028 89.70828 85.09534 73.54754 x 82.18558 86.20968 65.01183 x 80.37662 50.14752 87.35141 76.20403 86.8207 74.10798
51.94598 63.35989 82.68551 91.78283 71.99399 74.55866 62.18914 71.69647 55.06534 68.71748 73.77215 51.68339 x 76.68389 67.05669 87.54973 69.05112 53.76525 85.84332 81.57643 95.12757 80.06151 x 66.78008 x 75.78945 x 50.21889 64.88454 79.58884 68.37118 75.63269 67.7153 54.95519 67.44444 80.28747 55.90173 69.80749 74.41825 92.85384 75.63204 76.12396 56.06775 x 82.34387 57.88774 54.46649 71.55064 65.76541 98.1596
65.6828 61.31974 93.40713 69.75856 84.67702 79.75056 63.11561 98.19186 54.92852 94.77101 84.19376 64.51091 91.20427 52.38409 63.04701 60.45283 74.85695 72.40042 77.05595 98.00251 89.94165 69.92473 63.53914 53.6655 82.67419 72.23568 50.21889 x 54.37537 63.51264 55.86241 79.11317 70.16408 87.07291 55.1152 85.91246 93.97771 82.89141 71.67768 x 79.06323 78.90247 62.90687 62.69146 59.25762 x 58.23286 x 79.00392 75.83343
57.30494 66.60918 62.67627 67.43336 75.42794 51.7399 58.11152 61.78995 x 78.00146 90.13961 60.18219 91.30522 77.96803 96.70325 81.6466 76.11367 90.39058 50.35094 70.41852 67.30091 71.59631 x 90.03553 86.69835 50.33914 64.88454 54.37537 x 63.81512 93.03688 77.5814 93.68573 84.48236 61.49966 82.73169 56.76523 84.57584 83.92779 97.88995 78.57703 63.76238 73.04597 51.10614 62.25984 85.26108 53.82925 81.93289 55.95091 x
74.20271 67.93841 67.30101 63.91942 70.86724 67.9181 75.16047 57.60557 94.90065 89.37191 56.11081 59.48147 70.02509 84.67462 54.56147 85.55063 64.59697 62.09342 62.33532 87.28103 76.08583 90.60457 x 67.76585 89.06891 x 79.58884 63.51264 63.81512 x 53.79465 60.57822 93.30842 88.19154 81.55902 59.31761 54.05336 93.83293 78.68418 72.39587 55.33407 84.11667 91.41528 67.50352 70.05541 89.68446 72.07008 93.99017 86.85803 72.81595
96.72653 69.11427 96.42951 97.80398 89.37321 80.3994 83.25552 93.30233 73.32543 82.66375 82.73507 90.04572 52.7441 86.52221 84.27045 93.04593 53.8705 50.28285 55.2451 89.29843 80.22101 68.09488 90.83798 68.49012 60.09106 51.90607 68.37118 55.86241 93.03688 53.79465 x 91.73363 98.91642 64.44343 51.08635 74.11059 96.63363 51.11196 91.61419 80.37464 91.02736 62.64843 90.76002 79.51269 96.95645 88.66323 92.01421 91.82829 73.22248 58.9812
98.74906 62.2668 78.25364 56.88753 85.54861 61.61808 60.6954 71.3784 54.02736 64.759 56.53766 95.78384 61.57562 75.72624 97.6217 66.42591 90.19148 66.87471 69.75766 64.79566 85.73858 90.00921 81.4445 64.17882 74.52319 52.25846 75.63269 79.11317 77.5814 60.57822 91.73363 x 54.91986 x 52.07202 69.02869 76.22055 77.24121 56.05869 70.28975 69.41678 55.01705 72.51181 98.62002 77.40097 81.59858 67.34013 88.71934 97.96339 77.58279
x 88.88663 74.21339 94.96814 96.37924 57.02307 53.45969 70.13278 56.86751 79.57578 x 85.06043 83.20421 61.36001 x 57.71158 74.46127 97.99163 86.68313 80.27373 85.21244 66.06344 79.65056 76.60424 69.90253 77.4853 67.7153 70.16408 93.68573 93.30842 98.91642 54.91986 x 63.588 61.83137 56.40216 67.03411 89.45959 65.86963 x 77.49302 69.18528 56.59782 82.06464 91.17628 71.88764 67.34778 74.38753 75.0994 61.41511
79.40086 57.78967 59.41241 x 63.72747 93.26332 x 52.09016 66.85117 x 94.5653 90.24443 84.81867 56.94426 86.55437 89.62486 82.63657 53.27225 90.57363 95.03603 68.35377 57.91272 75.27988 85.499 85.7714 73.15253 54.95519 87.07291 84.48236 88.19154 64.44343 x 63.588 x 51.63923 71.64315 75.5868 51.0097 78.54579 86.50369 51.53177 58.53614 87.40653 89.21689 x 83.34639 61.16237 92.42383 84.15045 94.94803
87.55392 93.56022 80.19862 65.83802 53.41225 64.81207 70.2847 71.09085 93.55281 64.83848 68.74608 76.85967 73.01121 x 52.03466 68.20043 97.41062 x 60.55615 65.59341 50.34342 85.07071 59.55457 73.88774 69.92659 58.6069 67.44444 55.1152 61.49966 81.55902 51.08635 52.07202 61.83137 51.63923 x x 86.0897 65.92204 64.04588 71.04195 67.76689 52.11468 63.40797 88.53545 76.99521 90.54068 94.6875 78.28708 61.98046 53.90024
72.35352 56.40256 77.90256 81.91377 80.62019 62.88074 74.0357 93.79064 51.70891 93.59053 88.9191 50.78184 60.32683 89.62544 79.07988 60.13111 85.10831 96.85485 73.91836 70.16043 89.24112 71.60321 91.38224 92.03165 61.95406 80.4028 80.28747 85.91246 82.73169 59.31761 74.11059 69.02869 56.40216 71.64315 x x 61.42271 73.49409 52.32327 82.76982 59.55337 59.89866 50.58148 88.27864 58.53295 78.2392 63.33384 85.80869 55.03569 59.6911
71.76513 52.56647 65.81669 68.5968 91.35035 80.85762 58.56415 74.33688 96.42562 80.18659 53.64129 93.57622 97.43925 92.80306 97.04822 94.25172 93.03157 98.32175 65.15136 72.89698 85.79894 88.43529 58.15482 93.40888 x 89.70828 55.90173 93.97771 56.76523 54.05336 96.63363 76.22055 67.03411 75.5868 86.0897 61.42271 x 89.27727 76.04635 51.92485 84.82635 68.9865 94.77195 77.03736 60.91577 74.78602 63.69125 72.76687 96.21273 76.18316
78.14194 62.30059 55.91179 78.33138 62.12844 51.73112 60.52933 76.93813 68.91623 x 62.02132 63.33664 86.81322 93.8888 67.95449 64.29736 70.6426 58.35966 65.50537 x 61.08339 72.6132 96.31522 x x 85.09534 69.80749 82.89141 84.57584 93.83293 51.11196 77.24121 89.45959 51.0097 65.92204 73.49409 89.27727 x 59.18686 71.45557 55.80363 58.8699 75.23529 98.72001 60.57499 55.57337 86.94545 91.10768 64.8786 71.5507
77.45151 69.41424 61.52425 77.11508 88.36401 70.45931 72.19883 81.66094 60.62908 64.17291 98.12554 51.54944 73.62344 89.21267 53.13574 98.19536 78.18582 x 67.70079 86.45258 x 52.67125 65.51879 62.50596 52.70617 73.54754 74.41825 71.67768 83.92779 78.68418 91.61419 56.05869 65.86963 78.54579 64.04588 52.32327 76.04635 59.18686 x 65.81407 53.89302 83.77372 94.05583 66.24702 x 76.98852 71.67225 98.0522 67.47851 57.21412
53.5765 94.92315 87.44709 81.67165 62.03698 53.31395 66.74405 59.59328 70.66543 63.65142 76.64701 80.67976 57.57418 74.8813 97.97111 50.00015 96.56304 83.66137 89.00335 x 86.03359 96.77613 63.76248 65.94459 83.88713 x 92.85384 x 97.88995 72.39587 80.37464 70.28975 x 86.50369 71.04195 82.76982 51.92485 71.45557 65.81407 x 81.87418 96.5493 x 79.70319 58.10471 50.65712 53.96151 50.73696 61.35469 76.83121
83.24407 56.90269 76.26599 94.0495 52.2731 60.88835 87.9045 76.10465 82.88597 90.08705 91.91624 56.89795 95.29098 53.09238 86.12383 53.0609 61.00256 73.74059 72.59718 85.83343 94.68867 90.54094 60.56294 98.5888 x 82.18558 75.63204 79.06323 78.57703 55.33407 91.02736 69.41678 77.49302 51.53177 67.76689 59.55337 84.82635 55.80363 53.89302 81.87418 x 85.53185 66.80453 76.79276 89.69971 87.57446 87.4226 73.36821 86.25614 74.94975
71.34455 78.98649 58.31337 87.9585 53.46532 83.07047 91.9272 87.14638 89.03098 78.19135 81.78084 83.81839 54.94551 56.46447 67.24184 54.04574 56.33759 63.03348 88.04363 75.64443 55.44612 88.66172 82.66762 69.32202 56.02755 86.20968 76.12396 78.90247 63.76238 84.11667 62.64843 55.01705 69.18528 58.53614 52.11468 59.89866 68.9865 58.8699 83.77372 96.5493 85.53185 x 94.55162 73.88456 x 80.9815 74.42276 87.54561 94.78784 66.97988
66.43649 54.55721 71.55668 72.08854 57.97477 71.75775 67.07274 51.37336 73.07248 91.06314 97.25428 88.45015 70.67021 57.30904 73.02152 62.24089 93.29503 71.94337 68.29281 52.82609 64.35241 58.2869 83.83808 87.43212 74.35834 65.01183 56.06775 62.90687 73.04597 91.41528 90.76002 72.51181 56.59782 87.40653 63.40797 50.58148 94.77195 75.23529 94.05583 x 66.80453 94.55162 x 52.41671 64.71377 60.77417 81.87873 63.14699 51.01632 95.81228
98.09179 76.69444 56.89105 71.90362 73.64085 76.17864 56.71572 88.6683 66.05038 76.62398 93.34759 90.84099 84.28137 66.30094 51.22428 59.87459 x 89.83414 54.16117 66.41682 82.48056 73.75919 73.40943 91.4771 76.46477 x x 62.69146 51.10614 67.50352 79.51269 98.62002 82.06464 89.21689 88.53545 88.27864 77.03736 98.72001 66.24702 79.70319 76.79276 73.88456 52.41671 x 77.47281 91.38046 58.85513 63.89162 x 66.19837
88.27479 67.9332 66.76968 93.12496 79.22037 52.61917 84.91878 90.95846 50.31905 79.25601 64.10759 70.79105 84.11388 64.05202 77.14782 76.91059 82.59808 86.23227 90.56338 88.49614 50.74594 54.80182 92.24182 x 84.28444 80.37662 82.34387 59.25762 62.25984 70.05541 96.95645 77.40097 91.17628 x 76.99521 58.53295 60.91577 60.57499 x 58.10471 89.69971 x 64.71377 77.47281 x 94.44297 87.73637 x 84.29646 87.9314
58.66109 95.10897 88.73253 56.8672 76.49329 71.08542 84.70096 50.15514 77.69488 69.891 57.10802 55.63833 95.67536 61.14971 53.61031 59.68382 83.29451 79.64727 53.85591 59.08166 75.46752 69.06357 60.00577 55.83446 66.65657 50.14752 57.88774 x 85.26108 89.68446 88.66323 81.59858 71.88764 83.34639 90.54068 78.2392 74.78602 55.57337 76.98852 50.65712 87.57446 80.9815 60.77417 91.38046 94.44297 x 77.59793 60.53277 61.27827 57.45683
93.24819 97.16071 82.88196 68.67536 61.19003 98.43319 91.48149 93.0199 55.5202 92.8349 59.21942 65.37831 72.42841 73.60609 67.6266 97.15465 71.44802 59.87194 81.19095 59.90549 98.44086 89.01508 84.87025 64.72371 73.35932 87.35141 54.46649 58.23286 53.82925 72.07008 92.01421 67.34013 67.34778 61.16237 94.6875 63.33384 63.69125 86.94545 71.67225 53.96151 87.4226 74.42276 81.87873 58.85513 87.73637 77.59793 x 98.92877 77.39927 91.67168
96.39602 54.52683 x 66.73642 89.15389 98.39881 76.6668 56.27154 73.39186 83.54654 94.93069 90.13898 67.90427 68.51039 70.94577 65.61154 67.02732 93.00811 88.49272 53.77594 80.26871 88.99048 78.48014 72.95467 65.63002 76.20403 71.55064 x 81.93289 93.99017 91.82829 88.71934 74.38753 92.42383 78.28708 85.80869 72.76687 91.10768 98.0522 50.73696 73.36821 87.54561 63.14699 63.89162 x 60.53277 98.92877 x 57.03622 63.7989
91.703 68.7337 85.75822 x 72.07 89.73735 73.77307 77.2434 98.84669 85.83832 98.37437 61.47269 59.83402 87.89225 68.78567 83.93079 60.20634 86.98559 84.488 95.51888 x 84.98777 56.40088 85.08386 94.01673 86.8207 65.76541 79.00392 55.95091 86.85803 73.22248 97.96339 75.0994 84.15045 61.98046 55.03569 96.21273 64.8786 67.47851 61.35469 86.25614 94.78784 51.01632 x 84.29646 61.27827 77.39927 57.03622 x 61.49867
53.29679 56.08867 x 89.89862 55.63295 60.01032 x 75.04854 69.40857 x 92.67326 87.13163 97.69996 57.27137 97.81312 62.64268 81.75569 80.36343 71.01168 84.68528 77.53892 73.4641 62.63757 83.23615 75.1698 74.10798 98.1596 75.83343 x 72.81595 58.9812 77.58279 61.41511 94.94803 53.90024 59.6911 76.18316 71.5507 57.21412 76.83121 74.94975 66.97988 95.81228 66.19837 87.9314 57.45683 91.67168 63.7989 61.49867 x