50
25
0 1 2 3 4 5 6 7 8 9 10 11 12 13 14 15 16 17 18 19 20 21 22 23 24 25 26 27 28 29 30 31 32 33 34 35 36 37 38 39 40 41 42 43 44 45 46 47 48 49
49 23 9 8 22 15 35 4 45 11 31 6 20 21 38 32 34 48 26 40 43 41 37 10 0
0
x 72.03582 86.92269 71.21087 55.54255 70.65478 93.4726 73.92113 97.76232 76.86168 54.67212 x 85.23039 82.88133 79.2251 82.94543 87.20765 87.77791 68.74554 81.33639 91.67437 59.86182 95.03303 68.73136 67.12618 76.83804 93.15137 85.30965 77.77497 56.48086 97.09034 97.29516 60.04114 64.4649 57.4805 97.03354 56.53882 81.67542 60.43163 59.13826 97.61429 75.24347 71.61764 95.99273 61.84049 52.0908 95.69289 96.74777 77.21515 85.85287
72.03582 x 58.05381 78.93661 87.4379 81.85717 62.25409 54.45818 80.09081 57.84283 x 70.59305 66.94966 75.46433 53.80227 83.54245 86.98141 83.40504 x 77.00294 88.04611 74.11377 88.2504 94.85361 70.34531 62.15548 88.35615 77.5251 95.81333 71.20875 85.55095 95.67711 79.09531 x 72.73601 61.45943 88.25852 95.97102 x 74.95001 x 50.48736 64.71421 90.63699 68.92817 66.37816 86.58129 51.33555 63.36106 75.78374
86.92269 58.05381 x 90.14256 91.63122 94.7313 66.74601 87.68896 83.3064 78.85836 61.3549 83.23652 54.39828 95.46078 81.04265 60.04713 62.96747 89.05452 97.91389 85.30533 71.57601 70.58043 97.14719 70.17492 71.34273 73.70419 65.0767 68.03611 x 51.35661 x 50.34696 77.14368 78.20861 74.68362 55.24889 90.99622 87.88723 77.41352 64.37795 54.68934 94.72323 59.0639 x 95.37405 87.27573 61.79519 82.72416 59.82099 68.54666
71.21087 78.93661 90.14256 x 98.17998 80.65882 63.17361 55.33848 63.49614 95.91883 85.66953 69.11362 x 71.46851 82.85059 81.46331 52.7052 62.77214 75.27262 79.18399 58.41677 78.32638 64.48348 58.92522 92.49489 66.72624 78.33934 71.06558 96.08925 54.74639 51.71732 80.00702 88.86955 55.84154 55.34885 69.36299 74.64335 65.90127 93.34607 66.82611 65.40149 71.57017 73.94418 63.60609 78.08959 70.37343 87.3386 87.87069 74.21309 52.55803
55.54255 87.4379 91.63122 98.17998 x 63.97126 65.1552 77.38358 80.64604 92.06896 76.74208 96.60098 52.38363 54.91069 58.35991 80.44925 54.79973 51.93738 88.32157 90.02457 84.7691 89.20612 68.28591 52.81959 62.53832 90.92489 x 95.03632 95.95898 87.84856 x 90.86252 60.64577 84.79507 97.52161 95.59332 82.82538 x 83.38385 50.66774 x 92.60878 83.85423 97.25493 62.43163 56.60404 82.74382 51.39781 62.31754 x
70.65478 81.85717 94.7313 80.65882 63.97126 x 92.72633 55.88696 96.899 89.41352 75.49064 55.05318 82.13624 85.78468 69.13852 85.4286 x 98.64024 59.23803 96.99277 x 79.85802 93.22237 67.74509 89.05229 75.99841 57.03485 65.03953 66.46219 63.71538 59.73486 57.68466 92.87368 66.0235 77.04279 71.30571 68.3051 70.16809 59.65075 x 98.22884 77.24647 63.68643 98.23918 89.98666 73.97872 94.31539 64.30359 63.88958 59.48362
93.4726 62.25409 66.74601 63.17361 65.1552 92.72633 x 64.04787 66.00786 90.48008 58.40463 89.555 81.30549 98.34927 71.14339 89.38606 71.68443 51.49433 56.65488 63.48132 83.07352 92.94504 79.73507 88.28534 64.8755 88.98583 60.4418 84.44934 76.87945 63.92612 66.83501 89.85523 51.27472 90.6219 78.6649 55.79038 80.19495 93.13191 95.81355 52.8109 56.79428 84.04565 62.13946 64.26405 69.78489 80.54281 64.89748 52.7988 73.81217 76.73383
73.92113 54.45818 87.68896 55.33848 77.38358 55.88696 64.04787 x x 70.36997 57.80058 91.46651 71.56374 97.69126 96.20617 65.71318 90.78939 52.58746 98.34054 51.18645 74.1341 54.38913 51.62754 68.40153 x 93.42508 57.91057 78.86463 74.12838 71.49971 77.39251 87.98596 72.62258 79.93705 58.79 x 90.16452 84.43621 72.67584 60.69673 86.1655 80.3338 76.32709 57.55399 70.27309 56.24186 62.97592 84.1839 60.7013 66.15723
97.76232 80.09081 83.3064 63.49614 80.64604 96.899 66.00786 x x 52.03358 53.68731 57.73929 x 76.31005 x 54.881 69.83722 76.91141 89.33962 87.24706 72.7523 x 56.28963 76.55686 89.46801 77.73349 60.59692 81.9215 86.25082 56.62323 91.09181 98.32456 86.60278 71.31852 95.60526 97.22802 59.8412 76.49965 70.79547 53.52108 77.01391 70.21603 59.34095 74.69336 51.48661 50.67156 95.0472 94.71204 87.02204 52.90572
76.86168 57.84283 78.85836 95.91883 92.06896 89.41352 90.48008 70.36997 52.03358 x x 60.94049 54.7641 67.20204 84.70019 61.35404 72.02646 70.66345 80.70364 93.61127 95.54739 61.35103 60.68755 63.80065 56.81371 71.54684 75.58334 88.98898 54.34245 79.5475 73.24286 62.47891 91.04433 90.28232 55.40319 92.79508 53.97135 50.65752 86.13425 58.8676 67.57481 95.87634 61.40231 71.89468 79.58572 77.96186 81.42017 74.04815 94.33179 x
54.67212 x 61.3549 85.66953 76.74208 75.49064 58.40463 57.80058 53.68731 x x 80.35894 73.3356 54.79522 70.00004 77.58946 51.38249 69.14708 77.81788 60.123 89.24348 82.95372 54.38606 55.74044 52.95496 67.63567 x 85.66369 x 52.22816 98.74347 86.55063 98.65279 87.7656 82.56716 51.08933 92.10086 x 51.99182 79.31325 55.97976 59.8361 89.01663 79.1722 77.34591 61.56351 93.86204 71.28168 55.61903 83.61516
x 70.59305 83.23652 69.11362 96.60098 55.05318 89.555 91.46651 57.73929 60.94049 80.35894 x 71.15742 69.27431 97.987 81.00343 65.59771 59.87453 79.51704 88.66183 54.79713 x 96.77593 96.24257 63.94381 80.70572 79.1275 64.82047 63.91434 50.92766 67.6614 89.88029 88.86751 75.61703 80.37525 65.39993 69.37546 96.11184 87.48219 84.62468 69.60532 67.94633 88.23736 91.78811 59.68499 70.35947 79.27002 92.91148 56.57705 72.86651
85.23039 66.94966 54.39828 x 52.38363 82.13624 81.30549 71.56374 x 54.7641 73.3356 71.15742 x x 76.52218 86.20542 78.78825 63.18288 95.76053 98.65757 74.61343 73.27602 97.03396 54.61869 85.95525 75.74621 73.99567 75.20884 x 51.32548 76.60684 x 59.0351 90.98441 53.38899 97.62485 74.35757 96.238 66.56215 51.84011 98.74848 77.26104 82.95068 81.57684 55.97273 82.83686 83.58444 82.52978 63.73083 51.26656
82.88133 75.46433 95.46078 71.46851 54.91069 85.78468 98.34927 97.69126 76.31005 67.20204 54.79522 69.27431 x x 96.29748 62.00495 55.9558 85.74629 98.19525 98.66246 65.45925 x 94.47184 x 86.74727 83.98986 60.95686 53.97419 69.235 80.32369 83.20202 x 73.93309 71.55353 98.69182 93.63798 95.46864 83.89676 84.79496 88.33446 69.53536 54.64154 54.6353 65.47372 87.42906 55.66144 75.53004 70.37015 85.83371 65.6439
79.2251 53.80227 81.04265 82.85059 58.35991 69.13852 71.14339 96.20617 x 84.70019 70.00004 97.987 76.52218 96.29748 x 81.49538 66.11665 78.47916 59.73466 64.89405 51.21426 x 67.60112 82.00416 50.3632 92.31045 51.06823 86.14698 52.46047 51.74263 67.03902 72.2415 60.3514 77.37788 60.92599 71.75404 67.56739 92.68684 66.79726 71.42226 71.30502 77.28079 94.86915 60.22053 90.40723 x 91.14832 81.17821 51.24929 63.37528
82.94543 83.54245 60.04713 81.46331 80.44925 85.4286 89.38606 65.71318 54.881 61.35404 77.58946 81.00343 86.20542 62.00495 81.49538 x 82.24141 74.56674 63.67963 73.94235 94.01903 97.9616 88.54496 74.52989 73.10131 54.75505 60.45602 68.14458 97.73578 80.04262 94.1893 80.41085 83.95744 85.52297 89.10442 67.14697 97.35903 65.31206 x 68.70481 98.8232 64.28967 86.90164 92.35183 80.11605 66.68615 82.35328 58.51984 65.08526 x
87.20765 86.98141 62.96747 52.7052 54.79973 x 71.68443 90.78939 69.83722 72.02646 51.38249 65.59771 78.78825 55.9558 66.11665 82.24141 x 58.61114 x 60.23233 69.48505 76.82643 70.47991 83.32361 73.5263 94.80425 83.5947 85.54529 72.66222 50.17497 87.51028 71.88735 58.59778 83.37244 80.31607 63.12374 69.31685 98.05549 93.68641 90.74423 74.53213 70.72955 79.26975 58.50686 51.81358 69.45823 70.60875 81.06914 67.58254 71.3919
87.77791 83.40504 89.05452 62.77214 51.93738 98.64024 51.49433 52.58746 76.91141 70.66345 69.14708 59.87453 63.18288 85.74629 78.47916 74.56674 58.61114 x 83.23025 95.37066 57.73615 94.52403 83.23311 98.26554 x 69.1162 92.62066 x 98.01648 53.75919 x 81.9966 63.45945 58.38885 89.17091 69.75042 91.96815 63.87523 66.98245 70.69308 97.30359 71.78831 90.90223 80.25922 91.58044 78.6748 x 55.65296 62.18074 66.33608
68.74554 x 97.91389 75.27262 88.32157 59.23803 56.65488 98.34054 89.33962 80.70364 77.81788 79.51704 95.76053 98.19525 59.73466 63.67963 x 83.23025 x 55.10007 67.31768 98.94336 69.44146 88.19239 77.22451 52.03821 60.77056 57.69584 78.4591 57.09934 83.03171 87.0711 97.204 92.56588 56.88678 50.79097 92.52227 83.54784 86.32799 51.23471 69.4923 x 85.83579 71.98655 57.78575 93.83205 76.82045 80.99458 96.71391 x
81.33639 77.00294 85.30533 79.18399 90.02457 96.99277 63.48132 51.18645 87.24706 93.61127 60.123 88.66183 98.65757 98.66246 64.89405 73.94235 60.23233 95.37066 55.10007 x 65.31502 57.54567 95.31589 97.96393 73.01529 96.11018 56.47337 84.17987 98.89648 71.21883 75.76803 97.4929 90.19576 66.4336 85.16411 87.51667 98.49882 70.18206 74.35549 93.69338 50.22377 90.56187 51.55841 95.82975 93.62174 x 59.66669 x 92.19628 63.66357
91.67437 88.04611 71.57601 58.41677 84.7691 x 83.07352 74.1341 72.7523 95.54739 89.24348 54.79713 74.61343 65.45925 51.21426 94.01903 69.48505 57.73615 67.31768 65.31502 x 94.02131 64.77638 78.72416 62.81855 92.97927 54.13782 77.62654 51.09768 85.02493 92.16784 85.72675 63.9201 x 87.21581 83.09181 73.76266 58.42849 58.69125 90.51484 97.72168 64.88091 90.48687 53.28274 75.99129 78.077 56.53008 84.67925 x 95.27194
59.86182 74.11377 70.58043 78.32638 89.20612 79.85802 92.94504 54.38913 x 61.35103 82.95372 x 73.27602 x x 97.9616 76.82643 94.52403 98.94336 57.54567 94.02131 x 64.69031 70.8232 88.37904 54.17206 54.11531 77.78366 74.29246 84.44942 61.66217 86.88038 62.40085 82.79731 79.23376 74.40392 x 76.48784 66.28203 68.46167 86.00205 50.46584 62.2579 57.18878 97.02843 61.93402 x 59.09361 75.9059 68.28537
95.03303 88.2504 97.14719 64.48348 68.28591 93.22237 79.73507 51.62754 56.28963 60.68755 54.38606 96.77593 97.03396 94.47184 67.60112 88.54496 70.47991 83.23311 69.44146 95.31589 64.77638 64.69031 x 80.92575 56.60436 59.89001 74.95492 65.66598 51.39862 95.6571 90.23634 60.67043 93.95391 55.07236 59.69704 61.65077 86.6312 82.23708 62.59366 81.45595 82.68958 82.2767 73.50085 63.54697 52.10404 62.7068 84.04517 97.17599 53.45127 93.68517
68.73136 94.85361 70.17492 58.92522 52.81959 67.74509 88.28534 68.40153 76.55686 63.80065 55.74044 96.24257 54.61869 x 82.00416 74.52989 83.32361 98.26554 88.19239 97.96393 78.72416 70.8232 80.92575 x 98.95793 81.23124 68.82223 56.35499 87.04456 57.38468 94.0559 58.63472 84.2779 63.44035 60.60514 66.06979 81.8195 93.63509 81.22611 64.36655 56.56318 65.38931 82.63487 64.99775 57.76657 98.63371 65.02 56.94689 60.1411 70.80874
67.12618 70.34531 71.34273 92.49489 62.53832 89.05229 64.8755 x 89.46801 56.81371 52.95496 63.94381 85.95525 86.74727 50.3632 73.10131 73.5263 x 77.22451 73.01529 62.81855 88.37904 56.60436 98.95793 x 98.5235 56.06524 65.86328 63.90664 63.56007 50.41529 73.33435 50.08302 88.02204 80.56661 67.56952 58.33979 76.96191 79.04607 80.59625 70.63767 80.52118 83.83996 68.71488 55.46516 53.24057 79.00802 83.1391 50.58936 79.78337
76.83804 62.15548 73.70419 66.72624 90.92489 75.99841 88.98583 93.42508 77.73349 71.54684 67.63567 80.70572 75.74621 83.98986 92.31045 54.75505 94.80425 69.1162 52.03821 96.11018 92.97927 54.17206 59.89001 81.23124 98.5235 x 59.83748 75.95646 84.52486 54.9178 75.17402 55.67939 63.24068 66.74697 92.77598 87.4992 94.41613 89.02196 56.92228 60.08871 84.05577 71.70758 92.27413 77.69815 82.7482 66.54603 70.1271 72.06062 55.75859 59.13098
93.15137 88.35615 65.0767 78.33934 x 57.03485 60.4418 57.91057 60.59692 75.58334 x 79.1275 73.99567 60.95686 51.06823 60.45602 83.5947 92.62066 60.77056 56.47337 54.13782 54.11531 74.95492 68.82223 56.06524 59.83748 x 73.32006 63.83129 55.94807 74.31029 66.55821 63.6904 70.85512 91.87572 65.68794 53.40928 97.18964 60.89959 69.24146 58.37867 77.86257 x 83.87668 80.31651 50.43995 94.3826 61.80381 87.69267 77.64848
85.30965 77.5251 68.03611 71.06558 95.03632 65.03953 84.44934 78.86463 81.9215 88.98898 85.66369 64.82047 75.20884 53.97419 86.14698 68.14458 85.54529 x 57.69584 84.17987 77.62654 77.78366 65.66598 56.35499 65.86328 75.95646 73.32006 x 56.80958 73.98565 76.94786 56.46587 58.85236 95.35678 66.49535 77.49534 54.88469 84.82212 69.96551 56.15673 70.38288 x 88.0668 85.62399 69.19688 88.41848 69.19997 98.33264 88.40707 57.48732
77.77497 95.81333 x 96.08925 95.95898 66.46219 76.87945 74.12838 86.25082 54.34245 x 63.91434 x 69.235 52.46047 97.73578 72.66222 98.01648 78.4591 98.89648 51.09768 74.29246 51.39862 87.04456 63.90664 84.52486 63.83129 56.80958 x 76.08926 x 83.41724 70.60782 90.89125 79.3783 81.52176 97.44329 51.49392 79.39018 92.04511 86.72155 55.4087 73.55872 66.95522 67.6626 98.81978 95.85098 51.04916 x 70.53954
56.48086 71.20875 51.35661 54.74639 87.84856 63.71538 63.92612 71.49971 56.62323 79.5475 52.22816 50.92766 51.32548 80.32369 51.74263 80.04262 50.17497 53.75919 57.09934 71.21883 85.02493 84.44942 95.6571 57.38468 63.56007 54.9178 55.94807 73.98565 76.08926 x x 80.69345 57.27653 72.37966 55.76971 x 83.57777 x 53.8114 72.44249 75.016 52.45747 79.07348 87.33247 x 74.74807 72.18818 94.96411 82.10771 97.62799
97.09034 85.55095 x 51.71732 x 59.73486 66.83501 77.39251 91.09181 73.24286 98.74347 67.6614 76.60684 83.20202 67.03902 94.1893 87.51028 x 83.03171 75.76803 92.16784 61.66217 90.23634 94.0559 50.41529 75.17402 74.31029 76.94786 x x x 81.93069 92.45935 58.30184 56.47681 66.21271 97.587 79.23918 89.50488 90.74 92.33694 81.84033 92.31398 87.7113 58.55415 58.8007 70.89057 78.33782 55.9617 98.37634
97.29516 95.67711 50.34696 80.00702 90.86252 57.68466 89.85523 87.98596 98.32456 62.47891 86.55063 89.88029 x x 72.2415 80.41085 71.88735 81.9966 87.0711 97.4929 85.72675 86.88038 60.67043 58.63472 73.33435 55.67939 66.55821 56.46587 83.41724 80.69345 81.93069 x 55.6515 x 59.54293 75.6745 98.86718 98.15 84.72236 63.66034 86.93242 51.10156 70.90181 60.6181 98.17739 50.70055 98.1655 67.04242 71.35434 51.87366
60.04114 79.09531 77.14368 88.86955 60.64577 92.87368 51.27472 72.62258 86.60278 91.04433 98.65279 88.86751 59.0351 73.93309 60.3514 83.95744 58.59778 63.45945 97.204 90.19576 63.9201 62.40085 93.95391 84.2779 50.08302 63.24068 63.6904 58.85236 70.60782 57.27653 92.45935 55.6515 x 50.53232 82.6836 98.40863 x 85.67975 56.51631 93.55258 60.55848 x 88.61887 65.92511 85.10974 90.66879 84.18087 86.27802 50.67073 92.33938
64.4649 x 78.20861 55.84154 84.79507 66.0235 90.6219 79.93705 71.31852 90.28232 87.7656 75.61703 90.98441 71.55353 77.37788 85.52297 83.37244 58.38885 92.56588 66.4336 x 82.79731 55.07236 63.44035 88.02204 66.74697 70.85512 95.35678 90.89125 72.37966 58.30184 x 50.53232 x 76.85637 67.89182 91.35814 72.16951 64.71012 51.37516 74.28724 83.93813 56.08963 95.41263 98.42939 86.27862 53.56612 97.4372 82.18537 64.26647
57.4805 72.73601 74.68362 55.34885 97.52161 77.04279 78.6649 58.79 95.60526 55.40319 82.56716 80.37525 53.38899 98.69182 60.92599 89.10442 80.31607 89.17091 56.88678 85.16411 87.21581 79.23376 59.69704 60.60514 80.56661 92.77598 91.87572 66.49535 79.3783 55.76971 56.47681 59.54293 82.6836 76.85637 x 81.27475 66.2855 67.06841 86.7066 90.65841 79.79422 65.58828 56.3584 96.07567 88.89211 89.70512 85.44466 88.66099 61.79665 65.81227
97.03354 61.45943 55.24889 69.36299 95.59332 71.30571 55.79038 x 97.22802 92.79508 51.08933 65.39993 97.62485 93.63798 71.75404 67.14697 63.12374 69.75042 50.79097 87.51667 83.09181 74.40392 61.65077 66.06979 67.56952 87.4992 65.68794 77.49534 81.52176 x 66.21271 75.6745 98.40863 67.89182 81.27475 x 88.03347 68.94767 65.05539 92.03508 61.89452 83.65987 88.12881 87.39853 57.15593 61.61663 82.34141 76.44315 73.5925 91.42417
56.53882 88.25852 90.99622 74.64335 82.82538 68.3051 80.19495 90.16452 59.8412 53.97135 92.10086 69.37546 74.35757 95.46864 67.56739 97.35903 69.31685 91.96815 92.52227 98.49882 73.76266 x 86.6312 81.8195 58.33979 94.41613 53.40928 54.88469 97.44329 83.57777 97.587 98.86718 x 91.35814 66.2855 88.03347 x 81.57786 80.54369 55.58653 79.9934 86.13705 58.16318 55.87299 90.15453 81.36074 58.9201 61.2014 85.34547 x
81.67542 95.97102 87.88723 65.90127 x 70.16809 93.13191 84.43621 76.49965 50.65752 x 96.11184 96.238 83.89676 92.68684 65.31206 98.05549 63.87523 83.54784 70.18206 58.42849 76.48784 82.23708 93.63509 76.96191 89.02196 97.18964 84.82212 51.49392 x 79.23918 98.15 85.67975 72.16951 67.06841 68.94767 81.57786 x 62.96445 93.25708 73.70537 77.63033 70.69326 72.76573 72.46909 62.35314 64.37818 69.93218 x 66.71418
60.43163 x 77.41352 93.34607 83.38385 59.65075 95.81355 72.67584 70.79547 86.13425 51.99182 87.48219 66.56215 84.79496 66.79726 x 93.68641 66.98245 86.32799 74.35549 58.69125 66.28203 62.59366 81.22611 79.04607 56.92228 60.89959 69.96551 79.39018 53.8114 89.50488 84.72236 56.51631 64.71012 86.7066 65.05539 80.54369 62.96445 x 92.63791 73.39342 84.71114 66.9664 x 77.40702 67.98931 69.76063 92.41061 73.88629 67.3777
59.13826 74.95001 64.37795 66.82611 50.66774 x 52.8109 60.69673 53.52108 58.8676 79.31325 84.62468 51.84011 88.33446 71.42226 68.70481 90.74423 70.69308 51.23471 93.69338 90.51484 68.46167 81.45595 64.36655 80.59625 60.08871 69.24146 56.15673 92.04511 72.44249 90.74 63.66034 93.55258 51.37516 90.65841 92.03508 55.58653 93.25708 92.63791 x 75.01158 52.48783 95.68238 96.7833 70.20404 72.89368 59.12244 89.17456 80.51709 85.83374
97.61429 x 54.68934 65.40149 x 98.22884 56.79428 86.1655 77.01391 67.57481 55.97976 69.60532 98.74848 69.53536 71.30502 98.8232 74.53213 97.30359 69.4923 50.22377 97.72168 86.00205 82.68958 56.56318 70.63767 84.05577 58.37867 70.38288 86.72155 75.016 92.33694 86.93242 60.55848 74.28724 79.79422 61.89452 79.9934 73.70537 73.39342 75.01158 x 86.9344 74.72859 60.02735 62.93582 80.27236 70.84767 80.82202 91.65109 97.43676
75.24347 50.48736 94.72323 71.57017 92.60878 77.24647 84.04565 80.3338 70.21603 95.87634 59.8361 67.94633 77.26104 54.64154 77.28079 64.28967 70.72955 71.78831 x 90.56187 64.88091 50.46584 82.2767 65.38931 80.52118 71.70758 77.86257 x 55.4087 52.45747 81.84033 51.10156 x 83.93813 65.58828 83.65987 86.13705 77.63033 84.71114 52.48783 86.9344 x 65.43418 93.38562 91.22907 90.67676 84.75479 71.64261 71.76949 93.62864
71.61764 64.71421 59.0639 73.94418 83.85423 63.68643 62.13946 76.32709 59.34095 61.40231 89.01663 88.23736 82.95068 54.6353 94.86915 86.90164 79.26975 90.90223 85.83579 51.55841 90.48687 62.2579 73.50085 82.63487 83.83996 92.27413 x 88.0668 73.55872 79.07348 92.31398 70.90181 88.61887 56.08963 56.3584 88.12881 58.16318 70.69326 66.9664 95.68238 74.72859 65.43418 x 65.64544 73.20908 88.02709 93.0782 91.27776 87.76454 91.26755
95.99273 90.63699 x 63.60609 97.25493 98.23918 64.26405 57.55399 74.69336 71.89468 79.1722 91.78811 81.57684 65.47372 60.22053 92.35183 58.50686 80.25922 71.98655 95.82975 53.28274 57.18878 63.54697 64.99775 68.71488 77.69815 83.87668 85.62399 66.95522 87.33247 87.7113 60.6181 65.92511 95.41263 96.07567 87.39853 55.87299 72.76573 x 96.7833 60.02735 93.38562 65.64544 x 94.94297 72.23621 93.88414 90.00775 53.10184 67.61449
61.84049 68.92817 95.37405 78.08959 62.43163 89.98666 69.78489 70.27309 51.48661 79.58572 77.34591 59.68499 55.97273 87.42906 90.40723 80.11605 51.81358 91.58044 57.78575 93.62174 75.99129 97.02843 52.10404 57.76657 55.46516 82.7482 80.31651 69.19688 67.6626 x 58.55415 98.17739 85.10974 98.42939 88.89211 57.15593 90.15453 72.46909 77.40702 70.20404 62.93582 91.22907 73.20908 94.94297 x 56.06154 56.14916 60.62215 54.14186 60.02055
52.0908 66.37816 87.27573 70.37343 56.60404 73.97872 80.54281 56.24186 50.67156 77.96186 61.56351 70.35947 82.83686 55.66144 x 66.68615 69.45823 78.6748 93.83205 x 78.077 61.93402 62.7068 98.63371 53.24057 66.54603 50.43995 88.41848 98.81978 74.74807 58.8007 50.70055 90.66879 86.27862 89.70512 61.61663 81.36074 62.35314 67.98931 72.89368 80.27236 90.67676 88.02709 72.23621 56.06154 x 90.23551 61.56006 63.18304 53.92405
95.69289 86.58129 61.79519 87.3386 82.74382 94.31539 64.89748 62.97592 95.0472 81.42017 93.86204 79.27002 83.58444 75.53004 91.14832 82.35328 70.60875 x 76.82045 59.66669 56.53008 x 84.04517 65.02 79.00802 70.1271 94.3826 69.19997 95.85098 72.18818 70.89057 98.1655 84.18087 53.56612 85.44466 82.34141 58.9201 64.37818 69.76063 59.12244 70.84767 84.75479 93.0782 93.88414 56.14916 90.23551 x 97.95414 52.11234 58.81133
96.74777 51.33555 82.72416 87.87069 51.39781 64.30359 52.7988 84.1839 94.71204 74.04815 71.28168 92.91148 82.52978 70.37015 81.17821 58.51984 81.06914 55.65296 80.99458 x 84.67925 59.09361 97.17599 56.94689 83.1391 72.06062 61.80381 98.33264 51.04916 94.96411 78.33782 67.04242 86.27802 97.4372 88.66099 76.44315 61.2014 69.93218 92.41061 89.17456 80.82202 71.64261 91.27776 90.00775 60.62215 61.56006 97.95414 x 68.18099 86.27193
77.21515 63.36106 59.82099 74.21309 62.31754 63.88958 73.81217 60.7013 87.02204 94.33179 55.61903 56.57705 63.73083 85.83371 51.24929 65.08526 67.58254 62.18074 96.71391 92.19628 x 75.9059 53.45127 60.1411 50.58936 55.75859 87.69267 88.40707 x 82.10771 55.9617 71.35434 50.67073 82.18537 61.79665 73.5925 85.34547 x 73.88629 80.51709 91.65109 71.76949 87.76454 53.10184 54.14186 63.18304 52.11234 68.18099 x 89.52904
85.85287 75.78374 68.54666 52.55803 x 59.48362 76.73383 66.15723 52.90572 x 83.61516 72.86651 51.26656 65.6439 63.37528 x 71.3919 66.33608 x 63.66357 95.27194 68.28537 93.68517 70.80874 79.78337 59.13098 77.64848 57.48732 70.53954 97.62799 98.37634 51.87366 92.33938 64.26647 65.81227 91.42417 x 66.71418 67.3777 85.83374 97.43676 93.62864 91.26755 67.61449 60.02055 53.92405 58.81133 86.27193 89.52904 x