50
25
0 1 2 3 4 5 6 7 8 9 10 11 12 13 14 15 16 17 18 19 20 21 22 23 24 25 26 27 28 29 30 31 32 33 34 35 36 37 38 39 40 41 42 43 44 45 46 47 48 49
6 34 13 30 29 1 25 46 11 0 44 20 43 3 40 15 41 16 23 33 2 42 38 35 48
0
x 77.71836 63.33357 80.94027 65.99377 85.9961 50.80108 69.25254 95.7081 89.08365 67.85777 57.5243 61.53565 50.59 75.41121 79.21172 75.71763 55.63342 59.67274 76.10576 60.13903 93.64671 59.71595 60.5664 94.84695 78.90278 74.26911 62.23073 69.01811 85.37343 98.44265 68.54376 63.12247 58.55201 79.29994 66.32689 71.33101 79.79637 77.38741 72.29216 55.82639 92.93574 x 50.20672 77.18485 89.12143 77.68292 72.75573 89.34781 97.10078
77.71836 x x 50.46473 57.94104 58.68181 92.68772 x 83.76519 61.35701 53.32742 x 88.47041 53.98645 52.02332 80.8511 61.76039 87.36527 55.92694 97.09282 55.94087 98.05704 55.1263 82.73782 93.07959 x 56.3523 51.88224 78.78599 88.38026 61.13369 71.07548 68.81282 52.4673 51.59309 82.67887 84.46422 50.36082 87.44735 x 84.48909 94.15158 65.58026 75.63375 x 89.94463 50.84874 80.65987 83.39676 54.30532
63.33357 x x 81.10113 85.97392 98.46413 83.02319 59.22995 66.14026 54.84594 x 80.6135 78.99393 65.91681 79.8665 54.97201 78.01093 65.0006 86.86541 78.18198 x 82.12985 79.1053 72.21353 94.70273 77.38806 82.92403 94.4394 70.56475 51.45989 90.53705 90.81341 52.16068 75.49035 78.69414 59.0529 67.69018 70.97694 74.60688 60.33645 85.27247 78.90045 53.48886 94.60297 82.74161 x 90.48171 x 74.99833 53.28274
80.94027 50.46473 81.10113 x 83.46674 88.96596 70.54406 78.08604 72.26214 67.82307 60.52875 51.16329 79.71103 87.84585 51.36222 82.52702 51.93147 57.99232 73.31218 x x x 51.10998 92.68073 69.80319 96.29807 79.67549 52.82384 70.68572 54.6868 73.80915 84.2762 65.86276 80.8503 89.43166 63.82122 98.15732 96.62889 62.45341 63.21514 90.87055 65.97352 72.25706 82.02613 94.83901 55.49103 55.45286 55.07032 57.34855 87.7203
65.99377 57.94104 85.97392 83.46674 x 77.12228 53.02642 55.79927 74.86014 62.61621 79.39988 67.37479 78.9246 58.58928 80.17 60.63558 58.4314 68.05952 88.25337 55.87542 86.68029 95.1688 56.82853 x x 87.68103 91.78219 78.1588 82.44987 91.49217 54.26055 98.53651 x 81.0393 56.15811 59.45021 63.06641 64.2571 69.02708 83.79727 95.66232 77.59901 91.75804 52.80176 95.68502 59.89853 82.9144 78.57921 96.09666 x
85.9961 58.68181 98.46413 88.96596 77.12228 x 92.93167 86.58222 94.37193 72.35515 81.31016 77.22444 85.79059 69.57154 72.51346 68.48994 87.10083 79.02305 63.36817 58.02999 66.85442 66.03258 98.36165 71.06818 77.82045 63.78226 50.47796 92.22666 66.35595 95.65549 73.30458 63.86139 72.73189 88.18526 74.75487 x 97.9737 69.04825 83.88405 84.50776 77.44626 x 90.94173 76.40923 51.13236 79.06441 92.42013 70.75585 70.74389 67.96148
50.80108 92.68772 83.02319 70.54406 53.02642 92.93167 x 93.50367 87.0425 87.06646 90.351 90.12844 83.5832 61.20413 89.21608 63.28956 82.21275 x x 97.26674 56.46927 88.00053 55.61737 64.02387 66.7865 64.71191 60.33543 72.83439 72.58273 55.60044 63.76905 59.46167 71.87106 65.89624 97.46464 50.30876 94.89857 82.30277 95.52114 66.64777 93.88211 77.64461 53.61983 96.71745 x 80.78221 54.65744 63.8543 85.28493 53.33736
69.25254 x 59.22995 78.08604 55.79927 86.58222 93.50367 x 77.64517 73.91205 64.3262 x 88.64133 84.96692 69.03807 55.36394 54.38784 69.30211 67.72607 73.2724 95.36543 x 56.84744 75.52781 88.74029 53.26879 98.5291 64.35108 79.45526 72.86238 67.29532 86.51022 62.34813 84.25478 69.76876 61.93355 62.02136 83.70507 86.12068 89.67857 67.55834 79.51587 60.34022 80.97463 92.11851 64.62256 82.11053 80.54275 69.98946 60.44059
95.7081 83.76519 66.14026 72.26214 74.86014 94.37193 87.0425 77.64517 x 75.7363 x 97.46665 85.74903 58.47182 69.87774 73.29168 63.15206 55.60549 98.45171 65.63435 56.27783 95.90755 70.08269 76.90125 60.89909 80.69722 60.46037 54.49415 92.96162 74.54254 62.00651 54.64539 91.09014 77.63239 59.80052 54.13107 97.37396 64.00332 92.50776 93.11405 88.47052 62.21898 63.87664 80.26715 98.66637 62.07561 63.8464 84.09538 83.5577 74.93139
89.08365 61.35701 54.84594 67.82307 62.61621 72.35515 87.06646 73.91205 75.7363 x 97.27192 54.5874 79.2888 87.72629 91.30846 90.56036 71.15853 89.26981 x 81.77745 80.53773 73.09519 57.99593 x 96.16856 73.85624 69.16115 61.7042 60.43903 66.28766 88.76076 98.87034 89.86901 52.82418 91.26455 89.38609 81.35098 62.79285 95.674 90.4759 70.5348 60.65564 x 80.6744 97.88869 x 80.78049 62.11911 57.79961 63.69614
67.85777 53.32742 x 60.52875 79.39988 81.31016 90.351 64.3262 x 97.27192 x 65.09169 91.67723 87.85726 50.36623 66.99904 75.84803 93.96982 76.90849 50.26602 66.33942 61.62009 69.16252 90.55772 85.60946 86.5231 79.14328 50.2539 71.28321 90.3955 54.17577 77.86293 61.93626 96.86243 85.62996 58.66696 60.87424 79.33897 77.4469 83.77099 89.0656 x 76.19771 53.57146 93.23294 59.41018 55.58625 57.13693 94.05505 62.05258
57.5243 x 80.6135 51.16329 67.37479 77.22444 90.12844 x 97.46665 54.5874 65.09169 x 82.44023 71.84919 55.72466 56.38291 80.01847 79.26864 73.79839 89.94891 63.0326 59.53177 56.9003 83.24692 98.56572 72.07641 69.38977 60.02301 78.62944 91.70889 91.38926 90.28076 62.09765 61.66607 84.8478 82.26223 58.11053 60.71621 x 54.7926 73.95319 68.68016 91.21346 93.10749 65.80964 81.88218 55.26555 82.26306 53.93857 89.964
61.53565 88.47041 78.99393 79.71103 78.9246 85.79059 83.5832 88.64133 85.74903 79.2888 91.67723 82.44023 x 81.87903 93.68027 89.0799 67.22906 67.4274 72.13356 70.1032 70.8198 84.27996 93.77998 61.24019 90.31772 79.11047 61.01485 91.1787 57.86835 x 66.96387 65.42879 72.49385 86.82401 53.16563 67.45727 62.67014 62.02199 96.14077 92.67587 61.60371 53.07525 82.33113 53.06904 69.48611 97.24574 82.37124 89.92359 68.07695 71.50533
50.59 53.98645 65.91681 87.84585 58.58928 69.57154 61.20413 84.96692 58.47182 87.72629 87.85726 71.84919 81.87903 x 90.68416 50.76893 95.10873 65.40088 51.21678 92.59118 58.52451 68.10745 55.82527 77.6206 61.93997 65.78586 87.21416 x 88.31303 89.14999 90.28502 65.32211 83.80107 82.0777 89.27925 50.17486 65.42151 75.05743 93.54181 97.46866 94.54813 69.27618 53.77058 62.99813 94.41491 81.59056 69.76029 83.23111 55.64407 94.0574
75.41121 52.02332 79.8665 51.36222 80.17 72.51346 89.21608 69.03807 69.87774 91.30846 50.36623 55.72466 93.68027 90.68416 x 87.15749 51.81666 75.65014 57.1047 64.76423 56.41306 59.46624 87.72244 84.41477 67.06445 97.23847 96.76566 59.96711 56.53056 84.60045 85.98798 76.28785 96.06525 54.94081 94.25932 87.87116 80.22833 82.37669 93.25397 82.04 61.41902 57.88291 x 75.88596 53.46668 82.81757 70.91278 73.76668 52.80861 86.99186
79.21172 80.8511 54.97201 82.52702 60.63558 68.48994 63.28956 55.36394 73.29168 90.56036 66.99904 56.38291 89.0799 50.76893 87.15749 x 50.41999 58.54936 61.50532 52.19112 84.87604 85.18531 64.87547 94.76435 x 60.99857 94.84256 x 75.4985 78.71236 79.78782 57.60604 79.15172 84.38365 82.74253 68.10286 57.08521 59.07648 97.20082 84.73624 66.43595 56.5358 93.50141 55.13675 58.65073 86.82701 58.58578 93.69074 61.14014 90.66266
75.71763 61.76039 78.01093 51.93147 58.4314 87.10083 82.21275 54.38784 63.15206 71.15853 75.84803 80.01847 67.22906 95.10873 51.81666 50.41999 x 74.48295 88.0837 72.00301 55.14405 85.20297 87.57078 x 50.23963 60.62087 50.44855 x 58.1747 79.53191 88.52528 74.25654 77.35809 66.02248 86.34468 75.26216 x 87.13906 92.09634 74.51393 93.26515 95.84218 96.4834 70.60078 70.72283 93.17137 64.76069 66.24813 86.58254 62.93612
55.63342 87.36527 65.0006 57.99232 68.05952 79.02305 x 69.30211 55.60549 89.26981 93.96982 79.26864 67.4274 65.40088 75.65014 58.54936 74.48295 x 62.88558 80.21457 78.3364 59.65021 97.00453 87.82377 56.83836 56.75947 85.34624 54.00071 78.05659 68.25274 88.96108 67.1664 88.38795 88.71144 77.70047 61.17729 70.78315 52.31279 89.72186 54.07601 55.9113 83.73324 77.53524 67.18602 50.28416 63.11184 61.55507 82.94853 92.02469 97.12159
59.67274 55.92694 86.86541 73.31218 88.25337 63.36817 x 67.72607 98.45171 x 76.90849 73.79839 72.13356 51.21678 57.1047 61.50532 88.0837 62.88558 x x 60.30744 83.43823 80.75128 84.20599 74.33147 62.42887 x 73.89322 89.42162 67.77885 60.88014 70.48775 x 85.75938 59.53693 67.20263 78.79248 75.35341 53.11448 92.25784 66.07562 97.53467 53.63019 63.66771 75.32906 92.5899 78.20956 93.78967 x 75.18452
76.10576 97.09282 78.18198 x 55.87542 58.02999 97.26674 73.2724 65.63435 81.77745 50.26602 89.94891 70.1032 92.59118 64.76423 52.19112 72.00301 80.21457 x x 98.89892 68.72023 71.59596 70.04533 72.75071 79.12456 58.01057 82.26513 58.0997 56.2883 62.92535 96.7462 96.09942 75.06278 81.63548 69.34199 92.28762 50.03166 64.52157 76.03758 71.09587 85.80124 69.04358 68.62656 96.34404 91.92454 72.72781 63.29937 60.9883 93.37042
60.13903 55.94087 x x 86.68029 66.85442 56.46927 95.36543 56.27783 80.53773 66.33942 63.0326 70.8198 58.52451 56.41306 84.87604 55.14405 78.3364 60.30744 98.89892 x 63.45793 90.8401 80.58369 54.47236 64.60135 80.97648 53.17143 98.07333 64.80331 63.92174 73.77837 x 60.56041 59.12454 54.10356 72.52817 57.63203 53.14753 80.57864 61.13529 64.35825 74.75816 80.28282 92.75296 78.48238 60.78713 x 69.51728 86.19241
93.64671 98.05704 82.12985 x 95.1688 66.03258 88.00053 x 95.90755 73.09519 61.62009 59.53177 84.27996 68.10745 59.46624 85.18531 85.20297 59.65021 83.43823 68.72023 63.45793 x 70.29705 61.40751 95.17946 76.34537 53.0885 92.00384 70.92271 53.81318 55.39499 82.28831 98.74259 53.78976 92.05669 65.19022 68.17427 51.69297 x x 82.47036 53.61056 79.23343 77.91957 53.72106 88.60663 83.31581 81.24716 68.4386 84.38584
59.71595 55.1263 79.1053 51.10998 56.82853 98.36165 55.61737 56.84744 70.08269 57.99593 69.16252 56.9003 93.77998 55.82527 87.72244 64.87547 87.57078 97.00453 80.75128 71.59596 90.8401 70.29705 x 75.60063 74.64884 68.4656 59.20138 62.62287 84.76902 96.07363 85.44958 85.92712 x 69.73084 82.88438 83.56467 97.00985 90.16878 51.78269 58.025 73.05711 85.16947 x 67.50518 64.04133 93.63521 63.18937 60.8231 50.37713 51.93325
60.5664 82.73782 72.21353 92.68073 x 71.06818 64.02387 75.52781 76.90125 x 90.55772 83.24692 61.24019 77.6206 84.41477 94.76435 x 87.82377 84.20599 70.04533 80.58369 61.40751 75.60063 x x 89.84626 96.18779 71.78658 51.70319 97.61402 x 93.94183 57.4766 71.16901 52.86536 65.13413 97.06124 69.67214 73.28374 71.33076 78.46054 68.70853 98.75351 59.43636 58.28827 65.2346 93.8041 96.75896 78.64247 50.3926
94.84695 93.07959 94.70273 69.80319 x 77.82045 66.7865 88.74029 60.89909 96.16856 85.60946 98.56572 90.31772 61.93997 67.06445 x 50.23963 56.83836 74.33147 72.75071 54.47236 95.17946 74.64884 x x 68.70605 92.3321 92.23544 69.0243 86.95029 90.37022 68.18357 52.41509 95.05135 96.40462 70.77071 77.2011 80.35943 83.99083 98.5409 81.46094 72.78413 74.93745 89.94404 62.59194 x 52.06938 94.57877 52.87448 96.29183
78.90278 x 77.38806 96.29807 87.68103 63.78226 64.71191 53.26879 80.69722 73.85624 86.5231 72.07641 79.11047 65.78586 97.23847 60.99857 60.62087 56.75947 62.42887 79.12456 64.60135 76.34537 68.4656 89.84626 68.70605 x 69.18391 62.33411 74.06007 95.28465 50.56809 67.20823 96.79334 95.90774 82.818 x 84.55579 90.52767 92.63071 92.81599 53.32696 82.84504 75.36002 63.84812 x 52.15231 82.66668 79.59287 90.84693 67.26114
74.26911 56.3523 82.92403 79.67549 91.78219 50.47796 60.33543 98.5291 60.46037 69.16115 79.14328 69.38977 61.01485 87.21416 96.76566 94.84256 50.44855 85.34624 x 58.01057 80.97648 53.0885 59.20138 96.18779 92.3321 69.18391 x 58.55154 65.10501 73.32149 91.73766 86.11588 58.0339 53.06094 52.26196 97.31018 52.63344 55.37837 82.69348 85.71839 84.09414 87.73059 64.38745 95.67071 94.51667 92.11382 64.21925 52.23907 93.60658 x
62.23073 51.88224 94.4394 52.82384 78.1588 92.22666 72.83439 64.35108 54.49415 61.7042 50.2539 60.02301 91.1787 x 59.96711 x x 54.00071 73.89322 82.26513 53.17143 92.00384 62.62287 71.78658 92.23544 62.33411 58.55154 x 59.10717 93.94451 80.12785 50.88433 73.84897 74.7171 74.25116 98.82562 84.09681 71.46076 68.43584 73.65948 57.11616 68.2173 92.03235 78.20381 x 87.27926 73.78456 92.09456 96.42902 53.89059
69.01811 78.78599 70.56475 70.68572 82.44987 66.35595 72.58273 79.45526 92.96162 60.43903 71.28321 78.62944 57.86835 88.31303 56.53056 75.4985 58.1747 78.05659 89.42162 58.0997 98.07333 70.92271 84.76902 51.70319 69.0243 74.06007 65.10501 59.10717 x 90.29285 58.86827 71.07986 63.84995 76.02664 88.72798 65.4449 79.74822 82.77732 52.89239 51.57386 77.48126 66.72123 77.27426 77.44578 62.46808 60.81901 53.74075 69.57939 67.69377 96.89068
85.37343 88.38026 51.45989 54.6868 91.49217 95.65549 55.60044 72.86238 74.54254 66.28766 90.3955 91.70889 x 89.14999 84.60045 78.71236 79.53191 68.25274 67.77885 56.2883 64.80331 53.81318 96.07363 97.61402 86.95029 95.28465 73.32149 93.94451 90.29285 x 63.22392 96.39504 74.34051 x x 68.07724 77.31314 60.29566 52.34722 69.34384 86.82348 54.27091 68.40649 53.85483 94.66659 69.16884 51.62761 93.87105 64.22209 60.01387
98.44265 61.13369 90.53705 73.80915 54.26055 73.30458 63.76905 67.29532 62.00651 88.76076 54.17577 91.38926 66.96387 90.28502 85.98798 79.78782 88.52528 88.96108 60.88014 62.92535 63.92174 55.39499 85.44958 x 90.37022 50.56809 91.73766 80.12785 58.86827 63.22392 x 93.35344 65.22463 x x 78.63932 70.38121 61.57991 68.82214 85.11233 85.82264 59.30963 62.40304 53.23679 91.755 70.17438 81.59698 59.46253 67.88643 55.0644
68.54376 71.07548 90.81341 84.2762 98.53651 63.86139 59.46167 86.51022 54.64539 98.87034 77.86293 90.28076 65.42879 65.32211 76.28785 57.60604 74.25654 67.1664 70.48775 96.7462 73.77837 82.28831 85.92712 93.94183 68.18357 67.20823 86.11588 50.88433 71.07986 96.39504 93.35344 x 70.11507 90.84618 55.72947 55.51529 97.68469 x 55.57616 50.85828 79.07511 90.31937 61.28065 50.34114 86.2343 52.70219 79.33837 x 85.76204 80.22459
63.12247 68.81282 52.16068 65.86276 x 72.73189 71.87106 62.34813 91.09014 89.86901 61.93626 62.09765 72.49385 83.80107 96.06525 79.15172 77.35809 88.38795 x 96.09942 x 98.74259 x 57.4766 52.41509 96.79334 58.0339 73.84897 63.84995 74.34051 65.22463 70.11507 x 78.98367 86.37037 83.84968 89.27604 75.7575 82.82212 x 94.59654 61.57701 77.84046 x 51.15392 60.84326 59.55197 84.53898 50.9586 68.39422
58.55201 52.4673 75.49035 80.8503 81.0393 88.18526 65.89624 84.25478 77.63239 52.82418 96.86243 61.66607 86.82401 82.0777 54.94081 84.38365 66.02248 88.71144 85.75938 75.06278 60.56041 53.78976 69.73084 71.16901 95.05135 95.90774 53.06094 74.7171 76.02664 x x 90.84618 78.98367 x 62.94477 58.97959 71.06096 92.86153 86.44142 90.25939 75.04224 64.72115 84.36148 80.13061 79.36717 50.22163 58.99005 69.99258 80.53772 61.39387
79.29994 51.59309 78.69414 89.43166 56.15811 74.75487 97.46464 69.76876 59.80052 91.26455 85.62996 84.8478 53.16563 89.27925 94.25932 82.74253 86.34468 77.70047 59.53693 81.63548 59.12454 92.05669 82.88438 52.86536 96.40462 82.818 52.26196 74.25116 88.72798 x x 55.72947 86.37037 62.94477 x 88.84969 53.94087 83.78566 91.77813 70.62636 71.16502 77.41572 84.79932 56.00493 65.96825 94.45401 84.78273 58.98264 72.68752 71.50909
66.32689 82.67887 59.0529 63.82122 59.45021 x 50.30876 61.93355 54.13107 89.38609 58.66696 82.26223 67.45727 50.17486 87.87116 68.10286 75.26216 61.17729 67.20263 69.34199 54.10356 65.19022 83.56467 65.13413 70.77071 x 97.31018 98.82562 65.4449 68.07724 78.63932 55.51529 83.84968 58.97959 88.84969 x 73.66264 98.87911 88.51893 72.80038 52.68015 85.15617 71.57999 82.36896 83.09009 91.42538 90.31516 69.28036 83.43281 96.77988
71.33101 84.46422 67.69018 98.15732 63.06641 97.9737 94.89857 62.02136 97.37396 81.35098 60.87424 58.11053 62.67014 65.42151 80.22833 57.08521 x 70.78315 78.79248 92.28762 72.52817 68.17427 97.00985 97.06124 77.2011 84.55579 52.63344 84.09681 79.74822 77.31314 70.38121 97.68469 89.27604 71.06096 53.94087 73.66264 x 76.17805 56.30167 78.09957 97.76287 x 93.21143 88.80138 55.62404 75.33175 66.6213 67.78629 63.65728 69.10223
79.79637 50.36082 70.97694 96.62889 64.2571 69.04825 82.30277 83.70507 64.00332 62.79285 79.33897 60.71621 62.02199 75.05743 82.37669 59.07648 87.13906 52.31279 75.35341 50.03166 57.63203 51.69297 90.16878 69.67214 80.35943 90.52767 55.37837 71.46076 82.77732 60.29566 61.57991 x 75.7575 92.86153 83.78566 98.87911 76.17805 x 56.82222 81.93114 77.64926 85.4518 72.98002 53.33279 73.06523 85.25642 60.67196 75.01412 60.00766 54.70577
77.38741 87.44735 74.60688 62.45341 69.02708 83.88405 95.52114 86.12068 92.50776 95.674 77.4469 x 96.14077 93.54181 93.25397 97.20082 92.09634 89.72186 53.11448 64.52157 53.14753 x 51.78269 73.28374 83.99083 92.63071 82.69348 68.43584 52.89239 52.34722 68.82214 55.57616 82.82212 86.44142 91.77813 88.51893 56.30167 56.82222 x 62.62104 86.73209 72.98859 58.91515 52.56284 93.56259 91.14411 69.37954 67.20743 87.11303 52.9481
72.29216 x 60.33645 63.21514 83.79727 84.50776 66.64777 89.67857 93.11405 90.4759 83.77099 54.7926 92.67587 97.46866 82.04 84.73624 74.51393 54.07601 92.25784 76.03758 80.57864 x 58.025 71.33076 98.5409 92.81599 85.71839 73.65948 51.57386 69.34384 85.11233 50.85828 x 90.25939 70.62636 72.80038 78.09957 81.93114 62.62104 x 54.59886 57.00524 x 68.37771 96.51695 87.02048 74.91129 79.82037 62.42681 51.31659
55.82639 84.48909 85.27247 90.87055 95.66232 77.44626 93.88211 67.55834 88.47052 70.5348 89.0656 73.95319 61.60371 94.54813 61.41902 66.43595 93.26515 55.9113 66.07562 71.09587 61.13529 82.47036 73.05711 78.46054 81.46094 53.32696 84.09414 57.11616 77.48126 86.82348 85.82264 79.07511 94.59654 75.04224 71.16502 52.68015 97.76287 77.64926 86.73209 54.59886 x 57.16845 74.60034 55.17924 58.13887 50.50317 86.81564 78.43461 54.35832 83.64289
92.93574 94.15158 78.90045 65.97352 77.59901 x 77.64461 79.51587 62.21898 60.65564 x 68.68016 53.07525 69.27618 57.88291 56.5358 95.84218 83.73324 97.53467 85.80124 64.35825 53.61056 85.16947 68.70853 72.78413 82.84504 87.73059 68.2173 66.72123 54.27091 59.30963 90.31937 61.57701 64.72115 77.41572 85.15617 x 85.4518 72.98859 57.00524 57.16845 x 59.94803 54.67814 61.97194 97.92191 85.26872 89.89931 76.53086 69.31581
x 65.58026 53.48886 72.25706 91.75804 90.94173 53.61983 60.34022 63.87664 x 76.19771 91.21346 82.33113 53.77058 x 93.50141 96.4834 77.53524 53.63019 69.04358 74.75816 79.23343 x 98.75351 74.93745 75.36002 64.38745 92.03235 77.27426 68.40649 62.40304 61.28065 77.84046 84.36148 84.79932 71.57999 93.21143 72.98002 58.91515 x 74.60034 59.94803 x 75.7157 65.00378 91.9154 71.1309 70.84318 98.09268 59.89485
50.20672 75.63375 94.60297 82.02613 52.80176 76.40923 96.71745 80.97463 80.26715 80.6744 53.57146 93.10749 53.06904 62.99813 75.88596 55.13675 70.60078 67.18602 63.66771 68.62656 80.28282 77.91957 67.50518 59.43636 89.94404 63.84812 95.67071 78.20381 77.44578 53.85483 53.23679 50.34114 x 80.13061 56.00493 82.36896 88.80138 53.33279 52.56284 68.37771 55.17924 54.67814 75.7157 x 73.70453 62.52064 52.42959 72.75974 94.03194 94.53674
77.18485 x 82.74161 94.83901 95.68502 51.13236 x 92.11851 98.66637 97.88869 93.23294 65.80964 69.48611 94.41491 53.46668 58.65073 70.72283 50.28416 75.32906 96.34404 92.75296 53.72106 64.04133 58.28827 62.59194 x 94.51667 x 62.46808 94.66659 91.755 86.2343 51.15392 79.36717 65.96825 83.09009 55.62404 73.06523 93.56259 96.51695 58.13887 61.97194 65.00378 73.70453 x 96.77824 54.93811 78.5209 78.46877 79.07556
89.12143 89.94463 x 55.49103 59.89853 79.06441 80.78221 64.62256 62.07561 x 59.41018 81.88218 97.24574 81.59056 82.81757 86.82701 93.17137 63.11184 92.5899 91.92454 78.48238 88.60663 93.63521 65.2346 x 52.15231 92.11382 87.27926 60.81901 69.16884 70.17438 52.70219 60.84326 50.22163 94.45401 91.42538 75.33175 85.25642 91.14411 87.02048 50.50317 97.92191 91.9154 62.52064 96.77824 x 67.68447 94.89452 79.16388 79.21115
77.68292 50.84874 90.48171 55.45286 82.9144 92.42013 54.65744 82.11053 63.8464 80.78049 55.58625 55.26555 82.37124 69.76029 70.91278 58.58578 64.76069 61.55507 78.20956 72.72781 60.78713 83.31581 63.18937 93.8041 52.06938 82.66668 64.21925 73.78456 53.74075 51.62761 81.59698 79.33837 59.55197 58.99005 84.78273 90.31516 66.6213 60.67196 69.37954 74.91129 86.81564 85.26872 71.1309 52.42959 54.93811 67.68447 x 50.40448 58.80396 56.31788
72.75573 80.65987 x 55.07032 78.57921 70.75585 63.8543 80.54275 84.09538 62.11911 57.13693 82.26306 89.92359 83.23111 73.76668 93.69074 66.24813 82.94853 93.78967 63.29937 x 81.24716 60.8231 96.75896 94.57877 79.59287 52.23907 92.09456 69.57939 93.87105 59.46253 x 84.53898 69.99258 58.98264 69.28036 67.78629 75.01412 67.20743 79.82037 78.43461 89.89931 70.84318 72.75974 78.5209 94.89452 50.40448 x 89.52579 88.54646
89.34781 83.39676 74.99833 57.34855 96.09666 70.74389 85.28493 69.98946 83.5577 57.79961 94.05505 53.93857 68.07695 55.64407 52.80861 61.14014 86.58254 92.02469 x 60.9883 69.51728 68.4386 50.37713 78.64247 52.87448 90.84693 93.60658 96.42902 67.69377 64.22209 67.88643 85.76204 50.9586 80.53772 72.68752 83.43281 63.65728 60.00766 87.11303 62.42681 54.35832 76.53086 98.09268 94.03194 78.46877 79.16388 58.80396 89.52579 x 70.49748
97.10078 54.30532 53.28274 87.7203 x 67.96148 53.33736 60.44059 74.93139 63.69614 62.05258 89.964 71.50533 94.0574 86.99186 90.66266 62.93612 97.12159 75.18452 93.37042 86.19241 84.38584 51.93325 50.3926 96.29183 67.26114 x 53.89059 96.89068 60.01387 55.0644 80.22459 68.39422 61.39387 71.50909 96.77988 69.10223 54.70577 52.9481 51.31659 83.64289 69.31581 59.89485 94.53674 79.07556 79.21115 56.31788 88.54646 70.49748 x