50
25
0 1 2 3 4 5 6 7 8 9 10 11 12 13 14 15 16 17 18 19 20 21 22 23 24 25 26 27 28 29 30 31 32 33 34 35 36 37 38 39 40 41 42 43 44 45 46 47 48 49
29 37 36 21 13 47 10 35 6 30 4 27 40 28 18 44 7 17 39 45 33 11 32 46 34
0
x 78.7167 83.76893 58.41597 64.33563 59.25101 61.65647 50.85146 97.68555 64.19929 90.5621 87.31117 63.95628 75.66854 67.93926 78.18818 76.94065 78.62135 82.96835 75.66031 94.8063 60.85722 66.97388 67.44705 81.3267 61.54539 82.82774 70.28535 71.66826 98.08808 92.48519 55.88104 86.9268 93.51063 68.95138 88.20797 63.28756 93.55744 75.66494 82.63505 75.81845 52.61001 50.66145 63.62571 89.22747 82.35861 x 61.46093 81.25076 68.43337
78.7167 x 85.57816 88.19472 64.59048 71.25787 94.11462 84.94681 94.94632 x 87.61915 78.62935 68.48059 59.07581 58.36292 84.61126 56.05733 64.36357 60.98724 98.75631 94.49954 90.49697 x 95.94822 69.4277 69.17084 66.09898 78.38886 74.98134 90.14041 78.52589 86.8858 x 74.12637 97.30173 62.79607 53.5074 x x 85.73397 70.61836 91.5775 83.01782 56.70411 50.94754 95.94094 72.72988 93.09704 82.42404 74.72073
83.76893 85.57816 x 61.1608 61.98789 74.95061 81.14173 84.36694 59.68177 60.60477 65.80987 71.96233 96.34313 81.84914 77.80145 58.46999 59.27722 68.32457 52.19882 59.16701 70.77271 60.92405 56.5209 70.78425 98.64248 69.1299 87.51098 69.29379 77.72776 95.21705 78.76018 57.56266 88.4535 68.31947 67.86715 91.99055 61.57087 71.92479 72.76016 82.24191 66.59357 63.76601 72.34137 59.77635 50.80902 57.75983 81.66254 78.95019 79.70943 90.75398
58.41597 88.19472 61.1608 x 67.28988 x 59.36063 55.81635 62.33823 85.10859 94.51092 57.94804 83.15862 67.96959 87.99138 51.03503 75.54787 81.13681 75.0993 88.12479 91.32667 89.15977 95.72415 72.40225 57.21525 57.09602 91.53721 75.49329 95.0875 66.19735 80.00114 60.84249 73.07774 89.32438 67.75887 81.55589 71.16407 61.68489 71.37826 61.10093 50.60925 53.72411 77.72138 56.9815 92.77809 83.69432 60.60601 81.92749 70.93907 57.03412
64.33563 64.59048 61.98789 67.28988 x 78.07461 67.89039 92.41723 84.76219 77.81848 68.03268 x 95.79951 61.80096 63.24278 89.52037 54.9731 x 63.64384 74.10407 78.85976 98.63878 92.42305 64.22796 80.19329 79.43513 80.24241 61.68454 87.93635 98.81967 70.5679 91.96514 87.32223 66.26719 x 92.1739 50.66801 89.94078 57.83227 85.18545 63.62878 x 58.8618 91.19282 52.74506 72.18932 97.17293 78.25567 77.16897 88.89471
59.25101 71.25787 74.95061 x 78.07461 x 76.97144 67.55192 57.03927 72.84829 90.55708 72.36379 79.37901 76.56967 70.17266 89.65431 52.29287 96.7786 75.51433 57.59113 95.06137 86.08007 77.58691 94.42958 58.04288 73.62211 58.50379 73.40099 82.52318 51.22963 84.57438 68.56504 73.06396 58.16922 58.39916 82.8672 87.51833 x x 90.29459 83.56455 84.96222 67.47037 80.33239 56.87246 81.98895 78.88515 93.01871 52.96055 x
61.65647 94.11462 81.14173 59.36063 67.89039 76.97144 x 71.85996 91.49873 78.86944 69.42527 56.19698 81.59292 71.35198 66.65416 58.98281 75.54487 88.47513 84.30304 x 85.85219 80.36882 64.27739 94.50708 77.67951 80.5704 82.83477 x 84.76062 83.47793 63.27148 60.3301 79.8322 66.73357 64.86104 55.88129 x 50.43228 85.48305 69.53216 88.84882 98.21721 66.02997 67.00961 52.6988 x 93.70641 72.27291 53.9092 66.24486
50.85146 84.94681 84.36694 55.81635 92.41723 67.55192 71.85996 x 90.50309 80.93661 51.53471 81.7713 81.1439 84.24649 51.52884 50.08943 87.32298 84.97591 83.72681 96.08509 68.67925 96.89569 78.49063 52.82834 61.03507 77.9321 74.30903 51.15496 67.53989 90.74342 87.16738 64.49603 79.08755 95.47618 80.05478 56.98877 92.86459 78.91351 59.33105 83.19194 62.77063 70.69258 58.92736 88.68342 x 84.65666 81.24255 63.20289 x 53.04873
97.68555 94.94632 59.68177 62.33823 84.76219 57.03927 91.49873 90.50309 x 56.37088 80.31679 92.84975 59.6947 90.13418 57.12549 92.6217 92.61145 59.17056 93.97467 76.05863 52.03203 61.61946 64.84207 62.29277 95.70135 87.48875 69.20051 78.31614 83.93569 71.55413 77.74542 96.78731 93.9597 65.45589 94.37615 79.65128 70.05845 76.49981 70.62301 x 68.8728 95.36857 73.0276 72.49877 78.90961 86.45172 66.04976 58.80833 87.85321 75.8605
64.19929 x 60.60477 85.10859 77.81848 72.84829 78.86944 80.93661 56.37088 x 62.9115 78.31445 59.2131 73.47993 60.09916 90.20761 71.99838 73.37482 57.67865 63.35612 79.06523 57.98674 51.46211 89.4462 93.66966 64.05638 92.18532 88.23198 x 71.14934 67.06098 51.23735 50.77723 86.65665 90.42827 76.12162 72.45245 59.2419 x 91.81612 97.55571 59.21584 x 61.81001 52.54322 87.51532 85.01777 80.84744 x 92.16271
90.5621 87.61915 65.80987 94.51092 68.03268 90.55708 69.42527 51.53471 80.31679 62.9115 x 62.24299 63.79038 85.09373 88.59404 85.2675 88.93272 50.6629 96.81589 57.29991 84.40281 x 58.83472 69.77416 94.27346 98.54179 82.417 91.12321 58.76106 68.41302 96.3778 86.77346 66.9577 71.79132 80.85134 77.01249 64.57297 63.30062 87.34645 59.79552 92.72969 79.40566 93.61646 75.57446 85.38878 93.11386 83.05562 56.49913 80.15253 89.41534
87.31117 78.62935 71.96233 57.94804 x 72.36379 56.19698 81.7713 92.84975 78.31445 62.24299 x 93.43789 68.97104 76.87127 94.71707 55.59167 65.9491 65.5222 55.18088 86.20568 70.7189 92.4852 73.91759 90.56709 80.31619 89.65337 73.27047 94.43573 71.22014 71.59783 x 74.85573 76.98258 67.04072 51.16937 65.11811 54.97301 77.32015 89.17588 98.3072 76.48057 56.21339 58.4007 59.0002 62.66451 52.92663 56.69257 79.68234 51.56008
63.95628 68.48059 96.34313 83.15862 95.79951 79.37901 81.59292 81.1439 59.6947 59.2131 63.79038 93.43789 x 56.33642 96.62522 90.78912 66.08786 56.58422 68.56787 52.38554 59.16123 58.68774 53.81225 92.04462 96.60546 63.23722 62.64765 89.98021 95.32037 92.95072 91.65025 67.64236 85.58419 70.59907 51.85161 53.84738 78.59641 81.61381 65.64616 55.72809 55.68349 87.84505 90.84708 66.74275 89.48895 69.42547 76.0811 58.41589 72.04409 62.89766
75.66854 59.07581 81.84914 67.96959 61.80096 76.56967 71.35198 84.24649 90.13418 73.47993 85.09373 68.97104 56.33642 x 65.12458 68.24273 96.56303 56.09332 95.88929 77.36199 56.08451 74.05128 81.97428 93.48486 89.35934 61.69115 52.42169 58.62817 95.19069 66.53169 x 86.29457 86.71608 78.21586 60.92308 64.36141 60.57489 93.94046 80.95941 75.02623 56.64361 62.29139 86.30516 92.15601 73.72701 85.23967 95.95676 81.27023 70.43951 69.86976
67.93926 58.36292 77.80145 87.99138 63.24278 70.17266 66.65416 51.52884 57.12549 60.09916 88.59404 76.87127 96.62522 65.12458 x 58.57988 69.44232 90.9892 91.02173 81.39694 82.72455 68.27186 81.01292 78.27075 60.8306 74.75613 93.53272 94.66156 95.27659 x 57.15722 95.99306 70.13586 74.31424 83.25726 78.95481 93.08358 79.27879 71.60364 71.27414 64.97908 85.12867 79.14999 78.72912 93.45347 57.10864 74.94862 67.2243 79.07774 78.98735
78.18818 84.61126 58.46999 51.03503 89.52037 89.65431 58.98281 50.08943 92.6217 90.20761 85.2675 94.71707 90.78912 68.24273 58.57988 x 73.0746 x 90.46915 85.78294 97.57204 75.53574 56.47607 67.75603 59.57163 95.57616 53.73439 69.39676 81.73269 96.06508 86.76841 91.61397 54.91606 93.67219 65.26095 96.57737 56.88854 92.23405 66.52081 73.98451 92.64146 74.33748 55.29682 72.86764 78.82147 73.02589 52.44054 51.55297 97.27699 54.82067
76.94065 56.05733 59.27722 75.54787 54.9731 52.29287 75.54487 87.32298 92.61145 71.99838 88.93272 55.59167 66.08786 96.56303 69.44232 73.0746 x 81.23137 92.73696 81.92219 91.06315 97.30501 94.96894 57.8412 91.34 56.19129 51.49717 60.19176 77.85373 78.26432 52.62417 71.44139 88.57619 80.96055 61.94961 60.46721 95.0502 64.67462 57.91209 87.08898 79.38311 73.55897 75.18879 74.53245 65.35986 75.45532 53.61866 56.17638 63.93523 63.31452
78.62135 64.36357 68.32457 81.13681 x 96.7786 88.47513 84.97591 59.17056 73.37482 50.6629 65.9491 56.58422 56.09332 90.9892 x 81.23137 x 63.16527 78.61253 88.54015 65.46594 90.14524 66.02082 69.96959 61.51284 79.311 63.34458 93.84919 56.11978 77.89634 69.49953 58.55689 61.72228 62.19949 97.73662 92.31793 78.33843 57.28121 x 70.95785 65.90986 59.63315 64.37224 74.25124 82.59244 82.44977 82.06333 61.34665 52.11183
82.96835 60.98724 52.19882 75.0993 63.64384 75.51433 84.30304 83.72681 93.97467 57.67865 96.81589 65.5222 68.56787 95.88929 91.02173 90.46915 92.73696 63.16527 x 61.0972 69.68736 69.44876 68.42689 57.14591 73.493 91.13263 70.78787 60.73846 76.9629 69.89123 92.30941 93.93084 97.75308 97.16876 51.13432 88.5167 88.69688 78.66563 61.73851 81.01724 94.08466 54.27727 56.85772 88.23821 84.67155 52.61233 90.93582 89.91917 93.52996 96.83408
75.66031 98.75631 59.16701 88.12479 74.10407 57.59113 x 96.08509 76.05863 63.35612 57.29991 55.18088 52.38554 77.36199 81.39694 85.78294 81.92219 78.61253 61.0972 x 61.24643 70.88215 52.02704 81.14009 72.01844 73.42341 65.40547 68.69296 64.63882 58.62019 84.56352 90.08049 71.84014 58.82578 82.90044 93.49784 51.67858 69.59707 50.69992 x 85.50499 63.09731 96.2089 70.10798 89.73953 56.34775 83.89322 96.07958 x 91.63522
94.8063 94.49954 70.77271 91.32667 78.85976 95.06137 85.85219 68.67925 52.03203 79.06523 84.40281 86.20568 59.16123 56.08451 82.72455 97.57204 91.06315 88.54015 69.68736 61.24643 x 60.07358 57.44062 58.56861 69.5372 53.99172 58.43735 x 71.53274 67.43429 73.90407 64.59738 x 66.69083 85.3979 50.28816 50.81154 63.5901 72.06979 81.66788 94.65334 63.99255 51.15964 51.5315 53.11629 80.87979 92.05604 93.3037 52.25827 96.23617
60.85722 90.49697 60.92405 89.15977 98.63878 86.08007 80.36882 96.89569 61.61946 57.98674 x 70.7189 58.68774 74.05128 68.27186 75.53574 97.30501 65.46594 69.44876 70.88215 60.07358 x 51.32239 95.36136 86.00854 57.14771 60.28587 88.48805 69.88912 80.80145 83.08475 86.99801 72.88417 56.77576 57.7646 93.47988 76.78949 79.14839 92.78875 63.14643 87.16732 55.73625 81.79142 75.60476 77.66706 81.13293 x x 83.73404 88.79686
66.97388 x 56.5209 95.72415 92.42305 77.58691 64.27739 78.49063 64.84207 51.46211 58.83472 92.4852 53.81225 81.97428 81.01292 56.47607 94.96894 90.14524 68.42689 52.02704 57.44062 51.32239 x 51.9584 78.8501 89.01792 88.83901 77.15929 79.05864 93.54675 70.89879 65.38726 91.3233 97.2441 57.44663 87.72524 97.89824 80.35064 65.40958 65.48453 97.5683 78.48684 70.20313 75.0611 69.05626 74.9265 77.20823 78.32387 51.13831 98.27718
67.44705 95.94822 70.78425 72.40225 64.22796 94.42958 94.50708 52.82834 62.29277 89.4462 69.77416 73.91759 92.04462 93.48486 78.27075 67.75603 57.8412 66.02082 57.14591 81.14009 58.56861 95.36136 51.9584 x x 61.84128 90.81194 76.72909 x 56.81579 73.86275 66.56259 84.86549 66.64312 73.76924 88.65022 78.89195 83.91907 x x 77.65606 66.15565 85.86406 74.95803 55.42292 53.36006 85.32806 53.48697 77.27458 74.96482
81.3267 69.4277 98.64248 57.21525 80.19329 58.04288 77.67951 61.03507 95.70135 93.66966 94.27346 90.56709 96.60546 89.35934 60.8306 59.57163 91.34 69.96959 73.493 72.01844 69.5372 86.00854 78.8501 x x 87.45475 95.89426 68.56568 x 79.59175 50.52518 56.96074 80.16153 88.61707 98.98091 83.06766 90.32003 65.86346 78.86624 80.44924 81.26256 94.9657 91.22436 56.31519 56.46129 87.14422 50.36901 59.54427 98.56516 69.36342
61.54539 69.17084 69.1299 57.09602 79.43513 73.62211 80.5704 77.9321 87.48875 64.05638 98.54179 80.31619 63.23722 61.69115 74.75613 95.57616 56.19129 61.51284 91.13263 73.42341 53.99172 57.14771 89.01792 61.84128 87.45475 x 51.72223 50.03336 65.94441 87.63492 71.61668 x 98.55171 91.93952 93.9196 61.39708 51.57477 83.95041 93.25538 55.64377 83.001 62.22134 67.75932 51.13848 56.00751 51.4038 76.81787 68.94453 54.26815 59.63669
82.82774 66.09898 87.51098 91.53721 80.24241 58.50379 82.83477 74.30903 69.20051 92.18532 82.417 89.65337 62.64765 52.42169 93.53272 53.73439 51.49717 79.311 70.78787 65.40547 58.43735 60.28587 88.83901 90.81194 95.89426 51.72223 x 53.53048 71.21888 71.86624 85.52413 62.6918 86.88758 78.78554 69.50695 78.80278 x 51.23135 88.08363 x 72.10827 74.99548 76.29942 90.80558 90.50987 x 53.47133 73.29803 96.92782 95.8293
70.28535 78.38886 69.29379 75.49329 61.68454 73.40099 x 51.15496 78.31614 88.23198 91.12321 73.27047 89.98021 58.62817 94.66156 69.39676 60.19176 63.34458 60.73846 68.69296 x 88.48805 77.15929 76.72909 68.56568 50.03336 53.53048 x 80.43707 97.28645 56.16128 50.72565 87.32274 82.32568 89.15961 90.90539 52.80085 80.39171 50.40987 55.86123 59.90786 x 64.81195 64.14413 91.82213 94.24325 74.47579 57.28557 53.43339 81.0083
71.66826 74.98134 77.72776 95.0875 87.93635 82.52318 84.76062 67.53989 83.93569 x 58.76106 94.43573 95.32037 95.19069 95.27659 81.73269 77.85373 93.84919 76.9629 64.63882 71.53274 69.88912 79.05864 x x 65.94441 71.21888 80.43707 x 77.88164 53.55575 83.94721 57.95133 74.57843 98.65373 70.25984 57.02619 94.1859 84.14928 84.18086 79.27776 87.20071 96.65819 61.99163 50.10536 73.65924 69.72099 51.01323 94.19441 73.08263
98.08808 90.14041 95.21705 66.19735 98.81967 51.22963 83.47793 90.74342 71.55413 71.14934 68.41302 71.22014 92.95072 66.53169 x 96.06508 78.26432 56.11978 69.89123 58.62019 67.43429 80.80145 93.54675 56.81579 79.59175 87.63492 71.86624 97.28645 77.88164 x 87.01792 61.75237 83.65857 73.12113 85.21343 59.0971 76.36666 87.44134 66.27116 70.99713 84.65863 89.97232 94.47009 79.99662 65.88347 91.17038 81.21958 98.70137 52.8928 68.13044
92.48519 78.52589 78.76018 80.00114 70.5679 84.57438 63.27148 87.16738 77.74542 67.06098 96.3778 71.59783 91.65025 x 57.15722 86.76841 52.62417 77.89634 92.30941 84.56352 73.90407 83.08475 70.89879 73.86275 50.52518 71.61668 85.52413 56.16128 53.55575 87.01792 x 68.2564 96.72976 89.98212 72.07151 93.93475 57.62667 56.80671 92.01001 96.63694 58.86616 59.69744 63.23923 82.43108 54.65588 59.16643 58.11777 55.62745 x 50.07282
55.88104 86.8858 57.56266 60.84249 91.96514 68.56504 60.3301 64.49603 96.78731 51.23735 86.77346 x 67.64236 86.29457 95.99306 91.61397 71.44139 69.49953 93.93084 90.08049 64.59738 86.99801 65.38726 66.56259 56.96074 x 62.6918 50.72565 83.94721 61.75237 68.2564 x 78.29989 96.15638 97.30845 54.57861 52.76936 85.48424 84.81361 51.65841 86.77948 84.22171 82.93263 68.63012 92.72309 75.12206 90.47049 97.38743 65.05822 86.94345
86.9268 x 88.4535 73.07774 87.32223 73.06396 79.8322 79.08755 93.9597 50.77723 66.9577 74.85573 85.58419 86.71608 70.13586 54.91606 88.57619 58.55689 97.75308 71.84014 x 72.88417 91.3233 84.86549 80.16153 98.55171 86.88758 87.32274 57.95133 83.65857 96.72976 78.29989 x 92.44061 78.80997 74.16309 69.0006 64.90573 71.87349 77.91844 88.77743 73.76485 63.6052 62.09223 97.91817 93.40014 x 91.07245 64.33572 68.37216
93.51063 74.12637 68.31947 89.32438 66.26719 58.16922 66.73357 95.47618 65.45589 86.65665 71.79132 76.98258 70.59907 78.21586 74.31424 93.67219 80.96055 61.72228 97.16876 58.82578 66.69083 56.77576 97.2441 66.64312 88.61707 91.93952 78.78554 82.32568 74.57843 73.12113 89.98212 96.15638 92.44061 x 58.30056 80.63415 77.39222 72.00713 57.52397 62.23666 72.99195 80.32099 96.38094 85.39461 91.03254 97.86082 50.89696 91.21307 93.65715 83.19525
68.95138 97.30173 67.86715 67.75887 x 58.39916 64.86104 80.05478 94.37615 90.42827 80.85134 67.04072 51.85161 60.92308 83.25726 65.26095 61.94961 62.19949 51.13432 82.90044 85.3979 57.7646 57.44663 73.76924 98.98091 93.9196 69.50695 89.15961 98.65373 85.21343 72.07151 97.30845 78.80997 58.30056 x 53.67076 76.10819 69.9855 x 60.41901 95.96771 64.93036 59.40711 56.11205 57.19802 82.56199 88.33311 51.83677 52.80441 54.61127
88.20797 62.79607 91.99055 81.55589 92.1739 82.8672 55.88129 56.98877 79.65128 76.12162 77.01249 51.16937 53.84738 64.36141 78.95481 96.57737 60.46721 97.73662 88.5167 93.49784 50.28816 93.47988 87.72524 88.65022 83.06766 61.39708 78.80278 90.90539 70.25984 59.0971 93.93475 54.57861 74.16309 80.63415 53.67076 x 64.2974 79.28095 98.35964 53.75864 93.86342 x 81.54242 80.08556 79.42311 80.59173 55.42011 67.15467 91.78476 93.50337
63.28756 53.5074 61.57087 71.16407 50.66801 87.51833 x 92.86459 70.05845 72.45245 64.57297 65.11811 78.59641 60.57489 93.08358 56.88854 95.0502 92.31793 88.69688 51.67858 50.81154 76.78949 97.89824 78.89195 90.32003 51.57477 x 52.80085 57.02619 76.36666 57.62667 52.76936 69.0006 77.39222 76.10819 64.2974 x 53.06425 89.58909 94.96001 74.0821 91.45478 95.54356 95.02291 77.80525 89.5512 82.74268 56.7326 73.35726 64.86078
93.55744 x 71.92479 61.68489 89.94078 x 50.43228 78.91351 76.49981 59.2419 63.30062 54.97301 81.61381 93.94046 79.27879 92.23405 64.67462 78.33843 78.66563 69.59707 63.5901 79.14839 80.35064 83.91907 65.86346 83.95041 51.23135 80.39171 94.1859 87.44134 56.80671 85.48424 64.90573 72.00713 69.9855 79.28095 53.06425 x 98.15301 53.92058 83.34337 77.72722 73.39232 80.62157 76.46866 80.79442 67.37146 83.49918 92.16074 51.15452
75.66494 x 72.76016 71.37826 57.83227 x 85.48305 59.33105 70.62301 x 87.34645 77.32015 65.64616 80.95941 71.60364 66.52081 57.91209 57.28121 61.73851 50.69992 72.06979 92.78875 65.40958 x 78.86624 93.25538 88.08363 50.40987 84.14928 66.27116 92.01001 84.81361 71.87349 57.52397 x 98.35964 89.58909 98.15301 x 92.48566 98.36484 54.32684 62.17879 57.4946 61.60998 65.87645 65.60111 98.25915 71.59052 53.76527
82.63505 85.73397 82.24191 61.10093 85.18545 90.29459 69.53216 83.19194 x 91.81612 59.79552 89.17588 55.72809 75.02623 71.27414 73.98451 87.08898 x 81.01724 x 81.66788 63.14643 65.48453 x 80.44924 55.64377 x 55.86123 84.18086 70.99713 96.63694 51.65841 77.91844 62.23666 60.41901 53.75864 94.96001 53.92058 92.48566 x 87.32591 57.15421 55.53575 81.24441 52.35909 50.3427 63.05247 87.55763 54.80048 72.9978
75.81845 70.61836 66.59357 50.60925 63.62878 83.56455 88.84882 62.77063 68.8728 97.55571 92.72969 98.3072 55.68349 56.64361 64.97908 92.64146 79.38311 70.95785 94.08466 85.50499 94.65334 87.16732 97.5683 77.65606 81.26256 83.001 72.10827 59.90786 79.27776 84.65863 58.86616 86.77948 88.77743 72.99195 95.96771 93.86342 74.0821 83.34337 98.36484 87.32591 x 93.50743 65.72271 58.08179 57.71066 51.78602 88.7641 51.48777 53.57565 72.60391
52.61001 91.5775 63.76601 53.72411 x 84.96222 98.21721 70.69258 95.36857 59.21584 79.40566 76.48057 87.84505 62.29139 85.12867 74.33748 73.55897 65.90986 54.27727 63.09731 63.99255 55.73625 78.48684 66.15565 94.9657 62.22134 74.99548 x 87.20071 89.97232 59.69744 84.22171 73.76485 80.32099 64.93036 x 91.45478 77.72722 54.32684 57.15421 93.50743 x 51.62575 96.23512 76.58102 70.72051 53.50291 56.82313 88.83092 59.96751
50.66145 83.01782 72.34137 77.72138 58.8618 67.47037 66.02997 58.92736 73.0276 x 93.61646 56.21339 90.84708 86.30516 79.14999 55.29682 75.18879 59.63315 56.85772 96.2089 51.15964 81.79142 70.20313 85.86406 91.22436 67.75932 76.29942 64.81195 96.65819 94.47009 63.23923 82.93263 63.6052 96.38094 59.40711 81.54242 95.54356 73.39232 62.17879 55.53575 65.72271 51.62575 x 68.87146 73.15108 70.27849 79.5185 63.66315 x 53.29557
63.62571 56.70411 59.77635 56.9815 91.19282 80.33239 67.00961 88.68342 72.49877 61.81001 75.57446 58.4007 66.74275 92.15601 78.72912 72.86764 74.53245 64.37224 88.23821 70.10798 51.5315 75.60476 75.0611 74.95803 56.31519 51.13848 90.80558 64.14413 61.99163 79.99662 82.43108 68.63012 62.09223 85.39461 56.11205 80.08556 95.02291 80.62157 57.4946 81.24441 58.08179 96.23512 68.87146 x 81.84403 x 50.63174 70.04404 63.15217 74.71315
89.22747 50.94754 50.80902 92.77809 52.74506 56.87246 52.6988 x 78.90961 52.54322 85.38878 59.0002 89.48895 73.72701 93.45347 78.82147 65.35986 74.25124 84.67155 89.73953 53.11629 77.66706 69.05626 55.42292 56.46129 56.00751 90.50987 91.82213 50.10536 65.88347 54.65588 92.72309 97.91817 91.03254 57.19802 79.42311 77.80525 76.46866 61.60998 52.35909 57.71066 76.58102 73.15108 81.84403 x 68.5659 80.83039 x 85.17014 63.66879
82.35861 95.94094 57.75983 83.69432 72.18932 81.98895 x 84.65666 86.45172 87.51532 93.11386 62.66451 69.42547 85.23967 57.10864 73.02589 75.45532 82.59244 52.61233 56.34775 80.87979 81.13293 74.9265 53.36006 87.14422 51.4038 x 94.24325 73.65924 91.17038 59.16643 75.12206 93.40014 97.86082 82.56199 80.59173 89.5512 80.79442 65.87645 50.3427 51.78602 70.72051 70.27849 x 68.5659 x 64.3199 97.89103 88.53362 x
x 72.72988 81.66254 60.60601 97.17293 78.88515 93.70641 81.24255 66.04976 85.01777 83.05562 52.92663 76.0811 95.95676 74.94862 52.44054 53.61866 82.44977 90.93582 83.89322 92.05604 x 77.20823 85.32806 50.36901 76.81787 53.47133 74.47579 69.72099 81.21958 58.11777 90.47049 x 50.89696 88.33311 55.42011 82.74268 67.37146 65.60111 63.05247 88.7641 53.50291 79.5185 50.63174 80.83039 64.3199 x 71.15383 87.52459 73.51074
61.46093 93.09704 78.95019 81.92749 78.25567 93.01871 72.27291 63.20289 58.80833 80.84744 56.49913 56.69257 58.41589 81.27023 67.2243 51.55297 56.17638 82.06333 89.91917 96.07958 93.3037 x 78.32387 53.48697 59.54427 68.94453 73.29803 57.28557 51.01323 98.70137 55.62745 97.38743 91.07245 91.21307 51.83677 67.15467 56.7326 83.49918 98.25915 87.55763 51.48777 56.82313 63.66315 70.04404 x 97.89103 71.15383 x 86.858 68.16082
81.25076 82.42404 79.70943 70.93907 77.16897 52.96055 53.9092 x 87.85321 x 80.15253 79.68234 72.04409 70.43951 79.07774 97.27699 63.93523 61.34665 93.52996 x 52.25827 83.73404 51.13831 77.27458 98.56516 54.26815 96.92782 53.43339 94.19441 52.8928 x 65.05822 64.33572 93.65715 52.80441 91.78476 73.35726 92.16074 71.59052 54.80048 53.57565 88.83092 x 63.15217 85.17014 88.53362 87.52459 86.858 x 72.21531
68.43337 74.72073 90.75398 57.03412 88.89471 x 66.24486 53.04873 75.8605 92.16271 89.41534 51.56008 62.89766 69.86976 78.98735 54.82067 63.31452 52.11183 96.83408 91.63522 96.23617 88.79686 98.27718 74.96482 69.36342 59.63669 95.8293 81.0083 73.08263 68.13044 50.07282 86.94345 68.37216 83.19525 54.61127 93.50337 64.86078 51.15452 53.76527 72.9978 72.60391 59.96751 53.29557 74.71315 63.66879 x 73.51074 68.16082 72.21531 x