50
25
0 1 2 3 4 5 6 7 8 9 10 11 12 13 14 15 16 17 18 19 20 21 22 23 24 25 26 27 28 29 30 31 32 33 34 35 36 37 38 39 40 41 42 43 44 45 46 47 48 49
44 4 12 27 36 28 10 17 42 19 40 5 6 38 11 20 0 22 26 23 1 37 34 43 35
0
x 71.95122 92.37417 50.52494 92.55132 57.15765 90.95662 63.12163 69.18774 74.69987 78.35347 81.19413 59.38852 75.11433 71.08363 x 66.4437 63.16607 68.38781 63.08091 59.04569 96.11016 55.62262 56.85073 87.54454 69.55836 87.95153 89.75888 64.48651 93.62888 82.07395 91.77025 82.50109 72.95136 93.96938 61.10238 x 77.98311 74.22028 53.27072 54.78948 88.53306 53.73922 64.57683 90.0459 67.51896 81.98763 81.99918 90.72001 57.15735
71.95122 x 82.93436 59.0068 74.55629 54.67935 71.52868 84.37446 54.77026 61.402 77.46128 95.97852 x 87.43975 67.5798 79.81758 52.98385 70.38368 83.74173 79.28764 55.10866 57.00022 84.57578 51.03359 59.09755 51.82425 76.09298 62.75635 87.2337 63.55356 92.25631 52.29086 72.72239 79.90649 65.977 75.001 86.78252 91.26371 72.97411 79.10817 68.59118 62.20691 87.06076 95.02906 58.37949 81.398 53.41826 55.00267 83.21149 73.1899
92.37417 82.93436 x 73.48869 92.24595 86.24224 61.56221 64.84568 61.15963 76.94299 69.35783 81.9003 98.61476 79.68998 83.40076 63.20576 59.62914 94.00451 79.04503 53.86642 73.16718 68.66274 85.8166 68.07431 64.71852 71.03978 89.55337 79.56644 58.56809 61.77061 59.35471 57.64537 73.77396 67.995 51.82207 65.1467 69.75455 81.37302 97.84079 90.69043 80.93269 55.46777 75.30205 92.86205 51.63837 84.39359 58.44394 81.60686 73.43851 51.91676
50.52494 59.0068 73.48869 x 54.20313 51.05984 86.06054 90.72118 62.46727 75.64731 88.30777 98.26076 87.44124 79.87394 89.3907 90.71562 59.13062 96.48413 59.51863 83.44361 90.99192 53.02273 87.06314 58.91278 57.43554 74.14138 94.40285 55.42792 72.77659 75.7755 68.11178 70.90646 53.39481 63.3699 75.19551 88.02761 75.23573 80.25854 51.42812 72.3241 87.382 80.79354 73.37679 54.52015 73.58117 85.78617 61.15989 x 92.77239 x
92.55132 74.55629 92.24595 54.20313 x 96.34993 71.76133 55.50226 x 64.77199 54.5998 67.5023 97.85782 75.4465 66.1548 53.58053 93.89001 x 76.53477 83.27083 67.7835 64.83972 53.11152 85.10235 97.54729 82.35006 67.62264 67.06125 96.51114 93.00893 64.45234 91.4959 73.61266 63.17166 51.79893 73.30584 53.58751 66.72672 58.82833 82.9737 93.36034 97.48121 70.8029 85.23339 61.0741 60.52122 x 51.16928 66.35114 61.75499
57.15765 54.67935 86.24224 51.05984 96.34993 x 69.62341 94.88952 89.58834 71.1658 75.51002 76.44111 56.87139 59.15356 89.64936 63.34563 95.19469 88.57644 69.10494 81.75918 56.01341 74.1512 78.27567 74.51837 57.14573 89.1237 96.30548 87.52612 91.0633 55.62572 50.83459 76.1269 94.99109 90.47438 73.05876 69.20027 80.4062 96.99946 67.48821 70.46174 55.57542 90.74144 67.86342 77.45485 84.22665 x 58.16065 73.325 59.80551 60.87713
90.95662 71.52868 61.56221 86.06054 71.76133 69.62341 x 58.26235 97.41264 87.01082 72.76215 53.63999 52.12334 72.91094 82.33172 85.51482 80.1537 76.60749 74.91157 91.14461 55.86483 64.18397 50.00921 59.10685 94.65545 85.56537 53.73567 57.19446 x 92.64073 84.85298 73.53965 50.90452 73.97107 59.98031 90.82602 81.80443 52.39701 68.15215 x 95.21508 75.45747 90.6073 69.72845 61.4096 75.61809 56.77779 90.7365 69.8597 x
63.12163 84.37446 64.84568 90.72118 55.50226 94.88952 58.26235 x 81.97587 68.63182 70.99356 57.86678 87.75915 66.78475 74.27217 57.28867 72.31127 54.9493 91.3579 81.28118 80.09186 78.35349 90.76847 53.82599 92.96222 x 85.43981 76.54739 52.90521 60.69977 94.12952 54.33851 90.93169 83.44451 96.77948 89.00935 82.86588 96.33078 71.33733 89.75338 53.33192 76.97962 50.7743 82.97088 59.32322 63.96673 55.87711 96.92637 79.46141 69.95058
69.18774 54.77026 61.15963 62.46727 x 89.58834 97.41264 81.97587 x 55.38976 91.34337 73.77851 86.32463 50.50743 65.94871 61.79436 75.82861 77.26381 78.21268 81.35858 59.09615 95.77524 x 90.08141 60.65225 66.87337 79.01316 71.09758 64.70889 79.02503 76.54373 97.88437 86.87378 97.65013 74.32944 56.22613 53.79824 51.83302 90.45985 74.42913 61.71901 84.03481 78.50978 x 72.01839 50.77431 66.69849 88.2039 58.19813 62.33705
74.69987 61.402 76.94299 75.64731 64.77199 71.1658 87.01082 68.63182 55.38976 x 69.01129 x 51.86072 77.98654 66.39517 51.83266 90.80915 61.89874 89.57551 60.46355 71.69318 83.82237 56.31097 57.58447 60.65603 92.42973 75.83726 96.47738 90.2452 57.91926 96.41468 79.51725 63.306 50.08543 90.09692 87.63792 50.46925 78.99478 91.96422 91.78622 75.76092 92.10136 64.84754 90.21317 98.86063 77.98938 63.8453 55.30404 88.45726 78.04855
78.35347 77.46128 69.35783 88.30777 54.5998 75.51002 72.76215 70.99356 91.34337 69.01129 x 89.18883 77.67913 67.71387 x 60.36135 68.30363 94.54265 92.97133 74.11357 93.17734 87.14018 70.06211 81.01209 76.52349 78.59094 95.12069 x 85.24898 86.27776 57.71249 96.28289 76.25913 93.12504 75.07413 72.61558 50.00487 80.416 80.10071 69.0766 75.39012 61.7706 78.51559 52.29278 66.06371 96.20538 71.35897 52.08135 61.13676 51.54986
81.19413 95.97852 81.9003 98.26076 67.5023 76.44111 53.63999 57.86678 73.77851 x 89.18883 x 75.51487 70.66374 96.1919 71.92639 89.45364 86.70961 64.78115 86.97227 89.17113 91.87107 61.77038 68.35373 85.87703 72.5526 69.32733 67.62444 89.75784 84.76364 51.49155 93.85544 52.58001 86.73651 76.51036 97.39411 86.73327 85.13562 50.47539 84.29074 89.24427 90.90625 89.73873 75.82122 53.18312 98.51002 57.61001 70.37556 56.54752 87.86815
59.38852 x 98.61476 87.44124 97.85782 56.87139 52.12334 87.75915 86.32463 51.86072 77.67913 75.51487 x 70.81478 59.73603 80.16886 75.20128 53.4092 61.8951 50.69817 90.48723 91.54795 93.51529 85.80894 52.09342 55.68038 69.22087 67.6598 72.44305 67.46847 91.80055 98.10713 93.31942 54.49225 96.90503 69.60336 89.23527 70.98453 60.08679 86.20984 93.62439 81.82841 94.85017 90.87583 83.66998 74.06303 62.16005 52.31482 77.391 73.12797
75.11433 87.43975 79.68998 79.87394 75.4465 59.15356 72.91094 66.78475 50.50743 77.98654 67.71387 70.66374 70.81478 x x 94.66297 67.83376 67.90873 78.02274 95.85791 83.6147 81.49362 92.90655 73.79975 x 62.01168 65.05161 79.37913 74.23896 58.28585 71.14293 72.50674 78.36548 92.63767 70.75179 50.78811 x 56.62217 x 57.90726 82.17816 96.87671 50.1336 68.54644 68.49111 97.436 86.83541 59.63751 82.05733 x
71.08363 67.5798 83.40076 89.3907 66.1548 89.64936 82.33172 74.27217 65.94871 66.39517 x 96.1919 59.73603 x x 80.92948 88.67542 62.49386 96.91727 97.82602 54.80751 54.28523 86.13866 86.66324 50.10169 85.58692 91.78157 94.41815 91.09911 88.90537 82.80037 76.39855 50.5845 75.41727 95.69903 96.25691 81.10499 57.86913 94.72431 88.71842 88.97264 85.60858 90.47651 74.53796 84.27825 57.36607 81.473 87.6178 76.78595 62.53588
x 79.81758 63.20576 90.71562 53.58053 63.34563 85.51482 57.28867 61.79436 51.83266 60.36135 71.92639 80.16886 94.66297 80.92948 x 58.07599 75.89233 56.32283 59.55289 74.05388 96.38158 63.91372 65.82287 67.97465 71.00755 79.64264 86.00727 72.07424 60.81359 91.1613 97.36649 x 59.45865 65.99489 61.60962 52.00218 52.1159 64.23966 64.78258 76.57917 60.93755 52.88662 59.49804 68.29373 78.91449 52.61631 89.04321 93.33174 74.33875
66.4437 52.98385 59.62914 59.13062 93.89001 95.19469 80.1537 72.31127 75.82861 90.80915 68.30363 89.45364 75.20128 67.83376 88.67542 58.07599 x 84.90628 96.0476 80.19316 69.46123 53.18745 82.72354 69.28801 92.54309 79.88525 82.9796 59.04196 90.04567 78.65847 81.40272 91.42532 79.21497 97.59758 53.20977 x 71.09922 93.20051 86.90339 80.48228 66.14599 79.25156 54.76428 75.59545 56.22171 69.13864 55.41227 59.80273 63.53896 97.43209
63.16607 70.38368 94.00451 96.48413 x 88.57644 76.60749 54.9493 77.26381 61.89874 94.54265 86.70961 53.4092 67.90873 62.49386 75.89233 84.90628 x 89.61387 63.5562 95.84869 x 94.20487 52.99302 50.13753 52.96924 83.02651 84.70034 80.18774 68.05278 71.83747 88.81931 53.81089 97.89715 68.36976 51.1812 83.14752 95.60567 60.29283 57.983 67.85776 89.99562 68.94403 85.03361 61.09337 67.3132 63.09003 74.67097 57.81542 57.37846
68.38781 83.74173 79.04503 59.51863 76.53477 69.10494 74.91157 91.3579 78.21268 89.57551 92.97133 64.78115 61.8951 78.02274 96.91727 56.32283 96.0476 89.61387 x 74.34918 61.89201 54.08871 98.55909 63.04414 63.21581 77.0076 79.0994 77.77584 79.9237 79.76704 93.12045 78.79045 65.61921 94.11047 87.93117 73.78503 84.60917 x x 80.91516 79.41406 95.65771 83.00155 67.02836 50.24612 61.49925 75.82827 58.79921 89.20436 57.60604
63.08091 79.28764 53.86642 83.44361 83.27083 81.75918 91.14461 81.28118 81.35858 60.46355 74.11357 86.97227 50.69817 95.85791 97.82602 59.55289 80.19316 63.5562 74.34918 x 92.12865 53.37102 83.95927 75.32262 65.88911 96.80711 76.9211 61.48477 66.72933 54.88173 78.09636 58.78763 68.68421 60.23343 62.77499 60.92513 72.53239 56.82916 75.60171 98.85704 54.62059 60.1815 96.26539 x 60.25533 96.26602 88.24626 89.839 85.9332 64.35521
59.04569 55.10866 73.16718 90.99192 67.7835 56.01341 55.86483 80.09186 59.09615 71.69318 93.17734 89.17113 90.48723 83.6147 54.80751 74.05388 69.46123 95.84869 61.89201 92.12865 x 76.30038 96.877 72.74115 x 84.28035 95.57088 89.6168 87.00792 95.48699 55.96394 62.47926 86.10754 96.04066 90.79067 95.68219 81.14399 91.5605 82.53728 58.00715 71.62497 90.86864 97.70396 93.17848 97.47432 89.74971 97.09532 63.97757 72.91533 60.17915
96.11016 57.00022 68.66274 53.02273 64.83972 74.1512 64.18397 78.35349 95.77524 83.82237 87.14018 91.87107 91.54795 81.49362 54.28523 96.38158 53.18745 x 54.08871 53.37102 76.30038 x 77.41994 70.85177 90.09086 89.55261 86.82494 54.19272 54.22401 82.55313 60.9023 72.69907 93.9338 61.12097 59.30787 97.06855 55.75825 73.1567 78.55991 87.75443 96.01079 89.30062 65.15173 89.44767 92.55977 50.19626 79.5527 92.27969 56.12113 53.08226
55.62262 84.57578 85.8166 87.06314 53.11152 78.27567 50.00921 90.76847 x 56.31097 70.06211 61.77038 93.51529 92.90655 86.13866 63.91372 82.72354 94.20487 98.55909 83.95927 96.877 77.41994 x 76.52026 59.90477 97.89446 98.58899 83.27484 71.08453 97.25448 94.35562 88.1024 76.11058 x 90.17772 58.58657 89.66673 74.87563 x 58.49781 85.02675 84.96163 96.34298 74.18158 69.66642 79.32778 56.05826 65.46885 62.46608 76.5647
56.85073 51.03359 68.07431 58.91278 85.10235 74.51837 59.10685 53.82599 90.08141 57.58447 81.01209 68.35373 85.80894 73.79975 86.66324 65.82287 69.28801 52.99302 63.04414 75.32262 72.74115 70.85177 76.52026 x 96.5003 54.63691 96.20869 96.99768 57.51522 66.21996 55.20576 63.51464 x 73.42593 52.26871 x 52.80855 54.92885 65.32444 72.41464 65.06738 89.54378 74.14871 69.70525 62.05463 76.71276 77.72865 x 62.15541 60.6324
87.54454 59.09755 64.71852 57.43554 97.54729 57.14573 94.65545 92.96222 60.65225 60.65603 76.52349 85.87703 52.09342 x 50.10169 67.97465 92.54309 50.13753 63.21581 65.88911 x 90.09086 59.90477 96.5003 x 55.94977 74.01662 75.92148 85.31284 59.57001 76.14013 51.04048 52.8515 90.37643 58.97212 72.79126 76.39028 98.42737 78.91499 76.71787 x 79.24027 55.64747 79.56371 82.95738 88.75932 59.31354 80.42474 76.77883 67.35402
69.55836 51.82425 71.03978 74.14138 82.35006 89.1237 85.56537 x 66.87337 92.42973 78.59094 72.5526 55.68038 62.01168 85.58692 71.00755 79.88525 52.96924 77.0076 96.80711 84.28035 89.55261 97.89446 54.63691 55.94977 x 55.70489 53.12645 x 60.9837 62.67587 57.6653 91.37893 98.28874 81.83217 87.13121 98.36003 97.87904 80.453 77.09019 58.00687 x 52.04945 76.24439 x x 73.74462 72.89843 59.35356 82.21262
87.95153 76.09298 89.55337 94.40285 67.62264 96.30548 53.73567 85.43981 79.01316 75.83726 95.12069 69.32733 69.22087 65.05161 91.78157 79.64264 82.9796 83.02651 79.0994 76.9211 95.57088 86.82494 98.58899 96.20869 74.01662 55.70489 x 51.04332 78.40255 52.62203 x 89.21012 90.96575 69.00155 87.67075 61.84852 69.88386 74.44541 97.04753 61.97894 85.70777 53.69903 80.02244 73.55009 x 69.7287 66.22106 54.76572 50.58456 94.47769
89.75888 62.75635 79.56644 55.42792 67.06125 87.52612 57.19446 76.54739 71.09758 96.47738 x 67.62444 67.6598 79.37913 94.41815 86.00727 59.04196 84.70034 77.77584 61.48477 89.6168 54.19272 83.27484 96.99768 75.92148 53.12645 51.04332 x 77.28295 81.94278 67.52444 72.61644 73.02375 85.98552 61.93504 91.89047 79.06009 73.86228 66.96398 71.70397 65.16902 58.22628 73.61445 95.51684 66.04186 80.87771 96.66824 51.12049 75.60175 88.33494
64.48651 87.2337 58.56809 72.77659 96.51114 91.0633 x 52.90521 64.70889 90.2452 85.24898 89.75784 72.44305 74.23896 91.09911 72.07424 90.04567 80.18774 79.9237 66.72933 87.00792 54.22401 71.08453 57.51522 85.31284 x 78.40255 77.28295 x 53.76744 60.57735 67.83146 93.80955 62.61124 94.74944 66.28541 x 60.42716 57.44667 76.62362 81.13087 98.10968 79.63642 96.90426 58.09592 52.59725 59.33634 91.87148 59.33001 79.44471
93.62888 63.55356 61.77061 75.7755 93.00893 55.62572 92.64073 60.69977 79.02503 57.91926 86.27776 84.76364 67.46847 58.28585 88.90537 60.81359 78.65847 68.05278 79.76704 54.88173 95.48699 82.55313 97.25448 66.21996 59.57001 60.9837 52.62203 81.94278 53.76744 x 92.31415 53.55895 89.57028 67.91693 82.73531 82.57783 88.63562 84.39605 65.97422 80.14775 77.2732 73.61187 54.58253 x 50.43697 84.87912 67.66412 74.43393 57.0208 58.64266
82.07395 92.25631 59.35471 68.11178 64.45234 50.83459 84.85298 94.12952 76.54373 96.41468 57.71249 51.49155 91.80055 71.14293 82.80037 91.1613 81.40272 71.83747 93.12045 78.09636 55.96394 60.9023 94.35562 55.20576 76.14013 62.67587 x 67.52444 60.57735 92.31415 x 89.221 72.0052 92.95181 73.30722 x 57.73998 79.75806 70.63117 98.65865 81.77924 65.68656 91.43017 61.56972 70.71716 91.26385 58.7585 90.01092 92.53679 55.63669
91.77025 52.29086 57.64537 70.90646 91.4959 76.1269 73.53965 54.33851 97.88437 79.51725 96.28289 93.85544 98.10713 72.50674 76.39855 97.36649 91.42532 88.81931 78.79045 58.78763 62.47926 72.69907 88.1024 63.51464 51.04048 57.6653 89.21012 72.61644 67.83146 53.55895 89.221 x 75.03838 76.17789 89.90938 83.6757 80.29852 53.77447 89.98075 x 54.41945 80.45602 95.13327 89.29263 55.06968 53.54745 90.42947 88.57947 82.14602 64.20658
82.50109 72.72239 73.77396 53.39481 73.61266 94.99109 50.90452 90.93169 86.87378 63.306 76.25913 52.58001 93.31942 78.36548 50.5845 x 79.21497 53.81089 65.61921 68.68421 86.10754 93.9338 76.11058 x 52.8515 91.37893 90.96575 73.02375 93.80955 89.57028 72.0052 75.03838 x 75.41398 50.91762 91.36206 95.754 53.74514 65.32959 63.6306 60.93352 85.71922 56.40561 70.38518 54.17138 52.31201 84.40297 x x 82.8069
72.95136 79.90649 67.995 63.3699 63.17166 90.47438 73.97107 83.44451 97.65013 50.08543 93.12504 86.73651 54.49225 92.63767 75.41727 59.45865 97.59758 97.89715 94.11047 60.23343 96.04066 61.12097 x 73.42593 90.37643 98.28874 69.00155 85.98552 62.61124 67.91693 92.95181 76.17789 75.41398 x 62.70604 79.4151 94.94715 67.10898 80.48569 73.18872 x 74.17903 72.04417 96.24231 78.56731 76.40679 64.30026 x 56.34307 58.41306
93.96938 65.977 51.82207 75.19551 51.79893 73.05876 59.98031 96.77948 74.32944 90.09692 75.07413 76.51036 96.90503 70.75179 95.69903 65.99489 53.20977 68.36976 87.93117 62.77499 90.79067 59.30787 90.17772 52.26871 58.97212 81.83217 87.67075 61.93504 94.74944 82.73531 73.30722 89.90938 50.91762 62.70604 x 80.5259 66.77965 53.58691 63.00959 67.4598 87.43424 63.4362 62.86788 72.39817 57.25116 78.99169 88.48529 86.72068 90.47549 84.84867
61.10238 75.001 65.1467 88.02761 73.30584 69.20027 90.82602 89.00935 56.22613 87.63792 72.61558 97.39411 69.60336 50.78811 96.25691 61.60962 x 51.1812 73.78503 60.92513 95.68219 97.06855 58.58657 x 72.79126 87.13121 61.84852 91.89047 66.28541 82.57783 x 83.6757 91.36206 79.4151 80.5259 x 79.16313 57.17123 50.44156 93.51597 86.30035 75.11677 83.30854 58.3675 90.67841 65.14001 61.23299 79.24495 59.71333 80.81018
x 86.78252 69.75455 75.23573 53.58751 80.4062 81.80443 82.86588 53.79824 50.46925 50.00487 86.73327 89.23527 x 81.10499 52.00218 71.09922 83.14752 84.60917 72.53239 81.14399 55.75825 89.66673 52.80855 76.39028 98.36003 69.88386 79.06009 x 88.63562 57.73998 80.29852 95.754 94.94715 66.77965 79.16313 x 84.78343 71.94996 84.74768 81.04046 x 64.35409 82.46638 90.39947 54.71374 88.02762 69.25161 73.31661 52.08171
77.98311 91.26371 81.37302 80.25854 66.72672 96.99946 52.39701 96.33078 51.83302 78.99478 80.416 85.13562 70.98453 56.62217 57.86913 52.1159 93.20051 95.60567 x 56.82916 91.5605 73.1567 74.87563 54.92885 98.42737 97.87904 74.44541 73.86228 60.42716 84.39605 79.75806 53.77447 53.74514 67.10898 53.58691 57.17123 84.78343 x 62.64883 91.3648 81.68074 71.70771 84.08691 69.15792 51.86952 70.92217 59.79786 97.53558 61.38938 80.09455
74.22028 72.97411 97.84079 51.42812 58.82833 67.48821 68.15215 71.33733 90.45985 91.96422 80.10071 50.47539 60.08679 x 94.72431 64.23966 86.90339 60.29283 x 75.60171 82.53728 78.55991 x 65.32444 78.91499 80.453 97.04753 66.96398 57.44667 65.97422 70.63117 89.98075 65.32959 80.48569 63.00959 50.44156 71.94996 62.64883 x 82.24173 x 74.57457 86.77669 58.91068 63.95342 69.91827 95.15899 59.18538 51.81082 79.21036
53.27072 79.10817 90.69043 72.3241 82.9737 70.46174 x 89.75338 74.42913 91.78622 69.0766 84.29074 86.20984 57.90726 88.71842 64.78258 80.48228 57.983 80.91516 98.85704 58.00715 87.75443 58.49781 72.41464 76.71787 77.09019 61.97894 71.70397 76.62362 80.14775 98.65865 x 63.6306 73.18872 67.4598 93.51597 84.74768 91.3648 82.24173 x 98.09543 74.40059 95.53965 51.89877 89.0202 97.1205 77.94103 51.44317 63.19214 93.28459
54.78948 68.59118 80.93269 87.382 93.36034 55.57542 95.21508 53.33192 61.71901 75.76092 75.39012 89.24427 93.62439 82.17816 88.97264 76.57917 66.14599 67.85776 79.41406 54.62059 71.62497 96.01079 85.02675 65.06738 x 58.00687 85.70777 65.16902 81.13087 77.2732 81.77924 54.41945 60.93352 x 87.43424 86.30035 81.04046 81.68074 x 98.09543 x 70.28867 75.5279 91.04747 60.09014 60.94751 78.38247 66.00596 60.72825 55.58749
88.53306 62.20691 55.46777 80.79354 97.48121 90.74144 75.45747 76.97962 84.03481 92.10136 61.7706 90.90625 81.82841 96.87671 85.60858 60.93755 79.25156 89.99562 95.65771 60.1815 90.86864 89.30062 84.96163 89.54378 79.24027 x 53.69903 58.22628 98.10968 73.61187 65.68656 80.45602 85.71922 74.17903 63.4362 75.11677 x 71.70771 74.57457 74.40059 70.28867 x 55.94465 77.34998 83.86811 61.72419 86.64858 58.306 88.52158 94.80839
53.73922 87.06076 75.30205 73.37679 70.8029 67.86342 90.6073 50.7743 78.50978 64.84754 78.51559 89.73873 94.85017 50.1336 90.47651 52.88662 54.76428 68.94403 83.00155 96.26539 97.70396 65.15173 96.34298 74.14871 55.64747 52.04945 80.02244 73.61445 79.63642 54.58253 91.43017 95.13327 56.40561 72.04417 62.86788 83.30854 64.35409 84.08691 86.77669 95.53965 75.5279 55.94465 x 96.16935 52.07958 50.83781 x 98.22188 52.14031 50.95787
64.57683 95.02906 92.86205 54.52015 85.23339 77.45485 69.72845 82.97088 x 90.21317 52.29278 75.82122 90.87583 68.54644 74.53796 59.49804 75.59545 85.03361 67.02836 x 93.17848 89.44767 74.18158 69.70525 79.56371 76.24439 73.55009 95.51684 96.90426 x 61.56972 89.29263 70.38518 96.24231 72.39817 58.3675 82.46638 69.15792 58.91068 51.89877 91.04747 77.34998 96.16935 x 58.40864 65.41835 90.0649 x 60.68963 79.13364
90.0459 58.37949 51.63837 73.58117 61.0741 84.22665 61.4096 59.32322 72.01839 98.86063 66.06371 53.18312 83.66998 68.49111 84.27825 68.29373 56.22171 61.09337 50.24612 60.25533 97.47432 92.55977 69.66642 62.05463 82.95738 x x 66.04186 58.09592 50.43697 70.71716 55.06968 54.17138 78.56731 57.25116 90.67841 90.39947 51.86952 63.95342 89.0202 60.09014 83.86811 52.07958 58.40864 x 87.23085 82.04386 55.7373 57.57011 95.91899
67.51896 81.398 84.39359 85.78617 60.52122 x 75.61809 63.96673 50.77431 77.98938 96.20538 98.51002 74.06303 97.436 57.36607 78.91449 69.13864 67.3132 61.49925 96.26602 89.74971 50.19626 79.32778 76.71276 88.75932 x 69.7287 80.87771 52.59725 84.87912 91.26385 53.54745 52.31201 76.40679 78.99169 65.14001 54.71374 70.92217 69.91827 97.1205 60.94751 61.72419 50.83781 65.41835 87.23085 x 82.41542 88.97187 69.6702 76.15691
81.98763 53.41826 58.44394 61.15989 x 58.16065 56.77779 55.87711 66.69849 63.8453 71.35897 57.61001 62.16005 86.83541 81.473 52.61631 55.41227 63.09003 75.82827 88.24626 97.09532 79.5527 56.05826 77.72865 59.31354 73.74462 66.22106 96.66824 59.33634 67.66412 58.7585 90.42947 84.40297 64.30026 88.48529 61.23299 88.02762 59.79786 95.15899 77.94103 78.38247 86.64858 x 90.0649 82.04386 82.41542 x 52.82639 50.96887 83.0581
81.99918 55.00267 81.60686 x 51.16928 73.325 90.7365 96.92637 88.2039 55.30404 52.08135 70.37556 52.31482 59.63751 87.6178 89.04321 59.80273 74.67097 58.79921 89.839 63.97757 92.27969 65.46885 x 80.42474 72.89843 54.76572 51.12049 91.87148 74.43393 90.01092 88.57947 x x 86.72068 79.24495 69.25161 97.53558 59.18538 51.44317 66.00596 58.306 98.22188 x 55.7373 88.97187 52.82639 x 78.91356 61.44848
90.72001 83.21149 73.43851 92.77239 66.35114 59.80551 69.8597 79.46141 58.19813 88.45726 61.13676 56.54752 77.391 82.05733 76.78595 93.33174 63.53896 57.81542 89.20436 85.9332 72.91533 56.12113 62.46608 62.15541 76.77883 59.35356 50.58456 75.60175 59.33001 57.0208 92.53679 82.14602 x 56.34307 90.47549 59.71333 73.31661 61.38938 51.81082 63.19214 60.72825 88.52158 52.14031 60.68963 57.57011 69.6702 50.96887 78.91356 x 69.60579
57.15735 73.1899 51.91676 x 61.75499 60.87713 x 69.95058 62.33705 78.04855 51.54986 87.86815 73.12797 x 62.53588 74.33875 97.43209 57.37846 57.60604 64.35521 60.17915 53.08226 76.5647 60.6324 67.35402 82.21262 94.47769 88.33494 79.44471 58.64266 55.63669 64.20658 82.8069 58.41306 84.84867 80.81018 52.08171 80.09455 79.21036 93.28459 55.58749 94.80839 50.95787 79.13364 95.91899 76.15691 83.0581 61.44848 69.60579 x