50
25
0 1 2 3 4 5 6 7 8 9 10 11 12 13 14 15 16 17 18 19 20 21 22 23 24 25 26 27 28 29 30 31 32 33 34 35 36 37 38 39 40 41 42 43 44 45 46 47 48 49
47 8 30 44 2 27 28 29 21 11 48 26 41 22 6 36 34 37 1 33 4 46 18 38 10
0
x 90.43883 74.22452 66.36453 82.08154 72.39923 94.97524 86.65285 79.76806 91.56664 93.52527 62.96904 95.39739 66.34621 70.52265 84.46492 86.07951 53.886 94.2224 79.77784 94.63174 54.30745 75.98571 69.87288 52.06368 94.92827 52.85257 96.31321 70.75919 68.84202 52.87049 52.51995 53.30754 76.39032 66.23977 98.61503 60.82109 83.49134 71.48757 93.65667 76.74681 59.13122 92.91637 x 68.92305 73.20279 73.0094 57.43709 64.80648 92.07372
90.43883 x 67.04939 70.09821 61.76667 59.16482 76.73741 52.97309 83.94608 55.42641 x 85.72846 x 72.20246 92.74673 76.8195 58.97722 89.12273 x 74.92572 69.39428 90.11875 55.04823 82.40622 97.15665 60.42398 77.10016 85.98392 65.95119 69.69394 73.98931 65.94625 59.42818 88.66685 77.97528 85.51053 88.44398 x 50.60292 63.32973 79.13078 x 95.71316 76.29856 54.94077 61.47632 88.54512 67.32192 97.8496 80.54067
74.22452 67.04939 x 73.83797 96.73628 86.0085 93.25637 87.78538 87.34313 x 52.382 x 58.38405 90.28942 78.27359 50.31512 57.29153 73.96273 82.1092 94.52774 88.93386 69.43766 64.01934 66.51778 52.56974 59.62793 82.33697 95.48331 66.46681 51.90731 93.07074 82.69953 64.13303 92.17081 x 82.95171 64.3649 72.01244 72.88938 92.0773 60.89729 52.63301 69.9391 67.36031 75.6174 56.72145 81.27074 66.85953 72.25336 78.19825
66.36453 70.09821 73.83797 x 65.13164 89.54656 69.56293 73.02531 88.27633 55.81395 86.40551 50.94018 80.87569 90.01878 96.71408 x 66.03367 x 96.43431 68.18454 91.13356 82.00072 85.09236 95.98746 96.68124 58.19515 74.71554 x 82.01378 77.9831 77.0773 53.76391 66.34031 79.01731 90.34951 91.22479 77.96467 62.01127 72.35595 62.50528 81.90552 60.78479 73.08652 76.82838 77.20285 62.64182 78.4722 x 51.3126 64.47856
82.08154 61.76667 96.73628 65.13164 x 60.29505 52.46696 79.8432 88.93813 77.85182 53.91736 62.07179 63.94083 81.41581 80.4197 50.07115 81.28002 76.68899 85.36012 55.81924 59.63407 71.09286 72.70369 54.92102 81.31407 64.1676 52.66126 91.34351 88.94759 80.78148 73.10245 61.93683 75.97386 63.64049 85.08845 51.38335 81.1479 80.65149 84.32261 54.0637 x 90.31593 61.7402 67.29059 85.1432 56.33034 79.81778 62.63258 88.09215 70.33934
72.39923 59.16482 86.0085 89.54656 60.29505 x 53.05797 81.98459 77.57919 89.07637 82.92475 96.8758 x 60.39665 66.30795 91.89993 54.99734 81.74375 54.82935 89.10682 x 98.23634 63.86081 96.79329 79.59052 60.76304 66.55936 91.8385 93.35348 75.26332 55.84601 65.72344 77.18479 52.49927 57.61521 50.2062 98.30372 51.16132 83.83532 58.83101 77.08563 58.42138 90.96602 69.64051 64.32329 50.1897 98.86997 x 79.97174 57.48633
94.97524 76.73741 93.25637 69.56293 52.46696 53.05797 x 66.2709 x 59.1688 71.62538 66.62304 71.25648 71.25559 70.16117 73.82719 61.77356 86.20071 67.49994 72.41315 52.8034 78.22015 53.64155 94.438 x 90.56025 62.27064 98.8355 72.43636 71.32346 65.12713 95.87494 77.7871 65.49798 77.97689 53.47504 94.3646 63.85288 74.34866 54.51075 58.50047 66.31894 69.62202 53.16541 x 66.57875 62.22476 86.27074 61.36229 82.25901
86.65285 52.97309 87.78538 73.02531 79.8432 81.98459 66.2709 x 68.97617 58.96031 x 58.83726 70.55387 98.14163 90.19051 83.53516 63.09361 80.98775 95.43537 51.12518 58.19144 x 91.14868 83.85473 x 96.78215 52.88553 96.84008 88.46345 90.80202 97.47596 71.27722 95.08035 64.6141 77.39077 72.61847 74.86733 60.50278 82.57761 93.07884 70.08385 68.02939 51.99227 56.78075 85.04689 93.17775 50.21609 92.15775 73.31381 69.97141
79.76806 83.94608 87.34313 88.27633 88.93813 77.57919 x 68.97617 x 71.40332 94.35748 88.35578 54.82173 50.78154 82.68162 61.58925 51.73207 51.89088 87.71631 75.65845 73.94565 70.3112 63.27073 60.37139 62.92565 60.13741 80.59997 81.70564 71.20766 80.90058 69.29981 61.57986 87.10783 91.04586 89.50718 80.47992 63.62535 77.75476 92.12598 68.62533 69.06878 53.41409 84.8372 56.44404 69.11781 62.02407 83.24362 x 57.11265 78.21584
91.56664 55.42641 x 55.81395 77.85182 89.07637 59.1688 58.96031 71.40332 x 71.1441 70.38624 60.60223 57.32951 59.50438 50.92005 53.71258 60.10228 74.83634 56.04664 60.80263 67.61901 81.68826 80.2592 56.28506 68.30796 71.06149 66.56666 98.30586 x 55.69289 89.73283 88.18463 58.25998 54.61764 92.61663 70.34541 52.95952 x 95.23889 64.81107 95.98783 98.64979 65.05912 86.36061 79.95694 91.22662 69.31801 80.8346 93.54316
93.52527 x 52.382 86.40551 53.91736 82.92475 71.62538 x 94.35748 71.1441 x 62.70243 76.33316 71.64382 50.1277 97.30263 98.33241 91.45917 91.08864 88.48971 93.39152 68.01134 94.08043 75.41873 61.48775 68.1707 63.06696 91.20156 83.03205 84.61315 60.68866 95.57984 83.23306 85.27894 75.9495 66.39436 83.85797 59.98532 88.40581 92.51443 85.68212 85.65265 94.10157 x 54.99288 53.40045 77.93264 62.23756 94.11537 67.79758
62.96904 85.72846 x 50.94018 62.07179 96.8758 66.62304 58.83726 88.35578 70.38624 62.70243 x 57.45894 52.1478 53.94928 93.74637 91.68698 94.09378 68.68835 90.28227 92.46808 81.05929 67.04283 65.32439 63.60306 56.68311 81.01395 83.74127 81.80561 71.11682 63.036 94.09392 91.51556 96.61752 54.46256 69.40594 77.77506 60.37247 56.00525 98.209 93.09571 91.69785 79.82425 73.80208 74.39397 79.18989 54.8001 78.75286 84.84998 76.31375
95.39739 x 58.38405 80.87569 63.94083 x 71.25648 70.55387 54.82173 60.60223 76.33316 57.45894 x 62.04344 90.96002 55.57215 58.26394 77.6686 93.02756 51.9247 x 71.00929 94.66976 76.74346 88.7937 76.44873 81.81441 62.62783 92.95601 84.00562 79.56524 68.28125 60.94543 57.02308 93.06477 90.37439 82.83831 60.37983 50.24022 52.87692 59.55584 90.34457 73.6646 94.94046 79.31863 x 90.33033 81.25608 94.23981 71.09623
66.34621 72.20246 90.28942 90.01878 81.41581 60.39665 71.25559 98.14163 50.78154 57.32951 71.64382 52.1478 62.04344 x 63.61064 91.77553 92.13995 61.75989 88.91816 90.86882 55.90515 62.58957 93.23823 71.316 57.80263 86.7991 52.79761 74.51769 65.30668 72.93841 74.93041 97.65422 72.85239 91.13531 91.60766 50.68282 58.93979 64.35541 71.3352 62.15851 80.03041 51.17471 81.90439 x 82.3523 93.23408 87.18805 56.81483 55.60809 90.70293
70.52265 92.74673 78.27359 96.71408 80.4197 66.30795 70.16117 90.19051 82.68162 59.50438 50.1277 53.94928 90.96002 63.61064 x 98.64553 70.8098 91.04496 85.87626 62.21671 52.20142 60.54174 x 73.78118 75.93948 56.58262 79.16581 55.06072 94.76759 87.96105 x 72.47149 52.98419 89.05593 71.59862 70.0201 50.08068 76.16839 62.4139 73.91754 56.48678 62.64304 56.00764 79.39446 75.40157 x 93.05041 x 59.93114 50.67379
84.46492 76.8195 50.31512 x 50.07115 91.89993 73.82719 83.53516 61.58925 50.92005 97.30263 93.74637 55.57215 91.77553 98.64553 x 62.06345 69.1403 67.22958 60.46274 61.96605 76.88683 66.50433 96.37109 68.52413 63.30865 60.51442 63.11829 61.89119 63.30241 53.4889 78.24661 x 64.34257 92.21861 64.29779 66.27974 54.62155 84.83477 89.08205 54.25121 63.11798 54.62952 96.81263 54.62846 61.43102 71.66869 x 76.11222 88.31104
86.07951 58.97722 57.29153 66.03367 81.28002 54.99734 61.77356 63.09361 51.73207 53.71258 98.33241 91.68698 58.26394 92.13995 70.8098 62.06345 x 58.34767 52.39664 50.43986 x 91.57178 85.49001 65.49994 51.95014 95.74797 55.60049 61.26469 67.70337 x 81.22711 92.50499 70.7827 88.31278 87.10867 x 57.8585 97.61519 61.9968 94.98351 59.02661 98.01092 70.64323 64.14312 84.09047 58.5564 79.02766 73.55045 65.49658 69.30128
53.886 89.12273 73.96273 x 76.68899 81.74375 86.20071 80.98775 51.89088 60.10228 91.45917 94.09378 77.6686 61.75989 91.04496 69.1403 58.34767 x 59.73105 61.97763 83.93943 90.30912 87.47453 68.33273 77.13712 57.01608 79.47636 74.56629 85.51795 67.3883 84.63073 97.14514 78.95781 77.12929 64.20142 79.36828 93.01195 98.98661 62.42561 61.03397 90.97392 70.82074 83.21698 57.66376 54.60333 72.89604 89.82881 85.80224 73.70327 73.81402
94.2224 x 82.1092 96.43431 85.36012 54.82935 67.49994 95.43537 87.71631 74.83634 91.08864 68.68835 93.02756 88.91816 85.87626 67.22958 52.39664 59.73105 x 72.54023 65.85879 72.49212 81.42712 65.8979 77.10942 72.19609 72.14021 89.77708 71.74546 69.56996 62.45181 89.53296 91.41036 87.60802 52.1923 96.60949 57.81788 69.71347 67.2333 92.25165 73.22859 84.74788 66.85248 87.54916 98.93176 60.46715 88.75327 63.12656 74.14457 55.12067
79.77784 74.92572 94.52774 68.18454 55.81924 89.10682 72.41315 51.12518 75.65845 56.04664 88.48971 90.28227 51.9247 90.86882 62.21671 60.46274 50.43986 61.97763 72.54023 x 59.14209 60.29936 54.13294 77.54512 83.42634 84.44842 87.19317 94.86618 54.72573 76.16339 85.77189 75.4425 93.96582 86.06122 90.43946 74.32452 57.45361 79.48108 60.21847 60.29005 98.6804 92.5954 83.82778 97.51313 53.6243 x 64.80577 70.61929 92.7606 51.42173
94.63174 69.39428 88.93386 91.13356 59.63407 x 52.8034 58.19144 73.94565 60.80263 93.39152 92.46808 x 55.90515 52.20142 61.96605 x 83.93943 65.85879 59.14209 x 59.15997 55.54288 79.07593 89.81315 92.29386 79.1641 66.06874 90.78527 66.79343 85.42955 82.74406 53.92646 86.91295 69.84256 69.59768 93.43736 59.515 67.54161 93.02787 66.46505 50.10305 62.16131 84.6738 69.66253 88.36394 78.87708 87.01084 90.30218 67.50728
54.30745 90.11875 69.43766 82.00072 71.09286 98.23634 78.22015 x 70.3112 67.61901 68.01134 81.05929 71.00929 62.58957 60.54174 76.88683 91.57178 90.30912 72.49212 60.29936 59.15997 x 56.68202 93.16648 77.41673 57.46234 62.97841 62.34383 53.56785 98.73787 61.42934 69.5787 78.89398 72.92522 53.96415 91.22312 80.71717 76.86293 85.7057 90.69708 64.35444 55.79201 63.92158 86.4392 93.29356 50.2149 93.60945 61.8332 85.45446 79.0763
75.98571 55.04823 64.01934 85.09236 72.70369 63.86081 53.64155 91.14868 63.27073 81.68826 94.08043 67.04283 94.66976 93.23823 x 66.50433 85.49001 87.47453 81.42712 54.13294 55.54288 56.68202 x 66.88057 63.49256 84.63816 59.3481 60.79099 60.8408 x 55.19204 86.81387 82.95954 75.91488 94.13752 87.25779 97.29786 53.13431 62.76988 53.60234 82.40087 98.6916 52.52667 95.13233 81.96216 98.56111 78.83679 62.46704 x 62.34856
69.87288 82.40622 66.51778 95.98746 54.92102 96.79329 94.438 83.85473 60.37139 80.2592 75.41873 65.32439 76.74346 71.316 73.78118 96.37109 65.49994 68.33273 65.8979 77.54512 79.07593 93.16648 66.88057 x 96.72119 94.58851 76.93313 64.02036 70.9877 74.38047 51.66444 94.54126 60.34023 67.91229 71.41816 92.57184 53.82336 96.93332 89.17591 86.0622 51.89941 54.81526 55.4388 56.79639 x 59.60474 85.57617 96.39237 93.66525 x
52.06368 97.15665 52.56974 96.68124 81.31407 79.59052 x x 62.92565 56.28506 61.48775 63.60306 88.7937 57.80263 75.93948 68.52413 51.95014 77.13712 77.10942 83.42634 89.81315 77.41673 63.49256 96.72119 x 61.57844 80.07593 73.29395 90.42681 88.92453 89.42455 86.51722 58.29555 89.72826 56.44978 69.6709 82.78745 87.40611 94.26138 75.26189 66.71315 90.16047 55.62932 87.32716 65.5459 50.03766 89.28193 98.6731 61.67767 77.54931
94.92827 60.42398 59.62793 58.19515 64.1676 60.76304 90.56025 96.78215 60.13741 68.30796 68.1707 56.68311 76.44873 86.7991 56.58262 63.30865 95.74797 57.01608 72.19609 84.44842 92.29386 57.46234 84.63816 94.58851 61.57844 x 61.05979 56.30585 96.15859 85.40512 62.87269 75.98536 73.57803 77.16022 55.89051 72.70101 55.76371 61.45257 56.70283 50.70322 x 58.54295 62.62529 77.47094 84.79404 77.68585 82.76619 85.63548 50.33725 66.05823
52.85257 77.10016 82.33697 74.71554 52.66126 66.55936 62.27064 52.88553 80.59997 71.06149 63.06696 81.01395 81.81441 52.79761 79.16581 60.51442 55.60049 79.47636 72.14021 87.19317 79.1641 62.97841 59.3481 76.93313 80.07593 61.05979 x 93.32556 54.52161 67.79182 87.19665 76.50308 54.29059 88.33756 74.77587 52.89799 78.93889 68.49438 69.30588 56.05796 52.57358 75.7166 56.53897 85.94355 69.3029 53.81554 93.55743 76.27001 65.86696 58.76122
96.31321 85.98392 95.48331 x 91.34351 91.8385 98.8355 96.84008 81.70564 66.56666 91.20156 83.74127 62.62783 74.51769 55.06072 63.11829 61.26469 74.56629 89.77708 94.86618 66.06874 62.34383 60.79099 64.02036 73.29395 56.30585 93.32556 x 95.18727 95.54626 89.60215 83.10173 53.12523 81.37858 96.18782 55.61862 55.15161 50.4883 84.88746 98.64494 80.21992 55.26727 96.28863 64.80598 54.16594 58.98544 62.39489 87.87152 51.54941 55.94137
70.75919 65.95119 66.46681 82.01378 88.94759 93.35348 72.43636 88.46345 71.20766 98.30586 83.03205 81.80561 92.95601 65.30668 94.76759 61.89119 67.70337 85.51795 71.74546 54.72573 90.78527 53.56785 60.8408 70.9877 90.42681 96.15859 54.52161 95.18727 x 89.27847 65.31637 60.91464 96.18783 97.4826 52.20961 97.57117 55.08714 51.72365 97.16687 88.72846 65.83371 97.0238 75.59879 79.55856 95.95694 86.1654 78.53823 69.52223 69.53142 84.58968
68.84202 69.69394 51.90731 77.9831 80.78148 75.26332 71.32346 90.80202 80.90058 x 84.61315 71.11682 84.00562 72.93841 87.96105 63.30241 x 67.3883 69.56996 76.16339 66.79343 98.73787 x 74.38047 88.92453 85.40512 67.79182 95.54626 89.27847 x 67.92889 x 77.32146 57.92006 x 56.72057 76.44655 67.94891 83.40304 65.34675 96.47142 85.11717 87.85292 66.55055 90.21453 66.49688 80.12411 92.52598 79.29166 93.53585
52.87049 73.98931 93.07074 77.0773 73.10245 55.84601 65.12713 97.47596 69.29981 55.69289 60.68866 63.036 79.56524 74.93041 x 53.4889 81.22711 84.63073 62.45181 85.77189 85.42955 61.42934 55.19204 51.66444 89.42455 62.87269 87.19665 89.60215 65.31637 67.92889 x 88.58402 74.87451 82.05974 60.37924 86.03792 50.42574 74.59041 61.56963 82.73466 50.15598 64.85391 73.02669 56.01234 54.18971 95.05692 98.93217 79.35392 55.55963 91.85696
52.51995 65.94625 82.69953 53.76391 61.93683 65.72344 95.87494 71.27722 61.57986 89.73283 95.57984 94.09392 68.28125 97.65422 72.47149 78.24661 92.50499 97.14514 89.53296 75.4425 82.74406 69.5787 86.81387 94.54126 86.51722 75.98536 76.50308 83.10173 60.91464 x 88.58402 x 75.52032 62.39456 94.31534 81.57414 60.61753 97.45721 71.62645 65.86113 x 92.30031 68.06315 64.12287 55.51756 83.30124 98.79351 88.73467 80.23629 93.57258
53.30754 59.42818 64.13303 66.34031 75.97386 77.18479 77.7871 95.08035 87.10783 88.18463 83.23306 91.51556 60.94543 72.85239 52.98419 x 70.7827 78.95781 91.41036 93.96582 53.92646 78.89398 82.95954 60.34023 58.29555 73.57803 54.29059 53.12523 96.18783 77.32146 74.87451 75.52032 x x 54.73104 72.14106 50.31534 89.59946 72.69459 51.92357 96.64713 73.13168 72.55987 61.74588 82.03595 51.33187 92.14231 68.5005 70.44016 70.65438
76.39032 88.66685 92.17081 79.01731 63.64049 52.49927 65.49798 64.6141 91.04586 58.25998 85.27894 96.61752 57.02308 91.13531 89.05593 64.34257 88.31278 77.12929 87.60802 86.06122 86.91295 72.92522 75.91488 67.91229 89.72826 77.16022 88.33756 81.37858 97.4826 57.92006 82.05974 62.39456 x x 61.45621 65.92718 51.11807 61.74715 82.27649 50.70436 64.19279 93.62357 77.42302 53.7868 x x 63.90545 75.74907 x 58.58221
66.23977 77.97528 x 90.34951 85.08845 57.61521 77.97689 77.39077 89.50718 54.61764 75.9495 54.46256 93.06477 91.60766 71.59862 92.21861 87.10867 64.20142 52.1923 90.43946 69.84256 53.96415 94.13752 71.41816 56.44978 55.89051 74.77587 96.18782 52.20961 x 60.37924 94.31534 54.73104 61.45621 x 81.78505 74.90202 93.73743 97.35468 78.74965 62.77149 81.31128 65.77929 67.80057 56.27646 x 59.62225 x 74.89193 53.82904
98.61503 85.51053 82.95171 91.22479 51.38335 50.2062 53.47504 72.61847 80.47992 92.61663 66.39436 69.40594 90.37439 50.68282 70.0201 64.29779 x 79.36828 96.60949 74.32452 69.59768 91.22312 87.25779 92.57184 69.6709 72.70101 52.89799 55.61862 97.57117 56.72057 86.03792 81.57414 72.14106 65.92718 81.78505 x 85.58881 87.23225 60.16781 73.49902 53.50788 74.3447 91.74084 71.47289 68.57629 73.43866 61.3979 94.21596 81.5743 85.18552
60.82109 88.44398 64.3649 77.96467 81.1479 98.30372 94.3646 74.86733 63.62535 70.34541 83.85797 77.77506 82.83831 58.93979 50.08068 66.27974 57.8585 93.01195 57.81788 57.45361 93.43736 80.71717 97.29786 53.82336 82.78745 55.76371 78.93889 55.15161 55.08714 76.44655 50.42574 60.61753 50.31534 51.11807 74.90202 85.58881 x 80.58436 73.12597 55.57832 83.79558 68.0269 85.28966 72.53222 59.46228 58.97744 72.34976 92.67788 69.89771 50.87093
83.49134 x 72.01244 62.01127 80.65149 51.16132 63.85288 60.50278 77.75476 52.95952 59.98532 60.37247 60.37983 64.35541 76.16839 54.62155 97.61519 98.98661 69.71347 79.48108 59.515 76.86293 53.13431 96.93332 87.40611 61.45257 68.49438 50.4883 51.72365 67.94891 74.59041 97.45721 89.59946 61.74715 93.73743 87.23225 80.58436 x 66.44461 98.10816 58.91091 73.46455 73.1474 60.11785 55.4958 79.65974 69.24912 89.28918 70.3626 76.99723
71.48757 50.60292 72.88938 72.35595 84.32261 83.83532 74.34866 82.57761 92.12598 x 88.40581 56.00525 50.24022 71.3352 62.4139 84.83477 61.9968 62.42561 67.2333 60.21847 67.54161 85.7057 62.76988 89.17591 94.26138 56.70283 69.30588 84.88746 97.16687 83.40304 61.56963 71.62645 72.69459 82.27649 97.35468 60.16781 73.12597 66.44461 x 94.24852 65.71272 55.18312 68.1975 79.30285 79.19169 82.0906 62.86119 89.56203 86.84828 92.08739
93.65667 63.32973 92.0773 62.50528 54.0637 58.83101 54.51075 93.07884 68.62533 95.23889 92.51443 98.209 52.87692 62.15851 73.91754 89.08205 94.98351 61.03397 92.25165 60.29005 93.02787 90.69708 53.60234 86.0622 75.26189 50.70322 56.05796 98.64494 88.72846 65.34675 82.73466 65.86113 51.92357 50.70436 78.74965 73.49902 55.57832 98.10816 94.24852 x 69.54316 50.80849 83.92001 93.84125 64.53311 64.86635 67.76779 72.78839 65.58964 96.17313
76.74681 79.13078 60.89729 81.90552 x 77.08563 58.50047 70.08385 69.06878 64.81107 85.68212 93.09571 59.55584 80.03041 56.48678 54.25121 59.02661 90.97392 73.22859 98.6804 66.46505 64.35444 82.40087 51.89941 66.71315 x 52.57358 80.21992 65.83371 96.47142 50.15598 x 96.64713 64.19279 62.77149 53.50788 83.79558 58.91091 65.71272 69.54316 x 70.47099 86.39355 90.37059 90.79353 51.5828 86.01368 63.96201 67.21653 77.829
59.13122 x 52.63301 60.78479 90.31593 58.42138 66.31894 68.02939 53.41409 95.98783 85.65265 91.69785 90.34457 51.17471 62.64304 63.11798 98.01092 70.82074 84.74788 92.5954 50.10305 55.79201 98.6916 54.81526 90.16047 58.54295 75.7166 55.26727 97.0238 85.11717 64.85391 92.30031 73.13168 93.62357 81.31128 74.3447 68.0269 73.46455 55.18312 50.80849 70.47099 x 92.29485 50.26501 70.57686 81.59738 61.29044 79.31395 66.96275 55.40587
92.91637 95.71316 69.9391 73.08652 61.7402 90.96602 69.62202 51.99227 84.8372 98.64979 94.10157 79.82425 73.6646 81.90439 56.00764 54.62952 70.64323 83.21698 66.85248 83.82778 62.16131 63.92158 52.52667 55.4388 55.62932 62.62529 56.53897 96.28863 75.59879 87.85292 73.02669 68.06315 72.55987 77.42302 65.77929 91.74084 85.28966 73.1474 68.1975 83.92001 86.39355 92.29485 x 87.80849 62.19672 74.52547 94.83359 67.87721 90.46754 x
x 76.29856 67.36031 76.82838 67.29059 69.64051 53.16541 56.78075 56.44404 65.05912 x 73.80208 94.94046 x 79.39446 96.81263 64.14312 57.66376 87.54916 97.51313 84.6738 86.4392 95.13233 56.79639 87.32716 77.47094 85.94355 64.80598 79.55856 66.55055 56.01234 64.12287 61.74588 53.7868 67.80057 71.47289 72.53222 60.11785 79.30285 93.84125 90.37059 50.26501 87.80849 x 65.79998 93.78005 61.89127 x 51.27292 55.86403
68.92305 54.94077 75.6174 77.20285 85.1432 64.32329 x 85.04689 69.11781 86.36061 54.99288 74.39397 79.31863 82.3523 75.40157 54.62846 84.09047 54.60333 98.93176 53.6243 69.66253 93.29356 81.96216 x 65.5459 84.79404 69.3029 54.16594 95.95694 90.21453 54.18971 55.51756 82.03595 x 56.27646 68.57629 59.46228 55.4958 79.19169 64.53311 90.79353 70.57686 62.19672 65.79998 x 92.48985 x 73.26726 86.26675 85.01753
73.20279 61.47632 56.72145 62.64182 56.33034 50.1897 66.57875 93.17775 62.02407 79.95694 53.40045 79.18989 x 93.23408 x 61.43102 58.5564 72.89604 60.46715 x 88.36394 50.2149 98.56111 59.60474 50.03766 77.68585 53.81554 58.98544 86.1654 66.49688 95.05692 83.30124 51.33187 x x 73.43866 58.97744 79.65974 82.0906 64.86635 51.5828 81.59738 74.52547 93.78005 92.48985 x 86.31453 64.71279 60.23298 61.74466
73.0094 88.54512 81.27074 78.4722 79.81778 98.86997 62.22476 50.21609 83.24362 91.22662 77.93264 54.8001 90.33033 87.18805 93.05041 71.66869 79.02766 89.82881 88.75327 64.80577 78.87708 93.60945 78.83679 85.57617 89.28193 82.76619 93.55743 62.39489 78.53823 80.12411 98.93217 98.79351 92.14231 63.90545 59.62225 61.3979 72.34976 69.24912 62.86119 67.76779 86.01368 61.29044 94.83359 61.89127 x 86.31453 x 85.53142 67.67425 91.24897
57.43709 67.32192 66.85953 x 62.63258 x 86.27074 92.15775 x 69.31801 62.23756 78.75286 81.25608 56.81483 x x 73.55045 85.80224 63.12656 70.61929 87.01084 61.8332 62.46704 96.39237 98.6731 85.63548 76.27001 87.87152 69.52223 92.52598 79.35392 88.73467 68.5005 75.74907 x 94.21596 92.67788 89.28918 89.56203 72.78839 63.96201 79.31395 67.87721 x 73.26726 64.71279 85.53142 x 75.28401 90.40285
64.80648 97.8496 72.25336 51.3126 88.09215 79.97174 61.36229 73.31381 57.11265 80.8346 94.11537 84.84998 94.23981 55.60809 59.93114 76.11222 65.49658 73.70327 74.14457 92.7606 90.30218 85.45446 x 93.66525 61.67767 50.33725 65.86696 51.54941 69.53142 79.29166 55.55963 80.23629 70.44016 x 74.89193 81.5743 69.89771 70.3626 86.84828 65.58964 67.21653 66.96275 90.46754 51.27292 86.26675 60.23298 67.67425 75.28401 x 83.81706
92.07372 80.54067 78.19825 64.47856 70.33934 57.48633 82.25901 69.97141 78.21584 93.54316 67.79758 76.31375 71.09623 90.70293 50.67379 88.31104 69.30128 73.81402 55.12067 51.42173 67.50728 79.0763 62.34856 x 77.54931 66.05823 58.76122 55.94137 84.58968 93.53585 91.85696 93.57258 70.65438 58.58221 53.82904 85.18552 50.87093 76.99723 92.08739 96.17313 77.829 55.40587 x 55.86403 85.01753 61.74466 91.24897 90.40285 83.81706 x