50
25
0 1 2 3 4 5 6 7 8 9 10 11 12 13 14 15 16 17 18 19 20 21 22 23 24 25 26 27 28 29 30 31 32 33 34 35 36 37 38 39 40 41 42 43 44 45 46 47 48 49
2 43 12 41 25 47 38 14 30 1 20 17 15 39 28 7 26 4 11 18 49 9 32 3 45
0
x 55.74901 64.03515 77.10751 88.11326 98.24871 63.47915 80.81903 80.36395 86.24059 x 96.82998 62.47564 89.49163 84.47586 77.76609 87.82074 78.20145 95.86279 75.01438 71.66707 86.39774 53.84652 92.01846 55.69555 59.25644 69.14962 65.45618 76.1018 83.06121 69.72493 68.62734 86.13443 86.7914 63.65186 92.45318 61.19503 93.3495 79.71924 58.87808 94.39221 89.94136 70.51524 56.09954 83.08822 76.06713 62.26206 66.25115 96.27067 59.37154
55.74901 x 60.23506 58.80581 82.40176 54.68752 92.26478 63.73207 91.11934 84.6822 82.50314 58.87072 x 50.86493 92.14304 x 87.55948 69.61917 79.39885 x 51.35659 60.11357 68.14747 74.10867 98.42944 80.01558 90.43902 69.6283 55.60175 61.72243 57.50995 62.50012 77.11384 66.25345 92.47013 82.34507 85.69013 80.55793 x 89.62235 74.18225 90.4535 77.25603 x 76.33468 53.04456 52.65865 94.06972 91.86771 60.75658
64.03515 60.23506 x 93.04122 86.32179 64.96363 x 67.39687 58.8742 74.3681 63.82011 75.07874 87.79784 92.15048 55.46871 70.86266 82.51927 58.76592 54.82782 x 61.61627 52.71208 85.2281 56.16135 54.37368 60.84237 63.35632 x 94.19378 70.53168 x 84.8791 59.88572 96.77631 90.0486 54.9082 69.09514 68.27198 82.76559 95.54648 52.88206 x 94.82297 81.59805 67.88527 88.56213 80.71407 53.75705 54.95482 76.90891
77.10751 58.80581 93.04122 x 88.87727 71.07688 85.53286 96.7125 x 54.30048 79.66879 89.89354 83.91123 87.18964 60.21109 94.23729 91.7523 63.84718 72.96116 94.88471 63.56635 78.75881 59.60222 83.54811 69.078 x 63.72651 68.72875 55.83433 75.33626 81.27848 97.03012 69.36934 95.65934 61.71856 98.95359 59.24115 93.66349 x 86.67271 60.12174 56.54333 83.35355 x 58.32167 93.74567 71.16633 83.28372 77.17314 77.42828
88.11326 82.40176 86.32179 88.87727 x 70.25453 50.17995 83.49415 95.57631 80.8685 57.9178 95.99918 82.40538 85.33254 78.42321 90.91317 85.52267 74.09126 50.96912 73.68091 x 90.67609 78.8828 55.3181 63.47576 92.67503 77.46921 72.65661 55.58403 95.30522 50.77863 x 56.07609 66.75149 60.70607 57.23268 68.85038 x 50.54309 72.50371 80.79235 66.15507 90.03084 66.02299 64.5833 95.86732 58.72015 85.66151 94.89075 97.78629
98.24871 54.68752 64.96363 71.07688 70.25453 x 84.06791 81.32903 92.19808 80.37578 x 74.55837 72.48191 57.93575 73.19583 52.93098 76.55967 83.72067 73.00745 61.279 x 76.34831 92.28398 87.57212 62.93617 56.33818 87.01818 55.13239 82.91545 51.2541 52.57337 66.49694 75.82831 84.07681 93.95675 87.07572 x 76.77471 52.46371 77.29132 72.44883 81.89033 91.50475 93.39419 69.51914 79.70377 51.62915 x 72.79439 87.59743
63.47915 92.26478 x 85.53286 50.17995 84.06791 x 50.16923 x 86.94338 56.74121 85.62007 82.01077 56.69746 95.60045 96.00406 54.2014 94.04573 81.23823 75.9762 68.09001 89.28491 74.16795 77.01259 54.45597 50.9414 70.78499 94.85836 95.57608 81.78437 53.70225 66.5618 51.2874 82.98245 96.60022 83.03646 94.00569 64.14891 55.45176 65.68812 64.52517 85.75652 95.83238 67.91984 55.69626 90.54964 89.66335 75.26213 53.26388 75.01561
80.81903 63.73207 67.39687 96.7125 83.49415 81.32903 50.16923 x 92.9222 79.65057 81.49147 81.59797 76.26915 72.64278 73.33582 81.70188 74.97338 62.07933 65.23875 66.26162 58.21138 98.37391 56.43983 81.49496 88.78672 71.22403 94.60181 60.45269 79.25534 57.45639 72.06963 85.20477 52.28294 57.63329 60.26724 52.70021 79.32778 70.70382 85.01234 85.4209 52.88945 68.25817 76.65574 74.10992 96.70763 79.52519 98.831 76.91552 85.35871 70.95947
80.36395 91.11934 58.8742 x 95.57631 92.19808 x 92.9222 x 51.65543 92.21788 97.08046 57.81077 78.44524 58.78158 54.54197 74.09298 86.09284 54.23298 52.67025 55.25687 56.83322 66.05226 61.37406 50.99561 57.96468 54.85517 84.32962 97.81906 69.77235 79.90985 53.09368 73.94454 83.33282 86.83365 77.74536 64.4091 83.59951 72.0223 93.01662 61.23723 60.88283 70.95703 66.13748 96.34993 98.59744 x 97.16375 88.87226 93.49174
86.24059 84.6822 74.3681 54.30048 80.8685 80.37578 86.94338 79.65057 51.65543 x 82.07112 90.12338 94.84829 91.77721 60.70056 53.3542 96.67016 57.37423 62.44012 57.81116 97.55348 58.23755 60.18534 53.59949 53.58674 94.74348 79.4379 90.07514 73.6473 80.34486 96.72423 95.99582 62.12587 66.60708 76.02822 88.24349 76.74178 82.10307 67.75126 82.08411 87.37599 73.18956 57.62176 84.10906 x 76.06586 93.73723 66.63452 95.2503 61.33289
x 82.50314 63.82011 79.66879 57.9178 x 56.74121 81.49147 92.21788 82.07112 x 58.69872 70.14603 68.90163 67.22646 52.20664 67.43729 66.00936 67.65835 97.19382 51.58482 61.15654 81.29816 71.32086 62.00512 82.55311 81.99539 61.28901 76.16217 x x x 51.25652 88.10436 97.1268 86.85801 67.8666 59.40999 91.86875 96.00085 61.49262 x 78.0028 56.63977 65.1426 60.64457 50.40977 98.8268 79.21462 88.37366
96.82998 58.87072 75.07874 89.89354 95.99918 74.55837 85.62007 81.59797 97.08046 90.12338 58.69872 x 76.28916 92.21443 61.30208 92.80805 65.71092 57.08219 51.12355 69.57831 81.92407 88.41735 52.62544 95.33981 63.30492 85.85738 59.88715 89.23896 94.65206 78.67068 51.07456 87.49861 95.28881 58.80512 69.77241 x 67.82621 98.8274 54.95013 71.82299 58.39775 80.47203 77.2543 52.03422 53.843 96.41243 58.70822 64.37452 58.09065 89.93055
62.47564 x 87.79784 83.91123 82.40538 72.48191 82.01077 76.26915 57.81077 94.84829 70.14603 76.28916 x 88.00795 98.39728 x 67.81714 70.71128 52.35639 62.76621 76.72639 89.70669 77.42544 81.59876 68.96499 59.5738 94.33564 97.58914 87.35506 78.82736 59.71686 69.39207 83.48904 58.95301 94.4093 x 67.18564 74.3593 83.75919 54.07314 95.7812 59.66601 88.12591 71.70809 81.94228 80.16462 52.48964 60.40536 88.18996 70.03881
89.49163 50.86493 92.15048 87.18964 85.33254 57.93575 56.69746 72.64278 78.44524 91.77721 68.90163 92.21443 88.00795 x 76.1591 59.76462 68.12899 x 84.51762 97.04561 92.62754 93.64922 51.80149 74.78067 79.55353 89.44538 96.79647 82.34992 87.44188 81.89092 55.0321 68.50055 65.57778 97.88267 x 85.27914 86.95332 54.66462 87.23052 67.96481 71.91702 75.56057 50.12229 85.85248 87.6841 67.79941 70.6674 87.66761 64.43947 52.8693
84.47586 92.14304 55.46871 60.21109 78.42321 73.19583 95.60045 73.33582 58.78158 60.70056 67.22646 61.30208 98.39728 76.1591 x 96.79282 82.68727 86.59969 80.44307 66.53155 89.08755 62.10289 58.45173 55.53998 68.03988 91.09352 58.38128 70.65916 84.83701 50.79493 89.31306 94.13855 89.98993 88.12208 63.67945 84.59459 94.02486 66.30639 66.75995 84.84891 69.13642 79.45168 66.12037 88.99901 87.2518 91.31954 54.98261 70.07578 96.64269 86.95957
77.76609 x 70.86266 94.23729 90.91317 52.93098 96.00406 81.70188 54.54197 53.3542 52.20664 92.80805 x 59.76462 96.79282 x 63.2694 59.03227 76.95783 52.82184 79.02712 65.94882 73.75996 x 81.99546 80.39839 57.6856 74.57983 x 50.0837 89.30831 56.39733 69.46532 69.92666 70.90071 55.87438 80.51528 82.97681 55.00474 52.42758 93.32527 64.37773 60.79056 88.68686 73.92193 75.99574 84.20494 52.77415 90.26439 64.90107
87.82074 87.55948 82.51927 91.7523 85.52267 76.55967 54.2014 74.97338 74.09298 96.67016 67.43729 65.71092 67.81714 68.12899 82.68727 63.2694 x 50.98135 57.06528 53.48513 93.44421 75.85066 92.42511 66.11106 53.59202 63.10048 53.81015 52.69375 73.4804 75.72186 92.64798 53.75921 72.67496 63.22093 56.77328 62.90537 96.60584 67.74547 84.16597 57.14481 97.89799 98.28921 78.82255 59.70119 71.3095 86.78647 70.21378 66.46903 87.5444 68.16119
78.20145 69.61917 58.76592 63.84718 74.09126 83.72067 94.04573 62.07933 86.09284 57.37423 66.00936 57.08219 70.71128 x 86.59969 59.03227 50.98135 x 80.02664 52.485 83.75359 63.43143 90.55927 69.95371 84.76482 50.44781 84.08183 90.72607 57.88866 83.43484 90.61217 73.21041 84.78934 88.94742 94.90051 58.27234 53.9488 94.12446 97.79018 98.521 94.76337 55.50779 54.99741 88.51649 51.98287 x 58.02686 76.12482 71.12863 77.81922
95.86279 79.39885 54.82782 72.96116 50.96912 73.00745 81.23823 65.23875 54.23298 62.44012 67.65835 51.12355 52.35639 84.51762 80.44307 76.95783 57.06528 80.02664 x 94.81993 89.31701 71.46732 95.5467 63.86507 x 98.93953 61.19759 74.09495 66.95719 75.604 51.84518 66.01841 59.55433 76.48413 54.94765 95.84836 58.30868 60.93799 92.04035 65.7295 50.05872 87.03014 87.48335 77.30615 51.65622 55.99738 71.5811 79.454 91.89651 81.05321
75.01438 x x 94.88471 73.68091 61.279 75.9762 66.26162 52.67025 57.81116 97.19382 69.57831 62.76621 97.04561 66.53155 52.82184 53.48513 52.485 94.81993 x 75.46847 62.67413 96.74635 76.21291 90.41422 69.16658 x 96.07277 51.15397 93.32843 57.34465 x 54.55564 90.40224 90.60467 57.4023 79.68681 63.45547 89.51392 51.24309 56.11588 94.9551 53.96042 91.58453 x 58.04598 50.32838 61.78529 90.48844 94.80499
71.66707 51.35659 61.61627 63.56635 x x 68.09001 58.21138 55.25687 97.55348 51.58482 81.92407 76.72639 92.62754 89.08755 79.02712 93.44421 83.75359 89.31701 75.46847 x 58.96226 57.90898 55.47168 97.49016 92.19227 x 85.59144 77.37184 65.83108 78.45721 51.3189 53.76692 67.17296 74.24346 59.12746 84.89782 59.80042 76.27132 x 74.44273 70.74026 98.67268 75.08041 67.73751 55.95643 61.76236 90.73166 52.50795 x
86.39774 60.11357 52.71208 78.75881 90.67609 76.34831 89.28491 98.37391 56.83322 58.23755 61.15654 88.41735 89.70669 93.64922 62.10289 65.94882 75.85066 63.43143 71.46732 62.67413 58.96226 x 61.92916 52.99163 51.06013 69.41019 80.77569 93.04563 x 98.68637 50.00843 92.11471 51.22758 55.74623 94.06592 58.71793 74.0428 67.87287 90.66612 92.83185 63.35241 98.74512 88.81766 71.30598 60.06386 60.1199 89.29377 93.54705 81.55656 83.18281
53.84652 68.14747 85.2281 59.60222 78.8828 92.28398 74.16795 56.43983 66.05226 60.18534 81.29816 52.62544 77.42544 51.80149 58.45173 73.75996 92.42511 90.55927 95.5467 96.74635 57.90898 61.92916 x 66.80149 80.90502 82.93343 50.31978 53.22862 63.26716 86.71668 95.61786 53.5538 52.8258 88.66243 95.11925 50.61795 51.92723 70.69431 64.53849 78.63081 95.09418 50.44164 87.56028 82.03719 82.33009 80.831 74.50365 86.13116 59.5013 82.04144
92.01846 74.10867 56.16135 83.54811 55.3181 87.57212 77.01259 81.49496 61.37406 53.59949 71.32086 95.33981 81.59876 74.78067 55.53998 x 66.11106 69.95371 63.86507 76.21291 55.47168 52.99163 66.80149 x 61.20318 x 56.3312 55.79466 81.03647 98.7234 74.43937 88.64056 93.77266 80.91039 82.15276 74.27011 95.9209 53.60669 79.0805 64.36884 97.01111 53.80158 97.33342 98.43337 78.09631 92.09297 59.58312 66.49776 88.87568 72.04053
55.69555 98.42944 54.37368 69.078 63.47576 62.93617 54.45597 88.78672 50.99561 53.58674 62.00512 63.30492 68.96499 79.55353 68.03988 81.99546 53.59202 84.76482 x 90.41422 97.49016 51.06013 80.90502 61.20318 x 84.65426 92.77911 91.96181 94.44776 51.68515 67.36088 90.66946 71.54844 85.93658 85.36727 66.79851 70.77789 64.20009 97.96308 56.44742 69.07988 65.90769 97.86652 91.40802 64.84639 67.79297 50.80867 95.71289 76.63413 82.86555
59.25644 80.01558 60.84237 x 92.67503 56.33818 50.9414 71.22403 57.96468 94.74348 82.55311 85.85738 59.5738 89.44538 91.09352 80.39839 63.10048 50.44781 98.93953 69.16658 92.19227 69.41019 82.93343 x 84.65426 x 58.95943 98.73751 53.56071 59.68623 73.90465 90.30755 74.504 98.44867 64.79233 70.18127 67.24741 56.76542 51.35274 89.90436 93.696 51.16197 69.96442 95.24253 77.58478 97.9363 96.30263 51.52251 94.36691 75.02098
69.14962 90.43902 63.35632 63.72651 77.46921 87.01818 70.78499 94.60181 54.85517 79.4379 81.99539 59.88715 94.33564 96.79647 58.38128 57.6856 53.81015 84.08183 61.19759 x x 80.77569 50.31978 56.3312 92.77911 58.95943 x 72.08165 82.41628 56.95446 91.20667 70.65197 85.3696 57.03632 62.63548 69.33998 74.46913 96.76671 82.89174 x x 64.90347 53.01798 80.91232 89.9862 x 70.44445 81.97891 96.19535 61.71466
65.45618 69.6283 x 68.72875 72.65661 55.13239 94.85836 60.45269 84.32962 90.07514 61.28901 89.23896 97.58914 82.34992 70.65916 74.57983 52.69375 90.72607 74.09495 96.07277 85.59144 93.04563 53.22862 55.79466 91.96181 98.73751 72.08165 x 93.61575 86.58473 60.49614 93.40089 80.8251 85.37509 82.33595 78.13831 77.25193 83.19264 54.5334 59.02059 74.98531 89.05288 55.24684 71.09953 94.0467 94.2519 71.30848 x 96.80814 97.51007
76.1018 55.60175 94.19378 55.83433 55.58403 82.91545 95.57608 79.25534 97.81906 73.6473 76.16217 94.65206 87.35506 87.44188 84.83701 x 73.4804 57.88866 66.95719 51.15397 77.37184 x 63.26716 81.03647 94.44776 53.56071 82.41628 93.61575 x 86.33269 95.10106 59.49908 74.96716 97.49702 79.20319 87.25172 93.27897 x 54.07939 65.35635 52.82746 x 86.6957 95.19293 53.06099 58.16365 88.82428 59.34889 70.11635 94.7921
83.06121 61.72243 70.53168 75.33626 95.30522 51.2541 81.78437 57.45639 69.77235 80.34486 x 78.67068 78.82736 81.89092 50.79493 50.0837 75.72186 83.43484 75.604 93.32843 65.83108 98.68637 86.71668 98.7234 51.68515 59.68623 56.95446 86.58473 86.33269 x 82.76639 97.37149 75.71818 68.36272 93.05045 95.83537 x 92.4415 88.52721 96.72504 52.31299 89.66136 69.45539 53.96907 92.50535 51.64298 58.96874 86.84224 89.59661 89.851
69.72493 57.50995 x 81.27848 50.77863 52.57337 53.70225 72.06963 79.90985 96.72423 x 51.07456 59.71686 55.0321 89.31306 89.30831 92.64798 90.61217 51.84518 57.34465 78.45721 50.00843 95.61786 74.43937 67.36088 73.90465 91.20667 60.49614 95.10106 82.76639 x 90.31708 55.94534 52.89808 95.71584 71.70413 82.61326 64.71378 67.17229 59.02817 61.44098 83.22017 59.02649 87.98044 64.1846 74.55915 80.47227 x 66.49835 51.6074
68.62734 62.50012 84.8791 97.03012 x 66.49694 66.5618 85.20477 53.09368 95.99582 x 87.49861 69.39207 68.50055 94.13855 56.39733 53.75921 73.21041 66.01841 x 51.3189 92.11471 53.5538 88.64056 90.66946 90.30755 70.65197 93.40089 59.49908 97.37149 90.31708 x 56.39388 51.48548 72.77249 82.38598 56.4443 66.44626 67.15758 63.62942 64.45248 73.01586 65.78445 59.87016 74.59906 88.76276 58.57067 63.5785 90.71189 52.18565
86.13443 77.11384 59.88572 69.36934 56.07609 75.82831 51.2874 52.28294 73.94454 62.12587 51.25652 95.28881 83.48904 65.57778 89.98993 69.46532 72.67496 84.78934 59.55433 54.55564 53.76692 51.22758 52.8258 93.77266 71.54844 74.504 85.3696 80.8251 74.96716 75.71818 55.94534 56.39388 x 90.90857 57.80213 78.29197 62.01055 52.09699 70.51211 80.16553 65.93803 70.10133 98.29022 87.69452 96.56972 85.827 69.26559 94.16568 55.20859 59.08821
86.7914 66.25345 96.77631 95.65934 66.75149 84.07681 82.98245 57.63329 83.33282 66.60708 88.10436 58.80512 58.95301 97.88267 88.12208 69.92666 63.22093 88.94742 76.48413 90.40224 67.17296 55.74623 88.66243 80.91039 85.93658 98.44867 57.03632 85.37509 97.49702 68.36272 52.89808 51.48548 90.90857 x 77.79741 86.30883 85.71309 50.77961 58.75685 88.77745 97.95257 69.66637 x 78.52784 76.46011 85.85969 61.60502 x 74.37529 63.8521
63.65186 92.47013 90.0486 61.71856 60.70607 93.95675 96.60022 60.26724 86.83365 76.02822 97.1268 69.77241 94.4093 x 63.67945 70.90071 56.77328 94.90051 54.94765 90.60467 74.24346 94.06592 95.11925 82.15276 85.36727 64.79233 62.63548 82.33595 79.20319 93.05045 95.71584 72.77249 57.80213 77.79741 x 55.58313 97.36803 95.84427 88.14977 64.81715 57.88182 96.14408 65.89198 88.58916 54.37507 73.0884 71.67079 54.42148 98.44127 59.95598
92.45318 82.34507 54.9082 98.95359 57.23268 87.07572 83.03646 52.70021 77.74536 88.24349 86.85801 x x 85.27914 84.59459 55.87438 62.90537 58.27234 95.84836 57.4023 59.12746 58.71793 50.61795 74.27011 66.79851 70.18127 69.33998 78.13831 87.25172 95.83537 71.70413 82.38598 78.29197 86.30883 55.58313 x 97.41151 87.95504 82.68644 88.94937 94.31057 72.14891 52.25449 61.22291 74.44379 88.78733 53.19844 59.3457 79.06112 97.79936
61.19503 85.69013 69.09514 59.24115 68.85038 x 94.00569 79.32778 64.4091 76.74178 67.8666 67.82621 67.18564 86.95332 94.02486 80.51528 96.60584 53.9488 58.30868 79.68681 84.89782 74.0428 51.92723 95.9209 70.77789 67.24741 74.46913 77.25193 93.27897 x 82.61326 56.4443 62.01055 85.71309 97.36803 97.41151 x 81.67689 81.36991 88.15662 85.67658 58.82555 91.53716 57.76303 56.73697 x 62.68815 76.34578 85.36068 76.10728
93.3495 80.55793 68.27198 93.66349 x 76.77471 64.14891 70.70382 83.59951 82.10307 59.40999 98.8274 74.3593 54.66462 66.30639 82.97681 67.74547 94.12446 60.93799 63.45547 59.80042 67.87287 70.69431 53.60669 64.20009 56.76542 96.76671 83.19264 x 92.4415 64.71378 66.44626 52.09699 50.77961 95.84427 87.95504 81.67689 x 51.07564 75.38192 68.19698 81.06323 65.62366 62.52116 51.20719 84.69465 60.14177 61.61927 68.66231 83.00214
79.71924 x 82.76559 x 50.54309 52.46371 55.45176 85.01234 72.0223 67.75126 91.86875 54.95013 83.75919 87.23052 66.75995 55.00474 84.16597 97.79018 92.04035 89.51392 76.27132 90.66612 64.53849 79.0805 97.96308 51.35274 82.89174 54.5334 54.07939 88.52721 67.17229 67.15758 70.51211 58.75685 88.14977 82.68644 81.36991 51.07564 x 95.52416 89.15645 72.81117 74.02809 79.6456 71.9555 96.69835 77.53867 62.77258 59.29989 93.40729
58.87808 89.62235 95.54648 86.67271 72.50371 77.29132 65.68812 85.4209 93.01662 82.08411 96.00085 71.82299 54.07314 67.96481 84.84891 52.42758 57.14481 98.521 65.7295 51.24309 x 92.83185 78.63081 64.36884 56.44742 89.90436 x 59.02059 65.35635 96.72504 59.02817 63.62942 80.16553 88.77745 64.81715 88.94937 88.15662 75.38192 95.52416 x 63.46355 88.41085 x 51.21598 x 61.21941 67.13562 x 91.23846 52.61327
94.39221 74.18225 52.88206 60.12174 80.79235 72.44883 64.52517 52.88945 61.23723 87.37599 61.49262 58.39775 95.7812 71.91702 69.13642 93.32527 97.89799 94.76337 50.05872 56.11588 74.44273 63.35241 95.09418 97.01111 69.07988 93.696 x 74.98531 52.82746 52.31299 61.44098 64.45248 65.93803 97.95257 57.88182 94.31057 85.67658 68.19698 89.15645 63.46355 x 98.43692 58.36559 71.18423 86.79479 75.7941 69.67684 58.62055 90.60102 68.45397
89.94136 90.4535 x 56.54333 66.15507 81.89033 85.75652 68.25817 60.88283 73.18956 x 80.47203 59.66601 75.56057 79.45168 64.37773 98.28921 55.50779 87.03014 94.9551 70.74026 98.74512 50.44164 53.80158 65.90769 51.16197 64.90347 89.05288 x 89.66136 83.22017 73.01586 70.10133 69.66637 96.14408 72.14891 58.82555 81.06323 72.81117 88.41085 98.43692 x 88.32437 77.05684 78.12208 81.73619 60.35611 x 84.656 52.26878
70.51524 77.25603 94.82297 83.35355 90.03084 91.50475 95.83238 76.65574 70.95703 57.62176 78.0028 77.2543 88.12591 50.12229 66.12037 60.79056 78.82255 54.99741 87.48335 53.96042 98.67268 88.81766 87.56028 97.33342 97.86652 69.96442 53.01798 55.24684 86.6957 69.45539 59.02649 65.78445 98.29022 x 65.89198 52.25449 91.53716 65.62366 74.02809 x 58.36559 88.32437 x 92.01638 84.25343 60.9908 81.5095 81.90227 92.64843 79.38541
56.09954 x 81.59805 x 66.02299 93.39419 67.91984 74.10992 66.13748 84.10906 56.63977 52.03422 71.70809 85.85248 88.99901 88.68686 59.70119 88.51649 77.30615 91.58453 75.08041 71.30598 82.03719 98.43337 91.40802 95.24253 80.91232 71.09953 95.19293 53.96907 87.98044 59.87016 87.69452 78.52784 88.58916 61.22291 57.76303 62.52116 79.6456 51.21598 71.18423 77.05684 92.01638 x 89.44091 90.49713 76.67687 68.38326 72.12809 60.31199
83.08822 76.33468 67.88527 58.32167 64.5833 69.51914 55.69626 96.70763 96.34993 x 65.1426 53.843 81.94228 87.6841 87.2518 73.92193 71.3095 51.98287 51.65622 x 67.73751 60.06386 82.33009 78.09631 64.84639 77.58478 89.9862 94.0467 53.06099 92.50535 64.1846 74.59906 96.56972 76.46011 54.37507 74.44379 56.73697 51.20719 71.9555 x 86.79479 78.12208 84.25343 89.44091 x 98.91425 67.88767 61.70006 55.92944 71.91939
76.06713 53.04456 88.56213 93.74567 95.86732 79.70377 90.54964 79.52519 98.59744 76.06586 60.64457 96.41243 80.16462 67.79941 91.31954 75.99574 86.78647 x 55.99738 58.04598 55.95643 60.1199 80.831 92.09297 67.79297 97.9363 x 94.2519 58.16365 51.64298 74.55915 88.76276 85.827 85.85969 73.0884 88.78733 x 84.69465 96.69835 61.21941 75.7941 81.73619 60.9908 90.49713 98.91425 x 70.74905 70.56669 87.64355 80.09395
62.26206 52.65865 80.71407 71.16633 58.72015 51.62915 89.66335 98.831 x 93.73723 50.40977 58.70822 52.48964 70.6674 54.98261 84.20494 70.21378 58.02686 71.5811 50.32838 61.76236 89.29377 74.50365 59.58312 50.80867 96.30263 70.44445 71.30848 88.82428 58.96874 80.47227 58.57067 69.26559 61.60502 71.67079 53.19844 62.68815 60.14177 77.53867 67.13562 69.67684 60.35611 81.5095 76.67687 67.88767 70.74905 x 98.7535 50.8401 85.96276
66.25115 94.06972 53.75705 83.28372 85.66151 x 75.26213 76.91552 97.16375 66.63452 98.8268 64.37452 60.40536 87.66761 70.07578 52.77415 66.46903 76.12482 79.454 61.78529 90.73166 93.54705 86.13116 66.49776 95.71289 51.52251 81.97891 x 59.34889 86.84224 x 63.5785 94.16568 x 54.42148 59.3457 76.34578 61.61927 62.77258 x 58.62055 x 81.90227 68.38326 61.70006 70.56669 98.7535 x 90.63877 96.28678
96.27067 91.86771 54.95482 77.17314 94.89075 72.79439 53.26388 85.35871 88.87226 95.2503 79.21462 58.09065 88.18996 64.43947 96.64269 90.26439 87.5444 71.12863 91.89651 90.48844 52.50795 81.55656 59.5013 88.87568 76.63413 94.36691 96.19535 96.80814 70.11635 89.59661 66.49835 90.71189 55.20859 74.37529 98.44127 79.06112 85.36068 68.66231 59.29989 91.23846 90.60102 84.656 92.64843 72.12809 55.92944 87.64355 50.8401 90.63877 x 60.43125
59.37154 60.75658 76.90891 77.42828 97.78629 87.59743 75.01561 70.95947 93.49174 61.33289 88.37366 89.93055 70.03881 52.8693 86.95957 64.90107 68.16119 77.81922 81.05321 94.80499 x 83.18281 82.04144 72.04053 82.86555 75.02098 61.71466 97.51007 94.7921 89.851 51.6074 52.18565 59.08821 63.8521 59.95598 97.79936 76.10728 83.00214 93.40729 52.61327 68.45397 52.26878 79.38541 60.31199 71.91939 80.09395 85.96276 96.28678 60.43125 x