50
25
0 1 2 3 4 5 6 7 8 9 10 11 12 13 14 15 16 17 18 19 20 21 22 23 24 25 26 27 28 29 30 31 32 33 34 35 36 37 38 39 40 41 42 43 44 45 46 47 48 49
23 29 44 30 48 31 15 13 24 26 49 43 21 2 10 22 41 6 46 32 28 33 47 16 12
0
x 76.14429 55.13696 51.34845 55.30047 51.08576 74.2323 70.84298 87.48108 58.4113 75.5877 55.57027 74.843 81.10207 89.80886 85.33902 54.69461 82.39794 84.06073 84.45042 74.30208 86.1667 85.05865 92.23427 81.83951 74.87881 77.65829 53.7965 88.61275 77.70271 67.96085 64.41649 70.38594 75.3953 94.89572 x 95.30395 84.81002 90.72745 50.89638 79.64399 81.28055 93.65965 62.2413 50.65329 51.77377 62.77141 x 86.66208 x
76.14429 x 84.61903 96.67724 82.36058 70.12607 68.29521 98.46986 97.75397 54.91055 97.14321 73.86579 97.45157 61.38257 72.9963 71.63115 78.96339 89.247 72.89318 53.85244 51.85006 56.26832 72.1353 65.48473 52.6245 97.84734 87.03585 64.96849 94.44361 79.45669 96.49736 x 95.00855 73.79394 56.78681 76.08612 69.68603 89.77687 77.06546 97.38024 56.653 97.24246 55.11651 x x 65.98085 59.11387 80.77672 54.86604 84.36135
55.13696 84.61903 x 82.24541 62.8817 70.08112 90.8489 78.15851 77.54975 57.92686 80.85613 76.73841 61.06227 61.59943 59.95036 91.61567 53.71915 85.33917 77.76741 90.54502 66.24906 98.50347 84.75587 80.99819 53.1269 x x 85.49815 56.22019 83.29637 74.80098 87.84181 56.54369 71.33056 68.03411 84.89045 91.00747 94.8069 51.55929 98.66794 70.04183 65.2179 58.37141 74.20437 62.03002 66.19677 86.13386 96.57836 93.99268 65.98083
51.34845 96.67724 82.24541 x 94.11461 59.79374 62.50075 87.71116 63.94482 91.20997 73.09037 79.39695 91.9991 55.27459 66.73096 66.93604 65.58068 88.48369 82.00261 58.84474 83.14803 55.18493 94.13406 82.72185 55.34112 73.08081 78.0579 x 92.24336 84.28077 64.98353 85.09811 81.99137 96.7026 87.77837 79.01066 79.31789 59.55708 65.9271 82.72621 63.98519 80.35923 87.62022 88.60345 52.17842 79.79877 62.19972 65.09057 85.18437 56.18452
55.30047 82.36058 62.8817 94.11461 x 71.10031 76.35099 63.8814 80.18773 54.29763 61.26458 70.54025 98.77007 76.26891 50.08181 87.52746 97.37019 53.06183 67.94904 78.30775 86.2283 59.01713 88.2067 97.58474 62.87866 76.64565 67.08052 79.35857 68.34166 77.29525 84.97032 87.20466 68.43168 57.53938 71.16188 91.21033 x 50.85981 65.12417 54.19388 59.08398 82.24596 61.931 81.0399 72.40909 98.00891 62.82472 70.19705 91.8186 58.74782
51.08576 70.12607 70.08112 59.79374 71.10031 x 58.05973 97.66264 98.99253 97.61355 x 75.24235 96.05978 56.7629 53.02526 98.18143 68.41123 x 94.42832 55.57544 63.52013 82.71435 91.28678 58.06735 97.4759 98.98827 56.79555 94.80936 60.8456 87.79163 x 71.42103 93.30905 64.35264 80.70613 76.41526 75.76564 73.60608 74.36319 x 50.02036 88.32157 72.98714 x 89.95808 62.2064 93.17532 53.55236 52.05952 93.71614
74.2323 68.29521 90.8489 62.50075 76.35099 58.05973 x 55.45851 56.72999 90.28499 91.96754 98.87758 52.83403 88.18443 67.13604 59.98761 88.20593 57.96263 78.04603 74.68267 90.70298 50.54715 94.89203 50.29184 70.35215 71.19513 97.56674 74.35952 59.85729 69.34896 74.14631 79.89095 50.92201 53.12158 74.3615 82.64234 97.97701 98.53317 65.61497 77.92146 67.68987 78.58447 57.273 86.2177 51.20113 74.27817 57.006 x 77.38079 87.26394
70.84298 98.46986 78.15851 87.71116 63.8814 97.66264 55.45851 x 74.18046 51.75043 58.15886 91.86832 66.5962 92.05729 94.71431 68.9156 83.67163 78.62101 86.86201 87.28754 67.65085 90.90109 74.55376 94.05977 73.58893 52.63665 91.12918 67.72205 76.07962 x 83.70125 62.93174 58.32088 68.11309 77.72154 62.33111 54.89759 51.81208 92.684 69.30157 75.62238 52.25485 92.2936 84.38561 51.9101 62.08037 82.60876 96.14045 84.72971 92.30887
87.48108 97.75397 77.54975 63.94482 80.18773 98.99253 56.72999 74.18046 x 87.84524 71.42434 90.00827 61.61419 85.06586 78.1548 72.0779 54.50853 93.10299 x 66.43217 x 53.10855 68.07442 92.25195 76.18946 x 72.33029 90.64035 62.8543 72.15735 81.7745 63.27406 76.24051 72.88652 75.0191 72.09969 78.81765 60.77692 66.70514 69.72255 62.31898 78.71841 91.00272 56.67885 87.7334 63.56859 51.26377 70.0333 84.51835 81.53099
58.4113 54.91055 57.92686 91.20997 54.29763 97.61355 90.28499 51.75043 87.84524 x 61.54798 91.67013 78.25595 94.36907 67.48833 72.27493 96.51497 69.42486 65.81802 78.30626 77.35136 70.45369 x 90.18535 90.35565 82.76378 89.509 76.19887 67.1522 65.8654 83.88026 79.27706 97.83191 x 78.1644 53.54324 76.57614 69.0047 89.60916 89.50255 72.27762 63.0961 57.38366 76.92938 93.20348 88.97249 79.13517 x 72.66773 57.97291
75.5877 97.14321 80.85613 73.09037 61.26458 x 91.96754 58.15886 71.42434 61.54798 x 73.17955 51.38785 77.76118 70.19479 71.87152 88.0017 82.67939 60.41381 56.49399 50.87465 86.03869 81.09402 92.40067 76.87085 54.8791 62.21417 x x 64.06185 80.6037 68.64034 74.78508 60.86505 95.27082 62.85531 58.15668 62.43078 77.75227 62.36568 97.41774 71.45845 79.37364 64.01905 94.94979 95.23729 80.74632 57.34424 73.27579 59.67111
55.57027 73.86579 76.73841 79.39695 70.54025 75.24235 98.87758 91.86832 90.00827 91.67013 73.17955 x 59.93122 51.25527 62.48317 x 80.82772 95.79925 74.67763 93.0115 82.98648 64.88423 81.8142 79.09149 77.94888 72.62096 79.02491 74.57193 84.26606 78.39145 54.0039 78.20386 62.15139 78.82258 79.81258 79.19241 77.11073 53.45544 94.27075 55.46856 61.10973 78.48495 75.66366 71.5725 92.94773 98.88027 94.99594 52.39764 51.04713 56.96885
74.843 97.45157 61.06227 91.9991 98.77007 96.05978 52.83403 66.5962 61.61419 78.25595 51.38785 59.93122 x 92.24056 63.7455 94.40705 55.63328 84.72748 97.46396 78.84427 57.19132 82.95568 54.10948 70.30836 81.11461 73.73873 65.99414 97.91201 68.20326 81.01492 63.19709 72.93595 59.19613 58.47933 70.99021 84.06051 76.56542 98.86913 71.42812 91.61392 74.96554 76.53135 65.7178 80.07552 94.6066 78.08009 71.9335 68.71312 54.33934 90.23932
81.10207 61.38257 61.59943 55.27459 76.26891 56.7629 88.18443 92.05729 85.06586 94.36907 77.76118 51.25527 92.24056 x 66.48464 73.94591 62.44277 50.15119 60.2804 71.27113 90.69962 81.83581 60.30549 65.99571 78.51651 67.99469 51.55988 50.70449 76.29254 94.53534 88.21369 69.64721 61.87624 55.82149 89.46055 90.43695 87.47266 60.16522 92.32437 61.36515 88.78222 67.00584 70.1907 52.44341 86.67346 74.745 89.85583 67.14286 92.35701 77.70848
89.80886 72.9963 59.95036 66.73096 50.08181 53.02526 67.13604 94.71431 78.1548 67.48833 70.19479 62.48317 63.7455 66.48464 x 61.1619 63.34064 63.55352 65.30722 86.80063 91.30766 56.47804 64.10296 91.86169 61.94782 87.63143 69.65776 51.27219 64.18772 87.77305 80.51726 56.43081 92.11549 93.62175 87.86517 74.92669 79.68676 66.42143 x 51.12952 85.98436 54.76152 58.07539 66.42409 x x 95.65981 50.86753 76.8203 71.47424
85.33902 71.63115 91.61567 66.93604 87.52746 98.18143 59.98761 68.9156 72.0779 72.27493 71.87152 x 94.40705 73.94591 61.1619 x 93.84857 67.68388 68.7063 x 55.5237 81.89168 61.79674 93.10024 86.3693 80.83659 93.29995 92.95282 72.70478 78.78132 63.26259 68.98011 84.84281 79.88219 72.40212 67.12243 74.32496 80.89254 59.07917 76.76869 69.06172 84.84406 97.50036 74.6876 92.98608 98.83834 56.19275 55.14617 50.38627 55.39385
54.69461 78.96339 53.71915 65.58068 97.37019 68.41123 88.20593 83.67163 54.50853 96.51497 88.0017 80.82772 55.63328 62.44277 63.34064 93.84857 x 97.94676 65.16227 89.37732 79.34739 x 53.34613 63.39092 63.02998 70.63114 x 53.16262 69.31576 83.47576 95.32169 88.18232 68.4103 57.61677 59.97124 93.74885 93.308 74.74782 77.84605 70.14148 65.32424 88.05483 69.55981 83.7238 94.44656 89.13487 94.73396 75.41342 54.98295 90.75194
82.39794 89.247 85.33917 88.48369 53.06183 x 57.96263 78.62101 93.10299 69.42486 82.67939 95.79925 84.72748 50.15119 63.55352 67.68388 97.94676 x 68.06246 66.41578 77.92113 72.93721 65.9833 87.74314 x 70.78787 72.45349 72.24575 96.4491 94.65499 80.89297 52.54216 57.32704 81.73493 72.27316 52.19884 70.7713 64.38712 75.48902 96.10214 79.60248 90.4368 98.15446 95.20156 73.54061 72.16151 98.732 x 50.15884 70.14744
84.06073 72.89318 77.76741 82.00261 67.94904 94.42832 78.04603 86.86201 x 65.81802 60.41381 74.67763 97.46396 60.2804 65.30722 68.7063 65.16227 68.06246 x 73.49622 87.6874 84.9127 85.21233 54.77455 53.81683 76.25511 92.41428 58.50504 57.94145 83.18443 92.0754 65.38753 66.43187 76.01906 98.44373 66.32218 96.20718 x 65.76597 51.9616 91.44079 56.96225 55.45286 96.00393 96.17775 54.10822 63.03214 51.68729 76.42614 71.67242
84.45042 53.85244 90.54502 58.84474 78.30775 55.57544 74.68267 87.28754 66.43217 78.30626 56.49399 93.0115 78.84427 71.27113 86.80063 x 89.37732 66.41578 73.49622 x 71.44118 62.23436 96.91082 67.191 74.30947 50.41059 90.93859 97.87097 63.29339 67.71392 78.77145 54.53536 93.06806 95.39079 81.27776 51.29822 58.12368 98.17608 56.98516 67.7933 76.44464 79.7412 51.26776 75.74551 85.26714 63.96503 95.97874 59.1117 80.0 97.16644
74.30208 51.85006 66.24906 83.14803 86.2283 63.52013 90.70298 67.65085 x 77.35136 50.87465 82.98648 57.19132 90.69962 91.30766 55.5237 79.34739 77.92113 87.6874 71.44118 x 96.03333 80.76688 55.85427 77.6424 72.40771 57.69016 53.21871 60.89357 89.17435 74.53564 72.8471 73.73303 x 98.01258 68.45663 79.79537 94.45944 56.44088 54.84742 66.64689 86.6344 56.11484 67.28842 56.61335 78.28421 70.99725 79.74599 68.16181 98.54091
86.1667 56.26832 98.50347 55.18493 59.01713 82.71435 50.54715 90.90109 53.10855 70.45369 86.03869 64.88423 82.95568 81.83581 56.47804 81.89168 x 72.93721 84.9127 62.23436 96.03333 x 86.79292 93.39407 72.30622 86.51877 65.62567 93.43583 65.56149 74.34463 60.46038 77.22345 63.9646 97.46582 55.11536 61.98375 96.01475 92.49608 62.2174 78.6448 55.02016 55.37936 90.80671 97.73663 71.91898 87.29307 76.12557 85.73187 75.79162 53.48707
85.05865 72.1353 84.75587 94.13406 88.2067 91.28678 94.89203 74.55376 68.07442 x 81.09402 81.8142 54.10948 60.30549 64.10296 61.79674 53.34613 65.9833 85.21233 96.91082 80.76688 86.79292 x 97.05987 55.62599 63.60465 97.79817 59.42334 60.19982 84.14949 70.75493 52.40731 88.83776 x 62.83814 62.52174 80.43988 59.79016 67.93435 62.89248 71.44623 89.85792 93.94942 52.38768 53.53435 59.03068 52.86529 89.91003 77.89544 58.89683
92.23427 65.48473 80.99819 82.72185 97.58474 58.06735 50.29184 94.05977 92.25195 90.18535 92.40067 79.09149 70.30836 65.99571 91.86169 93.10024 63.39092 87.74314 54.77455 67.191 55.85427 93.39407 97.05987 x 81.34612 89.41874 86.83754 89.07466 56.75452 69.28969 80.39824 91.57854 81.66617 70.14201 90.23876 85.87932 x 58.53443 89.49207 54.17008 56.40071 91.93964 86.55318 71.81422 88.61202 x 81.92429 50.93073 67.45014 93.23097
81.83951 52.6245 53.1269 55.34112 62.87866 97.4759 70.35215 73.58893 76.18946 90.35565 76.87085 77.94888 81.11461 78.51651 61.94782 86.3693 63.02998 x 53.81683 74.30947 77.6424 72.30622 55.62599 81.34612 x 91.04827 54.2007 59.44145 95.56113 71.47697 80.87004 82.60543 74.33218 86.41255 78.14999 88.40116 53.9629 88.05562 75.29865 78.63713 92.17256 95.97848 59.36361 88.64034 73.97527 98.05222 91.13519 79.26938 94.84119 98.55961
74.87881 97.84734 x 73.08081 76.64565 98.98827 71.19513 52.63665 x 82.76378 54.8791 72.62096 73.73873 67.99469 87.63143 80.83659 70.63114 70.78787 76.25511 50.41059 72.40771 86.51877 63.60465 89.41874 91.04827 x 81.68592 82.3133 66.00688 98.89964 63.59236 68.28432 65.36631 87.74703 64.28378 76.13163 74.48278 52.67698 89.61844 x 59.85942 81.78054 64.66649 71.05555 98.18716 74.74126 83.31336 65.30007 61.9312 58.1683
77.65829 87.03585 x 78.0579 67.08052 56.79555 97.56674 91.12918 72.33029 89.509 62.21417 79.02491 65.99414 51.55988 69.65776 93.29995 x 72.45349 92.41428 90.93859 57.69016 65.62567 97.79817 86.83754 54.2007 81.68592 x x 95.93209 59.51017 59.52537 66.33698 79.66551 61.12042 63.83495 86.35711 79.55376 74.62839 56.85174 93.85911 93.01873 60.86401 71.11325 84.72968 95.5604 97.93479 52.06394 86.73375 95.90247 73.76599
53.7965 64.96849 85.49815 x 79.35857 94.80936 74.35952 67.72205 90.64035 76.19887 x 74.57193 97.91201 50.70449 51.27219 92.95282 53.16262 72.24575 58.50504 97.87097 53.21871 93.43583 59.42334 89.07466 59.44145 82.3133 x x 90.1597 x 50.56007 78.28784 61.10346 56.8378 82.20458 62.43355 70.26349 88.8723 58.38202 75.65985 53.47054 96.71652 94.70418 52.37465 x 64.58606 62.00652 90.8304 50.50451 94.20531
88.61275 94.44361 56.22019 92.24336 68.34166 60.8456 59.85729 76.07962 62.8543 67.1522 x 84.26606 68.20326 76.29254 64.18772 72.70478 69.31576 96.4491 57.94145 63.29339 60.89357 65.56149 60.19982 56.75452 95.56113 66.00688 95.93209 90.1597 x 66.55834 x 74.98168 80.45214 74.25965 80.22165 62.91248 61.55452 87.3388 97.05153 94.61614 79.57115 92.35709 76.57742 75.71101 90.25951 88.16619 60.73726 74.44805 x 98.9494
77.70271 79.45669 83.29637 84.28077 77.29525 87.79163 69.34896 x 72.15735 65.8654 64.06185 78.39145 81.01492 94.53534 87.77305 78.78132 83.47576 94.65499 83.18443 67.71392 89.17435 74.34463 84.14949 69.28969 71.47697 98.89964 59.51017 x 66.55834 x 61.12731 61.9914 97.11839 74.54125 95.46331 80.38844 86.44703 72.6542 96.21746 65.69557 66.30586 52.84275 91.13241 77.04494 94.52875 69.14211 66.15495 75.09509 90.88621 69.6704
67.96085 96.49736 74.80098 64.98353 84.97032 x 74.14631 83.70125 81.7745 83.88026 80.6037 54.0039 63.19709 88.21369 80.51726 63.26259 95.32169 80.89297 92.0754 78.77145 74.53564 60.46038 70.75493 80.39824 80.87004 63.59236 59.52537 50.56007 x 61.12731 x 97.76436 53.02197 64.6679 83.72549 82.10939 75.72266 x 74.23554 84.95883 70.32311 52.13547 80.82446 x 59.36924 60.54594 58.37366 77.052 70.3142 75.49466
64.41649 x 87.84181 85.09811 87.20466 71.42103 79.89095 62.93174 63.27406 79.27706 68.64034 78.20386 72.93595 69.64721 56.43081 68.98011 88.18232 52.54216 65.38753 54.53536 72.8471 77.22345 52.40731 91.57854 82.60543 68.28432 66.33698 78.28784 74.98168 61.9914 97.76436 x 71.52282 91.65106 76.36907 79.55859 59.93029 72.63423 64.17322 82.16733 63.16947 72.64006 57.43589 51.35989 52.76259 91.32091 80.01146 88.02374 64.87183 84.99933
70.38594 95.00855 56.54369 81.99137 68.43168 93.30905 50.92201 58.32088 76.24051 97.83191 74.78508 62.15139 59.19613 61.87624 92.11549 84.84281 68.4103 57.32704 66.43187 93.06806 73.73303 63.9646 88.83776 81.66617 74.33218 65.36631 79.66551 61.10346 80.45214 97.11839 53.02197 71.52282 x 55.69409 77.42099 65.83797 93.47719 98.17721 81.21223 80.36272 87.42036 82.66691 x 81.27783 58.86532 57.50723 83.43807 98.88307 56.26762 64.57469
75.3953 73.79394 71.33056 96.7026 57.53938 64.35264 53.12158 68.11309 72.88652 x 60.86505 78.82258 58.47933 55.82149 93.62175 79.88219 57.61677 81.73493 76.01906 95.39079 x 97.46582 x 70.14201 86.41255 87.74703 61.12042 56.8378 74.25965 74.54125 64.6679 91.65106 55.69409 x 61.60113 56.66845 59.85264 95.85241 93.30833 63.98257 70.36973 53.55143 82.26083 72.20832 95.52171 x 69.10035 88.36627 92.98449 69.84795
94.89572 56.78681 68.03411 87.77837 71.16188 80.70613 74.3615 77.72154 75.0191 78.1644 95.27082 79.81258 70.99021 89.46055 87.86517 72.40212 59.97124 72.27316 98.44373 81.27776 98.01258 55.11536 62.83814 90.23876 78.14999 64.28378 63.83495 82.20458 80.22165 95.46331 83.72549 76.36907 77.42099 61.60113 x 53.76573 74.43335 94.4441 73.17884 55.06143 61.84361 89.5079 75.65467 90.2573 63.65702 52.31549 72.93768 68.79804 59.89601 98.80813
x 76.08612 84.89045 79.01066 91.21033 76.41526 82.64234 62.33111 72.09969 53.54324 62.85531 79.19241 84.06051 90.43695 74.92669 67.12243 93.74885 52.19884 66.32218 51.29822 68.45663 61.98375 62.52174 85.87932 88.40116 76.13163 86.35711 62.43355 62.91248 80.38844 82.10939 79.55859 65.83797 56.66845 53.76573 x 80.10876 56.0722 97.84032 80.88927 90.19571 71.41339 58.64562 77.05486 x 51.44923 94.94295 62.80195 61.68181 x
95.30395 69.68603 91.00747 79.31789 x 75.76564 97.97701 54.89759 78.81765 76.57614 58.15668 77.11073 76.56542 87.47266 79.68676 74.32496 93.308 70.7713 96.20718 58.12368 79.79537 96.01475 80.43988 x 53.9629 74.48278 79.55376 70.26349 61.55452 86.44703 75.72266 59.93029 93.47719 59.85264 74.43335 80.10876 x 79.91992 70.87076 63.11506 83.41437 73.97685 54.99942 96.83733 86.42977 78.42025 96.616 66.02735 66.60799 61.57936
84.81002 89.77687 94.8069 59.55708 50.85981 73.60608 98.53317 51.81208 60.77692 69.0047 62.43078 53.45544 98.86913 60.16522 66.42143 80.89254 74.74782 64.38712 x 98.17608 94.45944 92.49608 59.79016 58.53443 88.05562 52.67698 74.62839 88.8723 87.3388 72.6542 x 72.63423 98.17721 95.85241 94.4441 56.0722 79.91992 x 58.68832 64.4583 80.83816 81.06776 88.20416 54.08175 x 86.88791 54.01141 64.90761 62.62339 53.54553
90.72745 77.06546 51.55929 65.9271 65.12417 74.36319 65.61497 92.684 66.70514 89.60916 77.75227 94.27075 71.42812 92.32437 x 59.07917 77.84605 75.48902 65.76597 56.98516 56.44088 62.2174 67.93435 89.49207 75.29865 89.61844 56.85174 58.38202 97.05153 96.21746 74.23554 64.17322 81.21223 93.30833 73.17884 97.84032 70.87076 58.68832 x 95.10439 97.64077 75.92459 60.44579 50.50207 92.3963 66.57292 87.85123 59.01695 50.35709 92.28735
50.89638 97.38024 98.66794 82.72621 54.19388 x 77.92146 69.30157 69.72255 89.50255 62.36568 55.46856 91.61392 61.36515 51.12952 76.76869 70.14148 96.10214 51.9616 67.7933 54.84742 78.6448 62.89248 54.17008 78.63713 x 93.85911 75.65985 94.61614 65.69557 84.95883 82.16733 80.36272 63.98257 55.06143 80.88927 63.11506 64.4583 95.10439 x 52.11975 57.71462 76.76838 58.22365 53.48874 93.49837 x 61.57844 71.91782 x
79.64399 56.653 70.04183 63.98519 59.08398 50.02036 67.68987 75.62238 62.31898 72.27762 97.41774 61.10973 74.96554 88.78222 85.98436 69.06172 65.32424 79.60248 91.44079 76.44464 66.64689 55.02016 71.44623 56.40071 92.17256 59.85942 93.01873 53.47054 79.57115 66.30586 70.32311 63.16947 87.42036 70.36973 61.84361 90.19571 83.41437 80.83816 97.64077 52.11975 x 55.5617 83.08841 51.15434 66.32827 61.44086 79.89113 75.01444 97.75092 98.63165
81.28055 97.24246 65.2179 80.35923 82.24596 88.32157 78.58447 52.25485 78.71841 63.0961 71.45845 78.48495 76.53135 67.00584 54.76152 84.84406 88.05483 90.4368 56.96225 79.7412 86.6344 55.37936 89.85792 91.93964 95.97848 81.78054 60.86401 96.71652 92.35709 52.84275 52.13547 72.64006 82.66691 53.55143 89.5079 71.41339 73.97685 81.06776 75.92459 57.71462 55.5617 x 65.83631 78.96176 93.22 56.65407 84.43701 59.93442 60.53454 81.88348
93.65965 55.11651 58.37141 87.62022 61.931 72.98714 57.273 92.2936 91.00272 57.38366 79.37364 75.66366 65.7178 70.1907 58.07539 97.50036 69.55981 98.15446 55.45286 51.26776 56.11484 90.80671 93.94942 86.55318 59.36361 64.66649 71.11325 94.70418 76.57742 91.13241 80.82446 57.43589 x 82.26083 75.65467 58.64562 54.99942 88.20416 60.44579 76.76838 83.08841 65.83631 x 80.36737 59.17914 96.15197 62.85169 55.18393 57.80366 79.93944
62.2413 x 74.20437 88.60345 81.0399 x 86.2177 84.38561 56.67885 76.92938 64.01905 71.5725 80.07552 52.44341 66.42409 74.6876 83.7238 95.20156 96.00393 75.74551 67.28842 97.73663 52.38768 71.81422 88.64034 71.05555 84.72968 52.37465 75.71101 77.04494 x 51.35989 81.27783 72.20832 90.2573 77.05486 96.83733 54.08175 50.50207 58.22365 51.15434 78.96176 80.36737 x 91.56154 76.78469 77.10658 60.90244 97.88932 57.34466
50.65329 x 62.03002 52.17842 72.40909 89.95808 51.20113 51.9101 87.7334 93.20348 94.94979 92.94773 94.6066 86.67346 x 92.98608 94.44656 73.54061 96.17775 85.26714 56.61335 71.91898 53.53435 88.61202 73.97527 98.18716 95.5604 x 90.25951 94.52875 59.36924 52.76259 58.86532 95.52171 63.65702 x 86.42977 x 92.3963 53.48874 66.32827 93.22 59.17914 91.56154 x 77.10621 67.54337 55.8666 63.12121 x
51.77377 65.98085 66.19677 79.79877 98.00891 62.2064 74.27817 62.08037 63.56859 88.97249 95.23729 98.88027 78.08009 74.745 x 98.83834 89.13487 72.16151 54.10822 63.96503 78.28421 87.29307 59.03068 x 98.05222 74.74126 97.93479 64.58606 88.16619 69.14211 60.54594 91.32091 57.50723 x 52.31549 51.44923 78.42025 86.88791 66.57292 93.49837 61.44086 56.65407 96.15197 76.78469 77.10621 x 91.2053 78.4445 68.93783 57.39896
62.77141 59.11387 86.13386 62.19972 62.82472 93.17532 57.006 82.60876 51.26377 79.13517 80.74632 94.99594 71.9335 89.85583 95.65981 56.19275 94.73396 98.732 63.03214 95.97874 70.99725 76.12557 52.86529 81.92429 91.13519 83.31336 52.06394 62.00652 60.73726 66.15495 58.37366 80.01146 83.43807 69.10035 72.93768 94.94295 96.616 54.01141 87.85123 x 79.89113 84.43701 62.85169 77.10658 67.54337 91.2053 x 51.57172 89.87428 50.14499
x 80.77672 96.57836 65.09057 70.19705 53.55236 x 96.14045 70.0333 x 57.34424 52.39764 68.71312 67.14286 50.86753 55.14617 75.41342 x 51.68729 59.1117 79.74599 85.73187 89.91003 50.93073 79.26938 65.30007 86.73375 90.8304 74.44805 75.09509 77.052 88.02374 98.88307 88.36627 68.79804 62.80195 66.02735 64.90761 59.01695 61.57844 75.01444 59.93442 55.18393 60.90244 55.8666 78.4445 51.57172 x 57.77664 61.01051
86.66208 54.86604 93.99268 85.18437 91.8186 52.05952 77.38079 84.72971 84.51835 72.66773 73.27579 51.04713 54.33934 92.35701 76.8203 50.38627 54.98295 50.15884 76.42614 80.0 68.16181 75.79162 77.89544 67.45014 94.84119 61.9312 95.90247 50.50451 x 90.88621 70.3142 64.87183 56.26762 92.98449 59.89601 61.68181 66.60799 62.62339 50.35709 71.91782 97.75092 60.53454 57.80366 97.88932 63.12121 68.93783 89.87428 57.77664 x 64.45566
x 84.36135 65.98083 56.18452 58.74782 93.71614 87.26394 92.30887 81.53099 57.97291 59.67111 56.96885 90.23932 77.70848 71.47424 55.39385 90.75194 70.14744 71.67242 97.16644 98.54091 53.48707 58.89683 93.23097 98.55961 58.1683 73.76599 94.20531 98.9494 69.6704 75.49466 84.99933 64.57469 69.84795 98.80813 x 61.57936 53.54553 92.28735 x 98.63165 81.88348 79.93944 57.34466 x 57.39896 50.14499 61.01051 64.45566 x