50
25
0 1 2 3 4 5 6 7 8 9 10 11 12 13 14 15 16 17 18 19 20 21 22 23 24 25 26 27 28 29 30 31 32 33 34 35 36 37 38 39 40 41 42 43 44 45 46 47 48 49
29 31 7 14 43 25 12 18 38 13 0 32 49 28 22 44 33 5 42 45 19 24 20 41 21
0
x 60.6633 88.68887 82.3378 58.79859 92.63175 82.26575 91.20055 55.62382 98.78308 52.82238 70.61528 72.59063 64.92264 89.93469 91.46146 65.80341 95.11873 57.08475 x 83.58832 91.60687 74.70555 61.29956 73.10013 66.64438 59.32056 93.22798 93.0092 75.83428 82.11172 67.75523 75.3858 85.37404 75.69942 52.7231 55.14853 84.19563 81.63039 93.24229 83.15539 x 66.02 71.0953 59.55382 93.04589 96.27311 77.80062 70.56736 64.75427
60.6633 x 51.56037 73.38965 51.93605 53.25098 64.52341 70.42053 84.76958 98.08973 76.25814 94.57068 70.57721 67.32491 65.78919 53.46891 58.19596 68.21655 60.37464 75.85735 82.29273 68.84524 94.90208 75.34774 53.5281 54.98785 97.23421 73.18467 79.18695 79.31971 92.86832 72.57298 89.3574 56.95933 x 66.78922 79.94847 70.56841 68.38131 92.4707 79.18084 89.46342 x 77.42566 80.86292 65.6966 54.35233 56.06817 94.98182 78.27174
88.68887 51.56037 x 65.58492 94.47242 61.64671 71.84902 54.61752 93.49148 67.74732 53.54156 81.05632 78.60769 96.95324 56.47703 73.51207 96.14775 98.49896 91.66966 71.41457 78.74175 58.25995 69.95216 60.6154 63.85392 89.13801 65.22405 68.17813 56.87982 x 56.98275 55.55123 58.90615 60.02945 68.51602 74.66593 97.33553 x 72.31549 96.53609 56.55784 57.30946 90.46723 83.53332 91.61449 75.66861 71.60231 65.53476 66.32143 65.62494
82.3378 73.38965 65.58492 x 57.31263 62.93955 59.73422 69.06943 76.41668 57.48497 61.36954 x 72.88591 58.69725 92.44791 50.1138 59.77483 54.50508 69.48657 54.43308 95.74234 84.99734 94.39241 94.52419 53.20328 67.46635 68.23834 56.15734 79.60139 50.69998 62.59486 51.58152 77.67878 98.22218 77.63729 80.857 94.81941 x 84.80968 91.13652 79.85968 87.82965 63.37923 65.8644 66.44978 73.21571 74.23981 64.397 x 63.56563
58.79859 51.93605 94.47242 57.31263 x 90.1975 55.48374 84.36125 67.90047 51.54003 70.53494 65.73849 59.94779 76.28551 81.94763 76.40412 80.34186 66.23679 60.69842 61.73799 96.30816 83.00876 95.70984 85.56099 71.95586 62.00995 96.47546 97.15276 74.68428 62.36208 75.76818 82.8036 62.21684 75.39835 x 83.48641 75.35148 84.28516 76.27581 55.76143 x 82.16622 73.94505 91.20305 61.30715 53.33102 x 88.22442 66.38579 69.83232
92.63175 53.25098 61.64671 62.93955 90.1975 x 61.92363 93.23924 56.90331 67.31865 69.87885 95.66604 79.81889 79.70968 93.18419 93.82065 54.85062 95.22112 61.26035 76.30252 71.85052 70.66211 55.11008 75.75764 70.25727 97.08768 64.96257 54.81312 88.64968 82.17112 88.97111 96.55566 74.40265 79.66535 85.69168 51.16768 65.52261 64.70289 75.8271 62.16735 68.27345 78.41328 52.2487 52.87827 79.49627 79.24339 85.93064 55.93537 61.21208 70.89543
82.26575 64.52341 71.84902 59.73422 55.48374 61.92363 x 75.3081 98.23405 68.40897 95.40777 66.34136 94.12144 57.88451 60.47258 56.86001 53.61316 55.30936 97.49982 80.95018 72.36988 69.12363 55.56538 89.31279 93.2329 60.85439 65.57911 87.12404 92.69123 93.56413 91.68114 94.78395 73.12998 83.35199 60.88561 54.24241 70.19934 69.04777 69.63016 51.82238 61.60804 x 72.08988 59.21286 60.69008 78.31554 52.43775 65.9251 61.21084 52.31
91.20055 70.42053 54.61752 69.06943 84.36125 93.23924 75.3081 x 60.74835 95.70727 97.72096 78.64106 78.46053 84.7107 98.54214 68.95729 93.88022 89.88851 92.36416 97.17249 88.24589 75.06968 54.19229 54.58953 54.85811 75.07629 73.38357 98.19984 77.59683 98.06884 67.70138 51.62027 85.46265 76.06476 78.01334 53.48238 69.81079 75.98493 58.8506 98.57935 70.04219 55.17408 x 96.40764 61.67206 x 83.49757 66.56833 62.23162 52.76896
55.62382 84.76958 93.49148 76.41668 67.90047 56.90331 98.23405 60.74835 x 67.88795 72.89952 65.13018 72.90534 88.81983 63.97933 92.93629 79.72491 95.581 97.34474 56.78857 88.03276 76.57256 67.56546 81.12565 51.32789 98.88432 65.29467 69.34064 87.0372 66.53007 93.83457 54.31337 x 75.25875 92.27519 96.80893 50.37088 72.64551 75.82162 61.96574 60.95854 86.18136 73.38896 85.77878 96.17466 71.00205 63.33855 x 87.07258 64.00794
98.78308 98.08973 67.74732 57.48497 51.54003 67.31865 68.40897 95.70727 67.88795 x 94.67663 60.86399 57.13936 61.21659 68.66979 66.55316 62.40905 73.25723 78.69988 98.6205 97.21713 74.10037 83.86921 77.67862 90.40389 66.61429 73.09918 88.85373 51.48516 70.59751 69.48006 57.57977 96.052 x 82.77432 83.86559 67.39172 75.17881 x x 81.52977 52.12949 63.82204 77.38602 90.40863 95.72935 93.8668 73.86526 84.88197 58.86433
52.82238 76.25814 53.54156 61.36954 70.53494 69.87885 95.40777 97.72096 72.89952 94.67663 x 88.46863 72.65676 60.12353 78.38029 53.45686 93.72748 93.6438 80.03926 76.4519 66.49443 69.91948 89.94575 95.41158 84.33118 76.01991 83.3775 x 92.84303 59.33617 97.6595 88.09466 87.43484 72.37396 90.48063 81.03118 64.94899 90.64489 76.3035 65.70362 92.97914 94.08036 63.40381 69.12902 67.00805 60.66391 55.63134 86.87866 62.12871 60.47691
70.61528 94.57068 81.05632 x 65.73849 95.66604 66.34136 78.64106 65.13018 60.86399 88.46863 x 55.64897 91.14795 74.83831 50.05315 80.39776 56.96086 92.51581 56.69485 86.72726 83.79968 82.79481 50.42744 73.28513 50.01004 98.4704 88.25878 67.46355 71.52536 71.25523 71.79224 x 72.95085 81.60376 88.64019 59.31377 69.99748 74.51391 55.49982 85.42787 75.18784 76.15585 95.6324 71.46462 65.22213 87.0789 83.09614 58.29534 63.24925
72.59063 70.57721 78.60769 72.88591 59.94779 79.81889 94.12144 78.46053 72.90534 57.13936 72.65676 55.64897 x 51.68551 61.35592 86.49163 50.75057 83.37668 93.86929 91.98942 64.13253 90.49722 71.67719 74.18287 x 69.38066 54.84591 76.44416 57.57958 80.72896 90.48861 52.35487 62.56588 85.76411 62.20518 54.77047 80.57694 76.17252 59.89354 x x 67.29465 x 68.14909 80.80511 98.87441 88.02973 62.74531 72.11729 56.11659
64.92264 67.32491 96.95324 58.69725 76.28551 79.70968 57.88451 84.7107 88.81983 61.21659 60.12353 91.14795 51.68551 x 74.59521 53.14683 97.97154 50.97574 86.0956 84.88641 52.53926 68.70549 67.94995 64.60959 78.46191 87.01095 87.6559 93.78704 84.84581 72.35073 77.71049 90.84485 92.33183 93.37704 50.25236 79.60079 76.6654 50.76964 76.98361 68.6471 73.19937 76.68213 96.3753 91.02649 55.67729 97.33335 56.81588 71.59334 57.24504 83.2266
89.93469 65.78919 56.47703 92.44791 81.94763 93.18419 60.47258 98.54214 63.97933 68.66979 78.38029 74.83831 61.35592 74.59521 x 63.36048 98.6281 87.15451 70.42824 50.18951 63.71756 59.43444 54.50505 63.39602 92.43096 90.86026 54.89215 54.12468 65.88748 72.54578 60.34002 55.7821 71.03315 72.32445 88.80173 94.0802 89.80867 96.6241 57.57908 79.55167 75.82256 84.39738 61.16417 83.52048 68.27184 67.0693 78.02253 91.17308 68.9906 70.69417
91.46146 53.46891 73.51207 50.1138 76.40412 93.82065 56.86001 68.95729 92.93629 66.55316 53.45686 50.05315 86.49163 53.14683 63.36048 x 97.4712 81.06085 73.45583 72.39912 x 88.78914 80.00396 88.95117 90.23224 62.4771 85.38403 79.77496 78.54435 50.14384 75.716 54.96706 x 94.80306 98.75873 91.94946 60.12299 81.0162 98.15279 70.56676 55.09078 74.2488 81.38186 64.74407 90.45444 74.25511 86.71998 64.77522 83.19916 63.46941
65.80341 58.19596 96.14775 59.77483 80.34186 54.85062 53.61316 93.88022 79.72491 62.40905 93.72748 80.39776 50.75057 97.97154 98.6281 97.4712 x 80.81024 68.7525 97.80873 89.3154 60.6743 65.89904 72.84816 59.708 77.28447 97.51529 71.5916 87.67682 69.43015 91.95082 84.55757 88.5846 58.10533 62.40039 65.94252 85.13639 89.08899 78.08411 81.14143 x 53.66635 68.33865 55.53436 62.40416 86.08905 50.52784 62.07027 62.03792 51.68736
95.11873 68.21655 98.49896 54.50508 66.23679 95.22112 55.30936 89.88851 95.581 73.25723 93.6438 56.96086 83.37668 50.97574 87.15451 81.06085 80.81024 x 74.58719 55.37056 77.88031 70.86563 73.01638 53.39115 64.19392 69.51598 57.13016 67.73915 88.71132 96.99131 69.79027 69.10936 63.38046 82.94693 82.56869 50.81704 64.04327 52.68622 85.81839 58.72061 68.82581 77.26904 85.67507 77.39904 91.01376 86.40585 89.49088 65.68268 81.38532 77.55206
57.08475 60.37464 91.66966 69.48657 60.69842 61.26035 97.49982 92.36416 97.34474 78.69988 80.03926 92.51581 93.86929 86.0956 70.42824 73.45583 68.7525 74.58719 x 56.87775 61.29966 77.62652 58.53355 77.87278 60.34947 63.59092 98.21607 81.7961 83.62387 54.60969 71.46046 67.74087 92.27677 67.3697 79.70492 95.22995 73.63253 56.36208 97.69778 94.46215 81.68685 69.37331 88.77353 x 84.94461 x 95.67513 50.44338 56.50152 58.17892
x 75.85735 71.41457 54.43308 61.73799 76.30252 80.95018 97.17249 56.78857 98.6205 76.4519 56.69485 91.98942 84.88641 50.18951 72.39912 97.80873 55.37056 56.87775 x 88.7857 51.85106 73.18753 57.79356 86.6004 83.54598 50.85682 60.12474 98.44648 87.67963 88.90568 81.61928 97.16717 52.79716 52.7845 x 58.04938 85.51997 50.06759 59.76281 83.173 78.94039 60.47138 50.47027 57.98591 84.61655 91.64871 95.57201 x 69.59782
83.58832 82.29273 78.74175 95.74234 96.30816 71.85052 72.36988 88.24589 88.03276 97.21713 66.49443 86.72726 64.13253 52.53926 63.71756 x 89.3154 77.88031 61.29966 88.7857 x 80.75869 96.56606 67.84483 86.17367 88.37659 61.10716 81.6004 83.53086 90.70581 71.37477 98.43534 91.21639 56.907 70.86001 68.19588 51.79508 x 58.62593 57.23379 57.52065 52.66203 71.75467 84.13048 58.60323 72.27269 74.01484 68.64943 61.75188 63.4776
91.60687 68.84524 58.25995 84.99734 83.00876 70.66211 69.12363 75.06968 76.57256 74.10037 69.91948 83.79968 90.49722 68.70549 59.43444 88.78914 60.6743 70.86563 77.62652 51.85106 80.75869 x 85.56044 68.49585 66.97331 x 71.46892 51.6458 53.06106 66.30369 70.52217 85.85542 52.78849 57.31515 56.98222 82.73025 x 86.72452 77.87896 88.4714 59.28656 98.55331 55.08477 80.54667 71.86582 84.85863 61.11163 96.23677 88.78189 x
74.70555 94.90208 69.95216 94.39241 95.70984 55.11008 55.56538 54.19229 67.56546 83.86921 89.94575 82.79481 71.67719 67.94995 54.50505 80.00396 65.89904 73.01638 58.53355 73.18753 96.56606 85.56044 x 66.31243 97.8047 59.81352 x 70.04579 85.64944 52.8045 93.4177 56.26791 90.96291 80.00242 x 92.43142 84.18139 97.41777 x 84.70695 55.39106 73.24337 86.02707 59.23017 78.27769 97.71467 95.61624 84.28075 x 70.38836
61.29956 75.34774 60.6154 94.52419 85.56099 75.75764 89.31279 54.58953 81.12565 77.67862 95.41158 50.42744 74.18287 64.60959 63.39602 88.95117 72.84816 53.39115 77.87278 57.79356 67.84483 68.49585 66.31243 x 89.27197 69.57998 73.32821 85.88743 73.32102 58.81997 x 73.26579 55.34651 58.54268 77.16208 73.53887 78.63934 93.49285 57.18653 68.90901 64.17469 91.53913 86.30969 52.7231 52.23892 51.19848 50.84273 51.52918 69.00978 81.39611
73.10013 53.5281 63.85392 53.20328 71.95586 70.25727 93.2329 54.85811 51.32789 90.40389 84.33118 73.28513 x 78.46191 92.43096 90.23224 59.708 64.19392 60.34947 86.6004 86.17367 66.97331 97.8047 89.27197 x 64.18768 94.96334 53.01435 51.05536 78.7443 55.87719 66.3622 90.68444 75.52018 x 73.65261 90.63297 61.49387 82.72522 72.98409 54.68852 59.45755 80.48034 69.58404 66.65856 63.73607 86.25114 51.76606 61.45824 80.56288
66.64438 54.98785 89.13801 67.46635 62.00995 97.08768 60.85439 75.07629 98.88432 66.61429 76.01991 50.01004 69.38066 87.01095 90.86026 62.4771 77.28447 69.51598 63.59092 83.54598 88.37659 x 59.81352 69.57998 64.18768 x 96.51739 87.08737 97.74469 86.44886 59.63871 51.29367 51.99596 58.1136 54.89399 72.84315 68.68782 58.35147 71.45649 59.47971 93.98773 96.36341 71.94047 90.01641 83.13675 50.28279 65.0143 51.69639 x 97.11597
59.32056 97.23421 65.22405 68.23834 96.47546 64.96257 65.57911 73.38357 65.29467 73.09918 83.3775 98.4704 54.84591 87.6559 54.89215 85.38403 97.51529 57.13016 98.21607 50.85682 61.10716 71.46892 x 73.32821 94.96334 96.51739 x 66.00428 51.313 65.16383 89.64025 75.28123 67.64991 97.15936 61.63203 55.48553 56.77874 x 73.41976 58.53647 52.31847 50.93364 52.05632 84.50989 63.87939 87.2632 56.66631 52.74361 91.43416 97.30634
93.22798 73.18467 68.17813 56.15734 97.15276 54.81312 87.12404 98.19984 69.34064 88.85373 x 88.25878 76.44416 93.78704 54.12468 79.77496 71.5916 67.73915 81.7961 60.12474 81.6004 51.6458 70.04579 85.88743 53.01435 87.08737 66.00428 x 96.43366 81.45911 95.15091 85.92858 80.74843 x 67.49462 94.4938 73.83071 93.33686 51.95047 66.5209 57.02024 52.83454 67.48118 55.43743 61.24972 51.38154 66.36889 70.22323 74.74484 78.69521
93.0092 79.18695 56.87982 79.60139 74.68428 88.64968 92.69123 77.59683 87.0372 51.48516 92.84303 67.46355 57.57958 84.84581 65.88748 78.54435 87.67682 88.71132 83.62387 98.44648 83.53086 53.06106 85.64944 73.32102 51.05536 97.74469 51.313 96.43366 x 86.11023 x 69.32293 x 50.34984 58.94436 69.06435 80.89482 55.77874 90.2984 x 96.46548 94.97471 57.17385 62.42984 57.08416 72.59832 94.62086 75.93992 86.19142 74.19018
75.83428 79.31971 x 50.69998 62.36208 82.17112 93.56413 98.06884 66.53007 70.59751 59.33617 71.52536 80.72896 72.35073 72.54578 50.14384 69.43015 96.99131 54.60969 87.67963 90.70581 66.30369 52.8045 58.81997 78.7443 86.44886 65.16383 81.45911 86.11023 x 77.72884 56.63969 73.10017 66.57802 83.9289 90.27834 73.85849 68.4355 92.07796 59.63303 x 77.51272 96.19991 97.6436 72.7331 51.78713 95.93466 79.1079 85.11929 97.00085
82.11172 92.86832 56.98275 62.59486 75.76818 88.97111 91.68114 67.70138 93.83457 69.48006 97.6595 71.25523 90.48861 77.71049 60.34002 75.716 91.95082 69.79027 71.46046 88.90568 71.37477 70.52217 93.4177 x 55.87719 59.63871 89.64025 95.15091 x 77.72884 x 86.97319 73.30431 83.36786 81.49361 50.94569 53.28208 84.28129 95.40565 91.19837 51.39101 75.85341 57.38898 74.36103 78.9365 61.93854 82.05393 67.83113 98.22525 63.14112
67.75523 72.57298 55.55123 51.58152 82.8036 96.55566 94.78395 51.62027 54.31337 57.57977 88.09466 71.79224 52.35487 90.84485 55.7821 54.96706 84.55757 69.10936 67.74087 81.61928 98.43534 85.85542 56.26791 73.26579 66.3622 51.29367 75.28123 85.92858 69.32293 56.63969 86.97319 x 60.96843 77.8544 89.13741 89.20687 58.27588 62.48191 57.51032 98.12701 91.689 86.60405 67.1278 90.12996 52.49034 98.68111 66.07678 79.13291 50.01501 80.09059
75.3858 89.3574 58.90615 77.67878 62.21684 74.40265 73.12998 85.46265 x 96.052 87.43484 x 62.56588 92.33183 71.03315 x 88.5846 63.38046 92.27677 97.16717 91.21639 52.78849 90.96291 55.34651 90.68444 51.99596 67.64991 80.74843 x 73.10017 73.30431 60.96843 x 91.88466 98.87369 83.26585 70.68387 74.96346 58.32386 72.00773 76.44781 82.98845 61.74576 89.38752 67.41808 64.45946 91.04269 85.40322 x 64.51937
85.37404 56.95933 60.02945 98.22218 75.39835 79.66535 83.35199 76.06476 75.25875 x 72.37396 72.95085 85.76411 93.37704 72.32445 94.80306 58.10533 82.94693 67.3697 52.79716 56.907 57.31515 80.00242 58.54268 75.52018 58.1136 97.15936 x 50.34984 66.57802 83.36786 77.8544 91.88466 x 84.30363 86.81334 x 56.49299 70.98734 83.05211 62.84252 75.13278 79.93447 77.97699 65.82988 69.44444 73.87174 98.81734 98.44474 52.17929
75.69942 x 68.51602 77.63729 x 85.69168 60.88561 78.01334 92.27519 82.77432 90.48063 81.60376 62.20518 50.25236 88.80173 98.75873 62.40039 82.56869 79.70492 52.7845 70.86001 56.98222 x 77.16208 x 54.89399 61.63203 67.49462 58.94436 83.9289 81.49361 89.13741 98.87369 84.30363 x 72.94218 73.37707 97.52089 73.97489 50.08172 91.07359 66.62775 68.4963 74.13181 73.87632 56.27452 94.34296 98.455 95.07196 91.9748
52.7231 66.78922 74.66593 80.857 83.48641 51.16768 54.24241 53.48238 96.80893 83.86559 81.03118 88.64019 54.77047 79.60079 94.0802 91.94946 65.94252 50.81704 95.22995 x 68.19588 82.73025 92.43142 73.53887 73.65261 72.84315 55.48553 94.4938 69.06435 90.27834 50.94569 89.20687 83.26585 86.81334 72.94218 x 53.4765 78.62833 94.33083 79.06378 75.64471 67.93342 69.10197 50.2172 92.37526 69.95908 93.64301 x 87.54226 94.42931
55.14853 79.94847 97.33553 94.81941 75.35148 65.52261 70.19934 69.81079 50.37088 67.39172 64.94899 59.31377 80.57694 76.6654 89.80867 60.12299 85.13639 64.04327 73.63253 58.04938 51.79508 x 84.18139 78.63934 90.63297 68.68782 56.77874 73.83071 80.89482 73.85849 53.28208 58.27588 70.68387 x 73.37707 53.4765 x 79.22955 97.04991 80.51722 66.91756 81.52425 67.42633 65.11862 88.34851 79.57755 67.50802 87.96824 67.1305 62.17167
84.19563 70.56841 x x 84.28516 64.70289 69.04777 75.98493 72.64551 75.17881 90.64489 69.99748 76.17252 50.76964 96.6241 81.0162 89.08899 52.68622 56.36208 85.51997 x 86.72452 97.41777 93.49285 61.49387 58.35147 x 93.33686 55.77874 68.4355 84.28129 62.48191 74.96346 56.49299 97.52089 78.62833 79.22955 x 75.45726 82.78379 64.93464 66.30796 78.05382 82.61262 84.07873 82.5724 64.1237 59.00671 67.72808 88.83741
81.63039 68.38131 72.31549 84.80968 76.27581 75.8271 69.63016 58.8506 75.82162 x 76.3035 74.51391 59.89354 76.98361 57.57908 98.15279 78.08411 85.81839 97.69778 50.06759 58.62593 77.87896 x 57.18653 82.72522 71.45649 73.41976 51.95047 90.2984 92.07796 95.40565 57.51032 58.32386 70.98734 73.97489 94.33083 97.04991 75.45726 x 97.71209 85.02285 x 55.64025 82.27027 70.76819 82.31957 97.31572 78.73564 89.4119 92.96773
93.24229 92.4707 96.53609 91.13652 55.76143 62.16735 51.82238 98.57935 61.96574 x 65.70362 55.49982 x 68.6471 79.55167 70.56676 81.14143 58.72061 94.46215 59.76281 57.23379 88.4714 84.70695 68.90901 72.98409 59.47971 58.53647 66.5209 x 59.63303 91.19837 98.12701 72.00773 83.05211 50.08172 79.06378 80.51722 82.78379 97.71209 x 52.9706 65.61991 90.72183 82.03757 91.73468 87.82877 65.51277 51.97396 61.61137 51.01046
83.15539 79.18084 56.55784 79.85968 x 68.27345 61.60804 70.04219 60.95854 81.52977 92.97914 85.42787 x 73.19937 75.82256 55.09078 x 68.82581 81.68685 83.173 57.52065 59.28656 55.39106 64.17469 54.68852 93.98773 52.31847 57.02024 96.46548 x 51.39101 91.689 76.44781 62.84252 91.07359 75.64471 66.91756 64.93464 85.02285 52.9706 x 66.79956 51.50004 98.51266 96.46079 69.17521 62.12878 69.83955 83.60104 56.26554
x 89.46342 57.30946 87.82965 82.16622 78.41328 x 55.17408 86.18136 52.12949 94.08036 75.18784 67.29465 76.68213 84.39738 74.2488 53.66635 77.26904 69.37331 78.94039 52.66203 98.55331 73.24337 91.53913 59.45755 96.36341 50.93364 52.83454 94.97471 77.51272 75.85341 86.60405 82.98845 75.13278 66.62775 67.93342 81.52425 66.30796 x 65.61991 66.79956 x x 63.57868 54.93303 68.88719 84.32175 57.61112 83.84771 72.13005
66.02 x 90.46723 63.37923 73.94505 52.2487 72.08988 x 73.38896 63.82204 63.40381 76.15585 x 96.3753 61.16417 81.38186 68.33865 85.67507 88.77353 60.47138 71.75467 55.08477 86.02707 86.30969 80.48034 71.94047 52.05632 67.48118 57.17385 96.19991 57.38898 67.1278 61.74576 79.93447 68.4963 69.10197 67.42633 78.05382 55.64025 90.72183 51.50004 x x 83.19273 68.63875 86.87038 90.06072 76.67635 84.28814 74.90592
71.0953 77.42566 83.53332 65.8644 91.20305 52.87827 59.21286 96.40764 85.77878 77.38602 69.12902 95.6324 68.14909 91.02649 83.52048 64.74407 55.53436 77.39904 x 50.47027 84.13048 80.54667 59.23017 52.7231 69.58404 90.01641 84.50989 55.43743 62.42984 97.6436 74.36103 90.12996 89.38752 77.97699 74.13181 50.2172 65.11862 82.61262 82.27027 82.03757 98.51266 63.57868 83.19273 x 69.70263 97.46353 60.22585 82.25051 54.36565 91.47003
59.55382 80.86292 91.61449 66.44978 61.30715 79.49627 60.69008 61.67206 96.17466 90.40863 67.00805 71.46462 80.80511 55.67729 68.27184 90.45444 62.40416 91.01376 84.94461 57.98591 58.60323 71.86582 78.27769 52.23892 66.65856 83.13675 63.87939 61.24972 57.08416 72.7331 78.9365 52.49034 67.41808 65.82988 73.87632 92.37526 88.34851 84.07873 70.76819 91.73468 96.46079 54.93303 68.63875 69.70263 x 54.30853 86.386 66.55598 95.77923 79.60941
93.04589 65.6966 75.66861 73.21571 53.33102 79.24339 78.31554 x 71.00205 95.72935 60.66391 65.22213 98.87441 97.33335 67.0693 74.25511 86.08905 86.40585 x 84.61655 72.27269 84.85863 97.71467 51.19848 63.73607 50.28279 87.2632 51.38154 72.59832 51.78713 61.93854 98.68111 64.45946 69.44444 56.27452 69.95908 79.57755 82.5724 82.31957 87.82877 69.17521 68.88719 86.87038 97.46353 54.30853 x 64.4145 79.85664 50.77819 94.28094
96.27311 54.35233 71.60231 74.23981 x 85.93064 52.43775 83.49757 63.33855 93.8668 55.63134 87.0789 88.02973 56.81588 78.02253 86.71998 50.52784 89.49088 95.67513 91.64871 74.01484 61.11163 95.61624 50.84273 86.25114 65.0143 56.66631 66.36889 94.62086 95.93466 82.05393 66.07678 91.04269 73.87174 94.34296 93.64301 67.50802 64.1237 97.31572 65.51277 62.12878 84.32175 90.06072 60.22585 86.386 64.4145 x 79.26741 83.72624 x
77.80062 56.06817 65.53476 64.397 88.22442 55.93537 65.9251 66.56833 x 73.86526 86.87866 83.09614 62.74531 71.59334 91.17308 64.77522 62.07027 65.68268 50.44338 95.57201 68.64943 96.23677 84.28075 51.52918 51.76606 51.69639 52.74361 70.22323 75.93992 79.1079 67.83113 79.13291 85.40322 98.81734 98.455 x 87.96824 59.00671 78.73564 51.97396 69.83955 57.61112 76.67635 82.25051 66.55598 79.85664 79.26741 x 53.68112 62.8758
70.56736 94.98182 66.32143 x 66.38579 61.21208 61.21084 62.23162 87.07258 84.88197 62.12871 58.29534 72.11729 57.24504 68.9906 83.19916 62.03792 81.38532 56.50152 x 61.75188 88.78189 x 69.00978 61.45824 x 91.43416 74.74484 86.19142 85.11929 98.22525 50.01501 x 98.44474 95.07196 87.54226 67.1305 67.72808 89.4119 61.61137 83.60104 83.84771 84.28814 54.36565 95.77923 50.77819 83.72624 53.68112 x 64.93478
64.75427 78.27174 65.62494 63.56563 69.83232 70.89543 52.31 52.76896 64.00794 58.86433 60.47691 63.24925 56.11659 83.2266 70.69417 63.46941 51.68736 77.55206 58.17892 69.59782 63.4776 x 70.38836 81.39611 80.56288 97.11597 97.30634 78.69521 74.19018 97.00085 63.14112 80.09059 64.51937 52.17929 91.9748 94.42931 62.17167 88.83741 92.96773 51.01046 56.26554 72.13005 74.90592 91.47003 79.60941 94.28094 x 62.8758 64.93478 x