50
25
0 1 2 3 4 5 6 7 8 9 10 11 12 13 14 15 16 17 18 19 20 21 22 23 24 25 26 27 28 29 30 31 32 33 34 35 36 37 38 39 40 41 42 43 44 45 46 47 48 49
11 10 33 35 31 2 17 47 7 49 36 25 3 32 5 6 4 23 20 27 1 18 12 22 45
0
x 73.36456 83.57942 73.82024 94.20525 70.56542 71.33504 67.20464 93.65108 87.94625 86.00783 74.64199 x 80.38465 63.50793 80.0251 63.22886 77.07099 59.76697 71.12555 96.41514 85.44951 56.54189 88.1334 74.34652 86.10556 67.20339 81.09611 56.48103 75.61362 84.95713 73.63786 64.97137 87.93178 68.65153 x 67.97954 89.74624 93.57132 84.39427 60.87655 88.91912 66.64741 92.33134 96.4098 x 61.29539 85.20599 50.19092 53.22922
73.36456 x 91.27187 58.57431 70.86063 75.45465 x 74.13357 69.99511 90.75766 58.75588 92.43825 76.59374 91.87823 71.66103 59.56322 67.11064 66.32508 80.52707 x 52.3272 59.81827 87.77782 88.39143 91.06967 90.73357 94.29162 91.64302 65.38455 62.99398 61.3867 67.61873 58.23582 78.28347 93.17606 61.16388 63.88064 78.40191 84.12067 60.21706 87.76882 67.51846 82.80767 54.67098 83.15846 79.23706 90.95485 53.34178 65.28886 59.84445
83.57942 91.27187 x 74.34395 98.22062 84.79339 76.54817 x 77.77743 59.42462 66.66115 x 70.38477 79.75364 77.11685 95.95299 83.80465 73.72733 75.77898 57.57273 96.57096 83.32546 53.28929 51.84934 57.55099 61.64247 56.81242 58.50889 92.48997 95.17564 x 54.63349 68.74379 79.42187 96.81757 x 64.90798 86.7556 70.40014 59.52519 68.46331 50.02875 58.12791 70.76002 81.28166 97.72714 63.61507 96.68228 65.01675 54.47836
73.82024 58.57431 74.34395 x 61.60602 82.68504 93.29335 90.83338 96.73343 53.06288 67.81853 58.25545 64.61629 87.02069 56.12699 87.25877 53.49067 67.78756 71.85578 54.52554 76.36217 56.363 55.03632 66.40579 x 56.00981 83.40034 87.52269 97.16306 60.546 68.87871 81.18639 x 76.68768 74.2676 81.35526 56.96646 76.52401 75.41685 96.91712 62.71331 85.33768 95.26223 76.1148 74.43196 79.3745 93.55194 85.00714 52.72021 69.65067
94.20525 70.86063 98.22062 61.60602 x 85.53382 91.65846 76.2092 69.76508 66.32354 75.57516 96.00407 64.42339 79.06705 78.90363 87.43397 x 93.65389 52.22833 85.22999 78.76441 82.78397 98.16712 98.90265 80.59941 89.16912 60.13423 91.18036 69.27206 x 52.5037 74.82931 86.20669 87.84991 98.53797 91.40499 59.25781 79.26413 53.56662 82.2622 89.68109 90.83665 96.9713 85.6801 87.8499 68.55255 88.09046 65.43969 59.03719 83.06313
70.56542 75.45465 84.79339 82.68504 85.53382 x 71.40493 56.54249 51.86095 81.05109 85.79947 58.33617 63.85269 90.29216 78.73463 74.52325 83.52674 55.08364 87.26736 69.79571 57.17536 86.49607 x 66.92893 55.89742 91.36974 77.99618 50.92703 63.60417 70.46812 97.26165 50.96047 x 63.36254 61.92138 57.18377 x 82.26252 97.78304 97.7355 85.02489 60.66888 88.85044 64.22537 68.05162 60.94265 65.66694 60.46462 73.24873 89.83213
71.33504 x 76.54817 93.29335 91.65846 71.40493 x 68.97017 76.72147 85.48784 x 96.51219 90.6375 59.68728 73.41454 70.63808 51.87105 51.98412 85.82563 78.85214 96.02837 87.29872 97.08264 92.32932 94.9581 72.43769 94.91336 93.14791 60.71819 91.66535 65.9401 57.54489 81.6907 x 57.00626 88.46595 79.71838 87.86299 x 95.17462 86.4877 90.86889 54.18023 52.7215 52.31703 75.18839 62.285 67.89111 96.82894 81.68231
67.20464 74.13357 x 90.83338 76.2092 56.54249 68.97017 x 83.88031 71.87534 52.86333 60.39979 60.98088 x 52.09744 60.12523 60.39532 97.74067 66.2199 54.72617 66.19578 69.7451 93.49797 66.5754 50.88453 60.01299 83.453 58.60243 93.73442 62.77318 62.02694 89.28174 63.97269 93.13178 82.66391 61.65298 61.18125 62.22333 82.04303 65.11344 50.0337 78.60988 91.52949 83.73091 51.90781 56.93226 89.92575 86.08139 68.6716 69.61586
93.65108 69.99511 77.77743 96.73343 69.76508 51.86095 76.72147 83.88031 x x 56.18111 97.47483 62.5213 98.84949 57.01312 67.92595 85.38163 x 74.78739 94.21206 78.55804 52.56574 72.32018 76.55255 98.3601 x 82.72376 88.57286 96.51775 97.60437 92.03796 69.89851 62.45614 60.6284 59.80027 74.45683 59.22058 50.55659 82.64451 97.37698 68.45011 77.39911 66.67365 76.32281 59.76369 92.78659 57.4613 66.41536 70.06938 92.49266
87.94625 90.75766 59.42462 53.06288 66.32354 81.05109 85.48784 71.87534 x x 71.6363 89.55243 77.80418 79.79743 88.95034 93.53534 93.89334 61.74345 50.04247 85.89649 68.1566 x 81.66457 58.22023 54.81993 89.94219 89.86018 81.19733 75.43919 64.3618 69.00407 63.61012 68.80775 75.68341 70.18174 50.76404 83.18925 98.4904 94.11953 x 82.02298 92.13486 93.10819 98.69465 94.07783 59.36402 89.29985 57.10501 80.1372 93.31537
86.00783 58.75588 66.66115 67.81853 75.57516 85.79947 x 52.86333 56.18111 71.6363 x 74.27885 63.2144 64.217 83.89759 57.72557 80.56825 90.09778 96.24019 76.55426 67.83812 93.71201 58.17861 88.26184 60.38881 54.1394 63.09085 50.55952 83.03799 95.40098 90.63852 86.96835 66.15742 59.28256 58.56588 97.34405 88.20489 61.17604 97.74265 50.7648 77.245 60.04746 91.03054 78.81942 96.56803 96.25406 55.09734 66.10681 52.84498 91.22578
74.64199 92.43825 x 58.25545 96.00407 58.33617 96.51219 60.39979 97.47483 89.55243 74.27885 x 90.12548 63.70708 95.45547 70.75944 68.09304 97.06254 66.04066 96.24929 50.06383 98.89509 55.55047 93.40359 95.61705 54.81122 72.91875 74.00628 90.99463 98.51325 67.09917 63.37059 62.14323 61.14071 88.69327 53.9646 55.04888 78.1463 94.16329 77.52756 x 70.99176 82.89368 77.82821 76.94588 89.08776 71.87468 69.29977 80.30736 84.52197
x 76.59374 70.38477 64.61629 64.42339 63.85269 90.6375 60.98088 62.5213 77.80418 63.2144 90.12548 x 51.59809 93.5469 55.12557 80.6769 60.277 94.90692 93.94935 67.41602 88.20139 66.81719 71.49562 88.9415 79.0312 75.24695 93.37322 75.60308 62.35689 84.2902 75.76034 63.19313 50.15841 58.82848 80.74521 55.44984 58.3159 50.9598 55.41732 87.06262 84.18 83.13542 89.10812 82.94327 82.47439 58.56045 60.06339 x x
80.38465 91.87823 79.75364 87.02069 79.06705 90.29216 59.68728 x 98.84949 79.79743 64.217 63.70708 51.59809 x 98.8456 72.2666 57.7292 70.9398 77.60845 73.89965 85.85009 52.94622 92.72597 69.77797 81.8033 94.51393 94.29284 82.53571 68.08993 62.38147 51.96247 59.10865 50.88961 90.17492 95.64427 69.65057 71.75279 57.93869 x 65.54732 75.74426 58.4269 58.1596 x 73.50778 66.7941 x 96.80513 72.08003 93.76407
63.50793 71.66103 77.11685 56.12699 78.90363 78.73463 73.41454 52.09744 57.01312 88.95034 83.89759 95.45547 93.5469 98.8456 x 87.29084 86.52743 82.16283 85.47858 79.34155 76.38189 65.83102 51.89419 54.51815 98.15201 91.11685 79.86391 54.45723 59.53441 79.25311 89.14803 72.26018 67.04152 71.24519 85.90284 83.67538 76.81571 68.09502 69.48255 92.22594 77.45855 x 54.73782 70.65544 86.9547 88.85498 96.78847 55.3065 x 92.68036
80.0251 59.56322 95.95299 87.25877 87.43397 74.52325 70.63808 60.12523 67.92595 93.53534 57.72557 70.75944 55.12557 72.2666 87.29084 x 85.17072 97.73017 75.37435 94.30292 58.16243 72.1578 77.27347 80.41818 x 98.15047 97.61661 84.91028 55.92476 x 87.45366 95.26795 77.65526 62.96486 88.0034 82.52913 95.73854 87.05615 73.57677 78.82368 98.24984 81.88696 54.24788 89.96853 56.53624 93.75029 81.50786 61.68212 55.14576 79.63058
63.22886 67.11064 83.80465 53.49067 x 83.52674 51.87105 60.39532 85.38163 93.89334 80.56825 68.09304 80.6769 57.7292 86.52743 85.17072 x 68.70874 88.89088 94.19016 57.76006 89.21658 96.96063 89.73761 51.06864 71.4525 73.27423 57.50796 73.51348 97.57931 51.65967 53.18632 62.77535 64.41763 71.12772 81.88923 79.43498 98.1132 50.67122 54.24029 80.5027 98.7248 x 52.42389 88.63996 66.5482 64.12216 81.23308 55.8814 68.46339
77.07099 66.32508 73.72733 67.78756 93.65389 55.08364 51.98412 97.74067 x 61.74345 90.09778 97.06254 60.277 70.9398 82.16283 97.73017 68.70874 x 65.84173 75.92276 81.33293 70.50943 62.02455 83.38918 59.52766 79.25794 79.52536 74.88533 60.62003 70.03399 51.11763 62.97598 97.50823 67.95126 x 90.25465 82.13269 82.16213 65.59696 52.4232 x 79.87762 74.34235 96.30889 98.31536 97.07711 73.32554 70.10641 50.53353 93.58865
59.76697 80.52707 75.77898 71.85578 52.22833 87.26736 85.82563 66.2199 74.78739 50.04247 96.24019 66.04066 94.90692 77.60845 85.47858 75.37435 88.89088 65.84173 x 84.58659 95.23374 69.3143 82.95045 71.77941 52.88136 53.91179 69.32803 57.60702 54.34223 80.37014 53.43449 80.59368 73.61423 90.45944 91.50449 55.96738 86.38684 53.67699 80.00872 94.6719 69.57217 70.25309 80.99765 63.86845 72.11599 53.82266 70.05145 80.18145 85.47523 58.66723
71.12555 x 57.57273 54.52554 85.22999 69.79571 78.85214 54.72617 94.21206 85.89649 76.55426 96.24929 93.94935 73.89965 79.34155 94.30292 94.19016 75.92276 84.58659 x 80.2534 55.93026 85.36304 55.63518 92.42369 62.29395 87.75555 90.60388 57.55154 x 80.95298 94.69196 87.24902 92.86369 96.82152 94.2625 76.20281 58.69475 94.66453 86.59021 x 95.60412 60.19409 56.1775 56.6686 91.73093 79.83963 73.94499 63.13672 71.49469
96.41514 52.3272 96.57096 76.36217 78.76441 57.17536 96.02837 66.19578 78.55804 68.1566 67.83812 50.06383 67.41602 85.85009 76.38189 58.16243 57.76006 81.33293 95.23374 80.2534 x 80.23639 86.16173 71.56371 59.03122 84.90371 65.0109 73.28312 51.94776 83.8512 x 50.15593 64.5987 98.83113 60.61867 88.17851 97.90991 81.79839 55.88475 80.106 66.32294 80.63352 79.29672 63.93084 62.57128 98.46621 52.57084 66.2159 79.9888 97.82588
85.44951 59.81827 83.32546 56.363 82.78397 86.49607 87.29872 69.7451 52.56574 x 93.71201 98.89509 88.20139 52.94622 65.83102 72.1578 89.21658 70.50943 69.3143 55.93026 80.23639 x 77.88688 75.52909 x 98.59407 96.47081 57.69456 90.54155 83.09184 68.54752 82.07543 93.29715 81.42882 80.76828 85.28605 74.29151 93.54364 57.16461 74.96701 80.45245 87.67484 78.38759 79.64425 x 70.07623 58.3708 98.36413 96.1174 91.99638
56.54189 87.77782 53.28929 55.03632 98.16712 x 97.08264 93.49797 72.32018 81.66457 58.17861 55.55047 66.81719 92.72597 51.89419 77.27347 96.96063 62.02455 82.95045 85.36304 86.16173 77.88688 x 98.44427 53.80652 84.0832 92.07863 96.21145 73.48712 56.96178 97.40281 73.82372 66.85899 68.69122 76.64327 51.86832 83.1219 77.07471 60.58714 90.68022 x 79.25822 89.32521 73.88673 56.31325 53.81223 92.98656 88.11895 84.87468 51.67461
88.1334 88.39143 51.84934 66.40579 98.90265 66.92893 92.32932 66.5754 76.55255 58.22023 88.26184 93.40359 71.49562 69.77797 54.51815 80.41818 89.73761 83.38918 71.77941 55.63518 71.56371 75.52909 98.44427 x 83.14807 81.85446 72.13053 91.96588 50.43765 94.83352 84.2179 96.11289 53.21627 51.86408 60.27857 71.27495 88.55216 53.49209 62.81127 x 83.48528 95.48456 52.39316 68.59941 92.15407 68.54347 87.18597 72.66704 57.65705 84.7472
74.34652 91.06967 57.55099 x 80.59941 55.89742 94.9581 50.88453 98.3601 54.81993 60.38881 95.61705 88.9415 81.8033 98.15201 x 51.06864 59.52766 52.88136 92.42369 59.03122 x 53.80652 83.14807 x 68.89661 85.6855 86.20843 82.8821 50.75415 96.34148 52.50068 72.25146 x 97.64099 71.13491 97.75329 51.6005 95.99044 86.62951 73.94546 x 65.48031 98.92601 56.53479 59.06721 96.08384 62.56984 88.2959 92.97933
86.10556 90.73357 61.64247 56.00981 89.16912 91.36974 72.43769 60.01299 x 89.94219 54.1394 54.81122 79.0312 94.51393 91.11685 98.15047 71.4525 79.25794 53.91179 62.29395 84.90371 98.59407 84.0832 81.85446 68.89661 x 79.70171 56.80919 x 77.65958 71.43398 75.90749 56.60912 81.94929 52.31429 x x 62.87829 85.72943 98.60653 72.78092 74.29359 58.09561 90.37305 70.32442 x 65.51443 80.1555 64.31379 71.93528
67.20339 94.29162 56.81242 83.40034 60.13423 77.99618 94.91336 83.453 82.72376 89.86018 63.09085 72.91875 75.24695 94.29284 79.86391 97.61661 73.27423 79.52536 69.32803 87.75555 65.0109 96.47081 92.07863 72.13053 85.6855 79.70171 x 66.66463 65.00028 65.62868 54.29408 53.87382 75.34627 92.16275 67.7565 x 89.37263 64.52227 69.76426 69.26901 97.22394 98.96742 84.18115 86.08681 59.58476 51.49097 64.81928 53.73521 87.83471 98.40795
81.09611 91.64302 58.50889 87.52269 91.18036 50.92703 93.14791 58.60243 88.57286 81.19733 50.55952 74.00628 93.37322 82.53571 54.45723 84.91028 57.50796 74.88533 57.60702 90.60388 73.28312 57.69456 96.21145 91.96588 86.20843 56.80919 66.66463 x 82.00567 96.45232 92.32046 63.41043 63.32318 80.91574 52.57564 83.45964 78.38091 91.66858 56.21776 80.96643 62.14705 89.19083 83.02335 73.67477 71.79666 82.30737 x x 60.71966 96.84674
56.48103 65.38455 92.48997 97.16306 69.27206 63.60417 60.71819 93.73442 96.51775 75.43919 83.03799 90.99463 75.60308 68.08993 59.53441 55.92476 73.51348 60.62003 54.34223 57.55154 51.94776 90.54155 73.48712 50.43765 82.8821 x 65.00028 82.00567 x 91.80909 50.04606 75.15387 62.44162 95.44292 68.60124 87.15225 53.56022 67.76519 92.94475 87.0686 x 56.35023 82.48218 x 70.33765 51.98689 84.30019 57.2 57.71385 92.896
75.61362 62.99398 95.17564 60.546 x 70.46812 91.66535 62.77318 97.60437 64.3618 95.40098 98.51325 62.35689 62.38147 79.25311 x 97.57931 70.03399 80.37014 x 83.8512 83.09184 56.96178 94.83352 50.75415 77.65958 65.62868 96.45232 91.80909 x 70.89879 78.64334 68.92064 75.96297 75.9399 98.87521 61.41202 74.65975 86.58978 65.88543 63.28427 73.34169 53.38441 97.27532 73.1816 86.54505 56.99345 56.70913 74.24436 94.3594
84.95713 61.3867 x 68.87871 52.5037 97.26165 65.9401 62.02694 92.03796 69.00407 90.63852 67.09917 84.2902 51.96247 89.14803 87.45366 51.65967 51.11763 53.43449 80.95298 x 68.54752 97.40281 84.2179 96.34148 71.43398 54.29408 92.32046 50.04606 70.89879 x 63.24727 52.12132 72.67687 x 54.07316 84.89302 73.44651 68.11833 88.33589 86.44539 81.51467 76.79683 82.51527 56.93565 61.83471 97.47222 62.57345 66.39011 95.56953
73.63786 67.61873 54.63349 81.18639 74.82931 50.96047 57.54489 89.28174 69.89851 63.61012 86.96835 63.37059 75.76034 59.10865 72.26018 95.26795 53.18632 62.97598 80.59368 94.69196 50.15593 82.07543 73.82372 96.11289 52.50068 75.90749 53.87382 63.41043 75.15387 78.64334 63.24727 x 90.74697 93.91512 76.18751 74.13832 65.48869 57.69658 64.15089 98.31597 80.9391 70.57656 58.18896 82.66708 96.55893 90.90227 53.30885 89.78411 68.13785 71.85581
64.97137 58.23582 68.74379 x 86.20669 x 81.6907 63.97269 62.45614 68.80775 66.15742 62.14323 63.19313 50.88961 67.04152 77.65526 62.77535 97.50823 73.61423 87.24902 64.5987 93.29715 66.85899 53.21627 72.25146 56.60912 75.34627 63.32318 62.44162 68.92064 52.12132 90.74697 x 98.99539 87.31101 56.63305 81.2396 91.23468 x 67.69711 59.34051 68.79303 55.25797 59.53651 60.44766 66.21658 85.96654 91.27357 84.05468 50.46905
87.93178 78.28347 79.42187 76.68768 87.84991 63.36254 x 93.13178 60.6284 75.68341 59.28256 61.14071 50.15841 90.17492 71.24519 62.96486 64.41763 67.95126 90.45944 92.86369 98.83113 81.42882 68.69122 51.86408 x 81.94929 92.16275 80.91574 95.44292 75.96297 72.67687 93.91512 98.99539 x 97.87532 65.23223 53.76475 88.28031 71.92311 67.56429 86.48963 87.57754 89.33336 68.68013 77.63092 62.32128 67.13713 x 79.59805 60.28535
68.65153 93.17606 96.81757 74.2676 98.53797 61.92138 57.00626 82.66391 59.80027 70.18174 58.56588 88.69327 58.82848 95.64427 85.90284 88.0034 71.12772 x 91.50449 96.82152 60.61867 80.76828 76.64327 60.27857 97.64099 52.31429 67.7565 52.57564 68.60124 75.9399 x 76.18751 87.31101 97.87532 x 83.11065 56.54822 82.56933 95.23623 85.34359 98.0402 88.64437 x 58.85768 51.56936 61.06718 57.11953 52.03776 89.65122 53.15335
x 61.16388 x 81.35526 91.40499 57.18377 88.46595 61.65298 74.45683 50.76404 97.34405 53.9646 80.74521 69.65057 83.67538 82.52913 81.88923 90.25465 55.96738 94.2625 88.17851 85.28605 51.86832 71.27495 71.13491 x x 83.45964 87.15225 98.87521 54.07316 74.13832 56.63305 65.23223 83.11065 x 85.2466 91.38405 74.11552 52.78427 73.2244 71.72193 65.34054 64.4254 73.73025 81.85252 75.8899 76.17493 93.71887 93.7774
67.97954 63.88064 64.90798 56.96646 59.25781 x 79.71838 61.18125 59.22058 83.18925 88.20489 55.04888 55.44984 71.75279 76.81571 95.73854 79.43498 82.13269 86.38684 76.20281 97.90991 74.29151 83.1219 88.55216 97.75329 x 89.37263 78.38091 53.56022 61.41202 84.89302 65.48869 81.2396 53.76475 56.54822 85.2466 x 78.7708 91.42044 x 81.99349 63.0474 67.38031 88.69429 54.99509 92.35528 92.58767 69.38185 51.56894 69.34377
89.74624 78.40191 86.7556 76.52401 79.26413 82.26252 87.86299 62.22333 50.55659 98.4904 61.17604 78.1463 58.3159 57.93869 68.09502 87.05615 98.1132 82.16213 53.67699 58.69475 81.79839 93.54364 77.07471 53.49209 51.6005 62.87829 64.52227 91.66858 67.76519 74.65975 73.44651 57.69658 91.23468 88.28031 82.56933 91.38405 78.7708 x 62.80013 54.5953 54.34866 68.56989 95.24605 75.14745 78.68699 95.9895 74.90191 72.77085 62.87688 54.07611
93.57132 84.12067 70.40014 75.41685 53.56662 97.78304 x 82.04303 82.64451 94.11953 97.74265 94.16329 50.9598 x 69.48255 73.57677 50.67122 65.59696 80.00872 94.66453 55.88475 57.16461 60.58714 62.81127 95.99044 85.72943 69.76426 56.21776 92.94475 86.58978 68.11833 64.15089 x 71.92311 95.23623 74.11552 91.42044 62.80013 x 53.13139 63.34537 70.78357 87.31167 50.77812 60.66815 73.31531 58.32154 53.26086 92.36956 52.87111
84.39427 60.21706 59.52519 96.91712 82.2622 97.7355 95.17462 65.11344 97.37698 x 50.7648 77.52756 55.41732 65.54732 92.22594 78.82368 54.24029 52.4232 94.6719 86.59021 80.106 74.96701 90.68022 x 86.62951 98.60653 69.26901 80.96643 87.0686 65.88543 88.33589 98.31597 67.69711 67.56429 85.34359 52.78427 x 54.5953 53.13139 x 79.49296 x 66.84925 66.33691 82.37393 80.59511 68.90963 x 90.41575 73.72741
60.87655 87.76882 68.46331 62.71331 89.68109 85.02489 86.4877 50.0337 68.45011 82.02298 77.245 x 87.06262 75.74426 77.45855 98.24984 80.5027 x 69.57217 x 66.32294 80.45245 x 83.48528 73.94546 72.78092 97.22394 62.14705 x 63.28427 86.44539 80.9391 59.34051 86.48963 98.0402 73.2244 81.99349 54.34866 63.34537 79.49296 x 82.63454 61.39673 52.91772 78.53182 62.67627 81.12855 58.37181 50.66993 59.50676
88.91912 67.51846 50.02875 85.33768 90.83665 60.66888 90.86889 78.60988 77.39911 92.13486 60.04746 70.99176 84.18 58.4269 x 81.88696 98.7248 79.87762 70.25309 95.60412 80.63352 87.67484 79.25822 95.48456 x 74.29359 98.96742 89.19083 56.35023 73.34169 81.51467 70.57656 68.79303 87.57754 88.64437 71.72193 63.0474 68.56989 70.78357 x 82.63454 x 51.78944 67.3659 92.24898 53.66441 79.45215 67.92406 87.15392 75.65592
66.64741 82.80767 58.12791 95.26223 96.9713 88.85044 54.18023 91.52949 66.67365 93.10819 91.03054 82.89368 83.13542 58.1596 54.73782 54.24788 x 74.34235 80.99765 60.19409 79.29672 78.38759 89.32521 52.39316 65.48031 58.09561 84.18115 83.02335 82.48218 53.38441 76.79683 58.18896 55.25797 89.33336 x 65.34054 67.38031 95.24605 87.31167 66.84925 61.39673 51.78944 x 69.68092 52.38104 57.56998 94.28507 58.41152 71.4382 59.9626
92.33134 54.67098 70.76002 76.1148 85.6801 64.22537 52.7215 83.73091 76.32281 98.69465 78.81942 77.82821 89.10812 x 70.65544 89.96853 52.42389 96.30889 63.86845 56.1775 63.93084 79.64425 73.88673 68.59941 98.92601 90.37305 86.08681 73.67477 x 97.27532 82.51527 82.66708 59.53651 68.68013 58.85768 64.4254 88.69429 75.14745 50.77812 66.33691 52.91772 67.3659 69.68092 x 90.64383 52.25601 75.77557 90.01391 93.94702 92.71608
96.4098 83.15846 81.28166 74.43196 87.8499 68.05162 52.31703 51.90781 59.76369 94.07783 96.56803 76.94588 82.94327 73.50778 86.9547 56.53624 88.63996 98.31536 72.11599 56.6686 62.57128 x 56.31325 92.15407 56.53479 70.32442 59.58476 71.79666 70.33765 73.1816 56.93565 96.55893 60.44766 77.63092 51.56936 73.73025 54.99509 78.68699 60.66815 82.37393 78.53182 92.24898 52.38104 90.64383 x 98.31753 90.15032 82.18585 69.79835 65.91665
x 79.23706 97.72714 79.3745 68.55255 60.94265 75.18839 56.93226 92.78659 59.36402 96.25406 89.08776 82.47439 66.7941 88.85498 93.75029 66.5482 97.07711 53.82266 91.73093 98.46621 70.07623 53.81223 68.54347 59.06721 x 51.49097 82.30737 51.98689 86.54505 61.83471 90.90227 66.21658 62.32128 61.06718 81.85252 92.35528 95.9895 73.31531 80.59511 62.67627 53.66441 57.56998 52.25601 98.31753 x 88.66443 54.78067 92.78942 86.7987
61.29539 90.95485 63.61507 93.55194 88.09046 65.66694 62.285 89.92575 57.4613 89.29985 55.09734 71.87468 58.56045 x 96.78847 81.50786 64.12216 73.32554 70.05145 79.83963 52.57084 58.3708 92.98656 87.18597 96.08384 65.51443 64.81928 x 84.30019 56.99345 97.47222 53.30885 85.96654 67.13713 57.11953 75.8899 92.58767 74.90191 58.32154 68.90963 81.12855 79.45215 94.28507 75.77557 90.15032 88.66443 x x x 56.36083
85.20599 53.34178 96.68228 85.00714 65.43969 60.46462 67.89111 86.08139 66.41536 57.10501 66.10681 69.29977 60.06339 96.80513 55.3065 61.68212 81.23308 70.10641 80.18145 73.94499 66.2159 98.36413 88.11895 72.66704 62.56984 80.1555 53.73521 x 57.2 56.70913 62.57345 89.78411 91.27357 x 52.03776 76.17493 69.38185 72.77085 53.26086 x 58.37181 67.92406 58.41152 90.01391 82.18585 54.78067 x x 98.11591 91.02927
50.19092 65.28886 65.01675 52.72021 59.03719 73.24873 96.82894 68.6716 70.06938 80.1372 52.84498 80.30736 x 72.08003 x 55.14576 55.8814 50.53353 85.47523 63.13672 79.9888 96.1174 84.87468 57.65705 88.2959 64.31379 87.83471 60.71966 57.71385 74.24436 66.39011 68.13785 84.05468 79.59805 89.65122 93.71887 51.56894 62.87688 92.36956 90.41575 50.66993 87.15392 71.4382 93.94702 69.79835 92.78942 x 98.11591 x 68.3718
53.22922 59.84445 54.47836 69.65067 83.06313 89.83213 81.68231 69.61586 92.49266 93.31537 91.22578 84.52197 x 93.76407 92.68036 79.63058 68.46339 93.58865 58.66723 71.49469 97.82588 91.99638 51.67461 84.7472 92.97933 71.93528 98.40795 96.84674 92.896 94.3594 95.56953 71.85581 50.46905 60.28535 53.15335 93.7774 69.34377 54.07611 52.87111 73.72741 59.50676 75.65592 59.9626 92.71608 65.91665 86.7987 56.36083 91.02927 68.3718 x