50
25
0 1 2 3 4 5 6 7 8 9 10 11 12 13 14 15 16 17 18 19 20 21 22 23 24 25 26 27 28 29 30 31 32 33 34 35 36 37 38 39 40 41 42 43 44 45 46 47 48 49
5 48 10 39 17 0 49 23 13 27 11 37 29 8 7 12 20 3 43 19 22 4 6 14 35
0
x 93.15719 63.25782 75.85231 66.30797 72.07048 68.19427 86.62336 52.62339 92.50901 91.04829 73.52912 69.40391 x 63.52633 76.91403 x 91.35807 62.94414 63.91514 62.28964 67.44099 95.73951 71.08413 69.99063 74.6916 78.45973 52.7944 87.01041 70.70851 66.60232 x 57.21626 87.94856 95.3745 94.80573 80.33838 92.55225 75.34585 63.22593 68.18755 84.46784 62.39838 96.35624 x 58.62133 60.23045 x x 53.43584
93.15719 x 89.7058 74.69473 51.83928 93.61516 50.2817 93.83515 53.51385 95.79903 77.36546 62.99693 88.97007 61.28496 80.72537 79.23703 79.78524 61.93293 95.77316 95.86372 64.14162 98.07082 93.05208 67.38316 67.06409 56.72047 78.10746 74.79743 83.77558 72.17619 98.47895 x 53.85599 66.28435 62.62867 51.64752 71.98683 81.7656 88.83978 50.14842 91.57621 93.8348 83.64655 70.75114 89.99849 72.18254 74.84287 x 62.21342 59.31789
63.25782 89.7058 x 92.988 82.98831 76.72249 61.47387 83.75708 90.18787 70.72983 56.06434 88.28066 57.0755 98.26536 x 69.56262 81.85646 92.82987 82.41988 92.47436 96.85463 74.05748 82.06425 67.54874 68.20336 79.528 55.0662 68.9746 94.58229 54.44308 54.55684 90.31637 91.07836 54.96168 83.20326 91.85506 91.29266 55.71081 86.70045 90.24957 93.02716 98.35415 78.73171 57.53503 77.82084 67.2647 66.20603 84.51967 53.46973 67.81795
75.85231 74.69473 92.988 x 58.17137 95.19924 75.9579 95.30642 76.89281 68.13923 75.50451 87.73562 93.87189 90.74261 55.0189 62.826 61.94407 75.55729 92.36533 68.03912 86.07623 83.28758 74.47076 70.76714 54.4534 71.21403 53.40059 64.10108 98.00782 79.60715 96.54022 x 89.44484 86.6709 96.27432 81.95499 55.24875 83.58069 93.411 93.64053 53.66367 55.95398 82.28852 70.63637 89.6581 83.1798 x 59.8919 59.89172 77.80202
66.30797 51.83928 82.98831 58.17137 x 61.49865 89.28425 x 74.70626 98.07759 88.91554 64.50046 91.85825 69.61428 63.21761 92.066 54.22043 52.62502 69.44246 75.20036 98.67831 70.20454 73.83114 78.90881 54.89874 85.923 98.75084 71.20159 66.25911 68.82775 x 64.06512 60.15586 72.68178 59.18805 86.13469 88.9014 84.3911 83.51382 70.24645 54.49837 81.51524 55.3311 83.32173 62.2004 58.87079 97.78366 78.50358 65.66781 61.69975
72.07048 93.61516 76.72249 95.19924 61.49865 x 62.98163 91.01643 89.69286 67.35149 94.61538 59.29803 x 53.53114 94.39798 96.04259 62.89978 93.76835 81.05089 58.15211 62.01183 64.14763 89.98096 92.34476 63.67021 54.12239 62.79645 56.86805 60.51284 61.31668 60.43549 89.81005 96.95246 63.74402 52.22215 98.82932 85.52302 83.79195 71.9055 83.38018 56.42696 66.56626 85.32639 50.29183 59.13753 88.76677 84.13111 59.48961 82.48212 86.14636
68.19427 50.2817 61.47387 75.9579 89.28425 62.98163 x 87.61918 61.99155 73.01068 60.75657 x 92.12726 62.91721 75.10775 95.77208 72.08217 61.53088 75.49377 81.55648 87.54611 87.58585 90.2966 76.7903 x 56.39178 x 50.23654 65.24294 98.6887 72.71791 84.1249 66.40602 53.12348 82.999 97.69686 81.4578 93.32011 66.74677 76.83188 52.93509 91.21586 87.5506 80.60197 71.82773 67.0654 59.07939 x 69.15766 50.42958
86.62336 93.83515 83.75708 95.30642 x 91.01643 87.61918 x 79.92275 58.259 x 86.00293 75.90627 55.52544 64.14469 73.23346 52.54174 54.62791 58.20054 85.06407 79.53203 66.75225 79.49639 98.76156 98.02433 60.6376 63.1562 59.03128 66.98119 69.85382 63.59009 58.1239 79.03459 88.7425 93.5796 88.81648 72.15903 59.18859 x 67.39716 85.34283 52.16393 88.19257 79.63107 71.70976 86.08556 79.51477 60.00459 70.31378 72.99724
52.62339 53.51385 90.18787 76.89281 74.70626 89.69286 61.99155 79.92275 x 76.6324 50.32858 64.29518 75.16667 76.98543 x 98.9 65.75258 71.79259 52.88824 55.67147 62.92188 83.23489 76.8543 62.05778 55.48541 56.24529 68.82258 83.78975 89.72796 85.08309 65.93984 60.76488 66.43566 51.64805 95.93283 86.28323 85.66914 88.64345 69.81944 55.87987 79.00357 x 53.99209 62.77679 87.15753 54.06855 89.49213 80.32638 59.03397 81.58856
92.50901 95.79903 70.72983 68.13923 98.07759 67.35149 73.01068 58.259 76.6324 x 69.7087 84.74431 66.90827 75.72868 53.10987 89.81536 57.88285 66.74022 x 88.84788 67.28616 x 86.21966 70.28567 73.44942 68.6718 82.77862 95.93449 52.79134 89.3232 74.38931 86.20671 72.8308 57.58465 79.45861 51.8119 77.40696 82.2358 53.97853 58.05725 66.51743 54.50692 55.28805 69.70194 83.38017 56.58477 80.87382 72.04301 61.56714 75.8051
91.04829 77.36546 56.06434 75.50451 88.91554 94.61538 60.75657 x 50.32858 69.7087 x 69.27988 91.76372 51.99382 70.14859 50.34422 78.20127 60.76758 x 84.60391 56.28791 64.26879 68.1846 74.347 92.58681 82.93841 57.72317 84.42213 58.41469 x 65.55111 68.65016 65.07582 89.90781 77.77472 69.72425 55.37721 83.60972 x 69.97706 79.11806 62.73503 94.04097 66.5526 62.74003 72.36112 69.44521 58.26857 54.06013 90.05289
73.52912 62.99693 88.28066 87.73562 64.50046 59.29803 x 86.00293 64.29518 84.74431 69.27988 x 61.86308 53.04399 79.60934 82.40578 90.53212 59.61627 75.8943 58.74952 88.21719 71.03648 82.33225 51.25547 73.17802 84.9207 61.93661 62.42066 53.12938 60.83113 88.21323 66.7714 68.63145 91.00405 76.55734 77.85368 80.05369 84.39976 62.73886 82.17216 57.17387 61.90305 76.32833 84.69924 91.48701 84.43277 76.49565 75.12683 96.20799 x
69.40391 88.97007 57.0755 93.87189 91.85825 x 92.12726 75.90627 75.16667 66.90827 91.76372 61.86308 x 72.45563 86.04349 86.51477 78.03978 86.4714 90.18253 68.81385 90.46371 65.663 83.93653 50.99433 80.1048 90.3644 87.84972 78.57498 94.59583 58.785 61.50217 71.32726 55.4582 73.98636 74.68272 73.40905 59.0666 72.27823 81.66179 54.78008 x 68.33223 55.63661 75.04582 57.81113 85.71064 70.60239 55.29129 89.99067 74.62589
x 61.28496 98.26536 90.74261 69.61428 53.53114 62.91721 55.52544 76.98543 75.72868 51.99382 53.04399 72.45563 x 88.00586 81.11827 96.09765 59.96894 86.97313 65.57353 91.14845 93.74713 68.12362 58.91069 64.75703 59.50987 x 97.9886 98.14383 96.78835 72.92356 84.02051 50.58786 51.29168 75.67436 85.65347 92.98709 53.11967 55.46681 51.404 96.10956 81.84703 70.5843 79.34127 79.45967 65.86049 96.32052 x 98.7422 76.50573
63.52633 80.72537 x 55.0189 63.21761 94.39798 75.10775 64.14469 x 53.10987 70.14859 79.60934 86.04349 88.00586 x 88.2398 70.32616 87.01272 60.00846 80.51054 87.28708 96.38016 98.07911 92.64358 80.98424 75.17719 80.84327 67.83285 70.43137 50.55215 55.59388 52.41763 55.8071 86.6019 88.54627 51.62639 67.67096 84.61143 59.59625 89.58708 90.51086 50.62019 69.11646 57.46044 63.89991 52.36305 83.00761 97.46301 65.64347 64.90091
76.91403 79.23703 69.56262 62.826 92.066 96.04259 95.77208 73.23346 98.9 89.81536 50.34422 82.40578 86.51477 81.11827 88.2398 x 62.20136 83.06979 62.62789 73.30246 53.40486 53.11035 x 94.07958 57.32921 81.97871 86.24158 68.61538 60.013 79.47295 59.87624 76.60465 79.93213 52.85571 71.99054 x x 80.20069 93.23049 89.93929 96.16386 55.12785 53.63421 68.60572 61.9397 85.04639 94.63134 53.34738 83.42627 96.09668
x 79.78524 81.85646 61.94407 54.22043 62.89978 72.08217 52.54174 65.75258 57.88285 78.20127 90.53212 78.03978 96.09765 70.32616 62.20136 x 52.61966 81.39179 51.92917 78.96811 81.73892 65.28555 61.44648 81.10321 98.55555 88.81619 66.08012 88.45773 85.52706 91.312 86.84332 64.57208 77.18613 69.05004 64.29586 55.15436 60.03661 52.42646 69.91776 89.57277 80.41816 74.75237 51.60465 54.11135 89.99161 56.95816 x 56.76491 68.5344
91.35807 61.93293 92.82987 75.55729 52.62502 93.76835 61.53088 54.62791 71.79259 66.74022 60.76758 59.61627 86.4714 59.96894 87.01272 83.06979 52.61966 x 75.18073 84.21656 76.50147 77.2782 83.54189 51.4069 70.61397 58.76928 75.05031 82.86557 59.64088 61.53481 86.49471 65.32894 89.20852 75.43545 63.61278 75.45141 60.55302 84.04265 72.9509 78.54537 79.24337 94.94357 78.60047 82.64123 78.31962 84.46606 91.59826 67.68498 67.43745 68.42204
62.94414 95.77316 82.41988 92.36533 69.44246 81.05089 75.49377 58.20054 52.88824 x x 75.8943 90.18253 86.97313 60.00846 62.62789 81.39179 75.18073 x 52.81965 71.04668 98.61642 61.17481 92.40051 87.39203 50.88198 58.17641 87.58729 91.68617 77.43939 63.44435 74.80137 58.95479 73.38107 51.06008 61.5242 61.22296 64.5993 82.7003 75.39806 97.03347 79.25232 91.17155 80.38443 76.36016 97.4389 65.02922 85.34688 54.27085 87.49429
63.91514 95.86372 92.47436 68.03912 75.20036 58.15211 81.55648 85.06407 55.67147 88.84788 84.60391 58.74952 68.81385 65.57353 80.51054 73.30246 51.92917 84.21656 52.81965 x 66.55306 80.92519 56.06914 66.85643 69.03208 50.16524 53.70304 95.04507 70.17096 88.0871 x 67.67434 50.34636 97.53834 63.95086 90.58633 53.13969 88.05785 96.96943 58.59178 65.05238 54.33038 65.94347 72.85996 x 66.86904 93.41787 53.28243 75.03261 79.41736
62.28964 64.14162 96.85463 86.07623 98.67831 62.01183 87.54611 79.53203 62.92188 67.28616 56.28791 88.21719 90.46371 91.14845 87.28708 53.40486 78.96811 76.50147 71.04668 66.55306 x 78.11502 75.98409 87.92925 87.07898 71.61924 85.99811 82.07175 97.83004 66.61249 75.55671 92.25362 66.14874 79.5573 57.40156 58.86605 58.28113 92.15991 87.96999 67.27277 98.38256 81.82374 84.54013 53.54322 56.22467 84.93295 59.94106 82.15078 94.99271 74.03111
67.44099 98.07082 74.05748 83.28758 70.20454 64.14763 87.58585 66.75225 83.23489 x 64.26879 71.03648 65.663 93.74713 96.38016 53.11035 81.73892 77.2782 98.61642 80.92519 78.11502 x 65.49517 52.25225 90.45614 76.34362 98.57101 62.96505 x 93.00328 x 54.90146 97.73723 94.06422 63.64653 94.75087 98.50087 85.07128 65.22947 83.87546 81.904 70.08583 57.65173 68.61568 76.29333 66.24613 72.49421 62.82234 60.17222 65.91826
95.73951 93.05208 82.06425 74.47076 73.83114 89.98096 90.2966 79.49639 76.8543 86.21966 68.1846 82.33225 83.93653 68.12362 98.07911 x 65.28555 83.54189 61.17481 56.06914 75.98409 65.49517 x 58.90389 59.27608 69.36222 87.09712 69.59997 94.17925 96.17141 53.89474 x 74.37919 67.29189 90.04997 66.05433 89.23312 51.14066 59.58104 57.57689 94.66829 x 94.77923 86.46307 95.3439 97.27524 62.40592 79.81892 54.63027 77.54012
71.08413 67.38316 67.54874 70.76714 78.90881 92.34476 76.7903 98.76156 62.05778 70.28567 74.347 51.25547 50.99433 58.91069 92.64358 94.07958 61.44648 51.4069 92.40051 66.85643 87.92925 52.25225 58.90389 x x 64.73877 89.47227 54.23728 95.22853 55.63083 62.48381 92.64988 75.78884 57.25322 80.71939 75.8994 87.94158 61.84387 78.76961 x 63.34127 64.26573 x 91.99474 x 65.71408 85.09422 54.42411 71.78537 78.70374
69.99063 67.06409 68.20336 54.4534 54.89874 63.67021 x 98.02433 55.48541 73.44942 92.58681 73.17802 80.1048 64.75703 80.98424 57.32921 81.10321 70.61397 87.39203 69.03208 87.07898 90.45614 59.27608 x x 71.39945 74.79525 x 54.1921 50.38213 93.47344 68.74352 67.23057 57.93491 56.88156 72.86579 98.17774 96.33893 74.38871 70.17368 85.17707 75.99368 81.26721 76.54477 65.81329 x 64.11686 97.76295 67.76963 97.00653
74.6916 56.72047 79.528 71.21403 85.923 54.12239 56.39178 60.6376 56.24529 68.6718 82.93841 84.9207 90.3644 59.50987 75.17719 81.97871 98.55555 58.76928 50.88198 50.16524 71.61924 76.34362 69.36222 64.73877 71.39945 x 58.62138 67.1713 89.43903 88.39511 78.38192 94.4952 74.20729 74.76562 86.17647 x 70.51025 89.58767 65.20248 62.21392 96.05233 62.91175 58.03936 67.1514 51.53368 60.68305 75.4599 76.86396 88.30363 90.10239
78.45973 78.10746 55.0662 53.40059 98.75084 62.79645 x 63.1562 68.82258 82.77862 57.72317 61.93661 87.84972 x 80.84327 86.24158 88.81619 75.05031 58.17641 53.70304 85.99811 98.57101 87.09712 89.47227 74.79525 58.62138 x 52.70464 81.57889 85.47153 91.71635 61.94658 82.84933 68.58571 92.46605 67.5773 68.16927 70.04781 51.2861 82.1121 98.6817 70.49679 61.53288 71.26774 88.19722 95.91673 50.89458 98.57946 61.05015 x
52.7944 74.79743 68.9746 64.10108 71.20159 56.86805 50.23654 59.03128 83.78975 95.93449 84.42213 62.42066 78.57498 97.9886 67.83285 68.61538 66.08012 82.86557 87.58729 95.04507 82.07175 62.96505 69.59997 54.23728 x 67.1713 52.70464 x 61.73313 55.09971 81.16909 70.43748 86.99242 89.06937 97.3805 89.52886 x 69.13347 61.77784 65.83429 54.25974 56.57078 70.77387 83.35035 88.45134 97.60358 x 54.93122 62.18498 77.29069
87.01041 83.77558 94.58229 98.00782 66.25911 60.51284 65.24294 66.98119 89.72796 52.79134 58.41469 53.12938 94.59583 98.14383 70.43137 60.013 88.45773 59.64088 91.68617 70.17096 97.83004 x 94.17925 95.22853 54.1921 89.43903 81.57889 61.73313 x 54.10877 68.95286 x 89.95734 55.67628 53.62249 83.86634 54.83921 52.06085 52.90882 95.78373 94.09754 83.07542 89.47126 69.3017 70.84955 57.47426 69.5262 x 60.35972 89.10529
70.70851 72.17619 54.44308 79.60715 68.82775 61.31668 98.6887 69.85382 85.08309 89.3232 x 60.83113 58.785 96.78835 50.55215 79.47295 85.52706 61.53481 77.43939 88.0871 66.61249 93.00328 96.17141 55.63083 50.38213 88.39511 85.47153 55.09971 54.10877 x 92.82302 50.3395 50.20335 74.05985 57.32555 52.95977 54.39223 62.82338 x 53.55908 62.19292 51.82795 62.36332 59.20565 x 65.43005 97.86523 89.95959 93.41131 98.84376
66.60232 98.47895 54.55684 96.54022 x 60.43549 72.71791 63.59009 65.93984 74.38931 65.55111 88.21323 61.50217 72.92356 55.59388 59.87624 91.312 86.49471 63.44435 x 75.55671 x 53.89474 62.48381 93.47344 78.38192 91.71635 81.16909 68.95286 92.82302 x 60.3391 51.93342 65.80035 79.09613 65.21881 59.10876 96.62625 77.75114 74.22965 92.22808 66.98783 84.23992 77.2782 95.94433 82.48779 73.76246 92.11029 97.47388 78.85201
x x 90.31637 x 64.06512 89.81005 84.1249 58.1239 60.76488 86.20671 68.65016 66.7714 71.32726 84.02051 52.41763 76.60465 86.84332 65.32894 74.80137 67.67434 92.25362 54.90146 x 92.64988 68.74352 94.4952 61.94658 70.43748 x 50.3395 60.3391 x 60.76076 79.79015 72.90246 84.45941 75.84497 59.91856 52.92859 54.03242 88.47233 59.09398 64.93606 50.08257 90.8455 68.12378 96.49981 97.67902 75.94605 90.01414
57.21626 53.85599 91.07836 89.44484 60.15586 96.95246 66.40602 79.03459 66.43566 72.8308 65.07582 68.63145 55.4582 50.58786 55.8071 79.93213 64.57208 89.20852 58.95479 50.34636 66.14874 97.73723 74.37919 75.78884 67.23057 74.20729 82.84933 86.99242 89.95734 50.20335 51.93342 60.76076 x 98.45774 52.357 59.24981 81.62208 81.34559 63.41772 76.90076 82.18493 55.74744 60.49218 52.03524 70.64988 63.87456 x 62.83529 73.17622 98.50685
87.94856 66.28435 54.96168 86.6709 72.68178 63.74402 53.12348 88.7425 51.64805 57.58465 89.90781 91.00405 73.98636 51.29168 86.6019 52.85571 77.18613 75.43545 73.38107 97.53834 79.5573 94.06422 67.29189 57.25322 57.93491 74.76562 68.58571 89.06937 55.67628 74.05985 65.80035 79.79015 98.45774 x 83.78022 89.78128 50.18242 59.3047 70.7019 93.29641 88.02917 77.85341 88.56262 74.49931 79.13878 72.88444 88.82788 83.9817 64.79048 95.0529
95.3745 62.62867 83.20326 96.27432 59.18805 52.22215 82.999 93.5796 95.93283 79.45861 77.77472 76.55734 74.68272 75.67436 88.54627 71.99054 69.05004 63.61278 51.06008 63.95086 57.40156 63.64653 90.04997 80.71939 56.88156 86.17647 92.46605 97.3805 53.62249 57.32555 79.09613 72.90246 52.357 83.78022 x 54.88551 72.20271 67.03073 65.95339 87.31339 x 56.00447 97.45061 51.00351 67.06482 62.48989 71.53469 88.19991 75.31514 51.33762
94.80573 51.64752 91.85506 81.95499 86.13469 98.82932 97.69686 88.81648 86.28323 51.8119 69.72425 77.85368 73.40905 85.65347 51.62639 x 64.29586 75.45141 61.5242 90.58633 58.86605 94.75087 66.05433 75.8994 72.86579 x 67.5773 89.52886 83.86634 52.95977 65.21881 84.45941 59.24981 89.78128 54.88551 x 70.69275 73.10986 71.27167 51.87678 77.57193 65.08556 56.28674 57.68657 63.67272 60.98408 79.70388 72.88928 88.84564 85.51499
80.33838 71.98683 91.29266 55.24875 88.9014 85.52302 81.4578 72.15903 85.66914 77.40696 55.37721 80.05369 59.0666 92.98709 67.67096 x 55.15436 60.55302 61.22296 53.13969 58.28113 98.50087 89.23312 87.94158 98.17774 70.51025 68.16927 x 54.83921 54.39223 59.10876 75.84497 81.62208 50.18242 72.20271 70.69275 x 94.78542 72.08674 95.42723 58.04048 x 82.72825 92.34354 94.0877 97.20567 67.89623 74.16244 67.32743 91.7106
92.55225 81.7656 55.71081 83.58069 84.3911 83.79195 93.32011 59.18859 88.64345 82.2358 83.60972 84.39976 72.27823 53.11967 84.61143 80.20069 60.03661 84.04265 64.5993 88.05785 92.15991 85.07128 51.14066 61.84387 96.33893 89.58767 70.04781 69.13347 52.06085 62.82338 96.62625 59.91856 81.34559 59.3047 67.03073 73.10986 94.78542 x 87.52982 80.83654 90.96432 76.89912 86.45718 95.12927 85.84286 82.23391 75.314 x 92.91022 76.10523
75.34585 88.83978 86.70045 93.411 83.51382 71.9055 66.74677 x 69.81944 53.97853 x 62.73886 81.66179 55.46681 59.59625 93.23049 52.42646 72.9509 82.7003 96.96943 87.96999 65.22947 59.58104 78.76961 74.38871 65.20248 51.2861 61.77784 52.90882 x 77.75114 52.92859 63.41772 70.7019 65.95339 71.27167 72.08674 87.52982 x 85.21343 98.14826 86.39425 57.75614 83.17263 91.65615 71.36787 56.15946 85.73437 67.60615 94.18351
63.22593 50.14842 90.24957 93.64053 70.24645 83.38018 76.83188 67.39716 55.87987 58.05725 69.97706 82.17216 54.78008 51.404 89.58708 89.93929 69.91776 78.54537 75.39806 58.59178 67.27277 83.87546 57.57689 x 70.17368 62.21392 82.1121 65.83429 95.78373 53.55908 74.22965 54.03242 76.90076 93.29641 87.31339 51.87678 95.42723 80.83654 85.21343 x 71.87422 86.84003 87.84988 53.29058 80.69874 92.91881 89.62678 50.88247 93.46262 92.93041
68.18755 91.57621 93.02716 53.66367 54.49837 56.42696 52.93509 85.34283 79.00357 66.51743 79.11806 57.17387 x 96.10956 90.51086 96.16386 89.57277 79.24337 97.03347 65.05238 98.38256 81.904 94.66829 63.34127 85.17707 96.05233 98.6817 54.25974 94.09754 62.19292 92.22808 88.47233 82.18493 88.02917 x 77.57193 58.04048 90.96432 98.14826 71.87422 x 61.52748 72.53777 x 85.66046 69.27043 73.03757 81.21424 64.12989 79.21373
84.46784 93.8348 98.35415 55.95398 81.51524 66.56626 91.21586 52.16393 x 54.50692 62.73503 61.90305 68.33223 81.84703 50.62019 55.12785 80.41816 94.94357 79.25232 54.33038 81.82374 70.08583 x 64.26573 75.99368 62.91175 70.49679 56.57078 83.07542 51.82795 66.98783 59.09398 55.74744 77.85341 56.00447 65.08556 x 76.89912 86.39425 86.84003 61.52748 x 84.05159 55.73729 63.15725 x 72.80803 80.55265 95.05286 85.73107
62.39838 83.64655 78.73171 82.28852 55.3311 85.32639 87.5506 88.19257 53.99209 55.28805 94.04097 76.32833 55.63661 70.5843 69.11646 53.63421 74.75237 78.60047 91.17155 65.94347 84.54013 57.65173 94.77923 x 81.26721 58.03936 61.53288 70.77387 89.47126 62.36332 84.23992 64.93606 60.49218 88.56262 97.45061 56.28674 82.72825 86.45718 57.75614 87.84988 72.53777 84.05159 x 69.15957 92.14598 x 71.29564 62.21673 69.11364 81.80888
96.35624 70.75114 57.53503 70.63637 83.32173 50.29183 80.60197 79.63107 62.77679 69.70194 66.5526 84.69924 75.04582 79.34127 57.46044 68.60572 51.60465 82.64123 80.38443 72.85996 53.54322 68.61568 86.46307 91.99474 76.54477 67.1514 71.26774 83.35035 69.3017 59.20565 77.2782 50.08257 52.03524 74.49931 51.00351 57.68657 92.34354 95.12927 83.17263 53.29058 x 55.73729 69.15957 x 57.35341 81.76475 96.05632 84.05275 74.1803 55.03126
x 89.99849 77.82084 89.6581 62.2004 59.13753 71.82773 71.70976 87.15753 83.38017 62.74003 91.48701 57.81113 79.45967 63.89991 61.9397 54.11135 78.31962 76.36016 x 56.22467 76.29333 95.3439 x 65.81329 51.53368 88.19722 88.45134 70.84955 x 95.94433 90.8455 70.64988 79.13878 67.06482 63.67272 94.0877 85.84286 91.65615 80.69874 85.66046 63.15725 92.14598 57.35341 x 53.51297 50.46227 56.44155 53.67179 61.01239
58.62133 72.18254 67.2647 83.1798 58.87079 88.76677 67.0654 86.08556 54.06855 56.58477 72.36112 84.43277 85.71064 65.86049 52.36305 85.04639 89.99161 84.46606 97.4389 66.86904 84.93295 66.24613 97.27524 65.71408 x 60.68305 95.91673 97.60358 57.47426 65.43005 82.48779 68.12378 63.87456 72.88444 62.48989 60.98408 97.20567 82.23391 71.36787 92.91881 69.27043 x x 81.76475 53.51297 x 57.79599 92.75274 66.31885 66.61587
60.23045 74.84287 66.20603 x 97.78366 84.13111 59.07939 79.51477 89.49213 80.87382 69.44521 76.49565 70.60239 96.32052 83.00761 94.63134 56.95816 91.59826 65.02922 93.41787 59.94106 72.49421 62.40592 85.09422 64.11686 75.4599 50.89458 x 69.5262 97.86523 73.76246 96.49981 x 88.82788 71.53469 79.70388 67.89623 75.314 56.15946 89.62678 73.03757 72.80803 71.29564 96.05632 50.46227 57.79599 x 51.07298 55.04577 94.20187
x x 84.51967 59.8919 78.50358 59.48961 x 60.00459 80.32638 72.04301 58.26857 75.12683 55.29129 x 97.46301 53.34738 x 67.68498 85.34688 53.28243 82.15078 62.82234 79.81892 54.42411 97.76295 76.86396 98.57946 54.93122 x 89.95959 92.11029 97.67902 62.83529 83.9817 88.19991 72.88928 74.16244 x 85.73437 50.88247 81.21424 80.55265 62.21673 84.05275 56.44155 92.75274 51.07298 x 61.06623 69.83888
x 62.21342 53.46973 59.89172 65.66781 82.48212 69.15766 70.31378 59.03397 61.56714 54.06013 96.20799 89.99067 98.7422 65.64347 83.42627 56.76491 67.43745 54.27085 75.03261 94.99271 60.17222 54.63027 71.78537 67.76963 88.30363 61.05015 62.18498 60.35972 93.41131 97.47388 75.94605 73.17622 64.79048 75.31514 88.84564 67.32743 92.91022 67.60615 93.46262 64.12989 95.05286 69.11364 74.1803 53.67179 66.31885 55.04577 61.06623 x 75.1893
53.43584 59.31789 67.81795 77.80202 61.69975 86.14636 50.42958 72.99724 81.58856 75.8051 90.05289 x 74.62589 76.50573 64.90091 96.09668 68.5344 68.42204 87.49429 79.41736 74.03111 65.91826 77.54012 78.70374 97.00653 90.10239 x 77.29069 89.10529 98.84376 78.85201 90.01414 98.50685 95.0529 51.33762 85.51499 91.7106 76.10523 94.18351 92.93041 79.21373 85.73107 81.80888 55.03126 61.01239 66.61587 94.20187 69.83888 75.1893 x