50
25
0 1 2 3 4 5 6 7 8 9 10 11 12 13 14 15 16 17 18 19 20 21 22 23 24 25 26 27 28 29 30 31 32 33 34 35 36 37 38 39 40 41 42 43 44 45 46 47 48 49
31 1 7 21 2 15 10 24 49 23 47 39 36 38 17 43 18 41 32 37 22 0 48 16 12
0
x x 81.31497 50.29436 57.39134 69.43476 97.01257 91.74337 86.01724 80.33155 55.94226 81.81298 63.04992 54.9507 75.39674 56.94241 x 52.1407 93.15832 52.05304 60.1795 72.57281 84.8938 60.01413 x 54.14107 68.78851 98.89 68.29099 75.57918 82.98691 73.74987 x 92.12008 66.36233 86.2282 96.95948 89.19976 62.6838 84.9185 75.62531 97.54509 59.12958 77.00971 75.3484 88.11514 69.03202 71.28733 69.79444 90.5303
x x 60.732 95.82779 69.85714 68.96887 x 86.17378 88.79199 81.23251 51.58618 73.68709 51.87904 83.65934 53.69071 79.30552 97.3795 70.2095 85.34905 92.89645 92.31754 64.8739 87.76804 x 78.65833 x 61.81662 93.30683 58.48366 63.17361 69.3089 61.49618 57.90347 80.92329 64.7038 80.19388 x 97.85825 90.93565 80.18471 83.83628 93.52031 71.56061 93.73149 72.95226 81.5235 53.12095 x 95.12394 97.30172
81.31497 60.732 x 89.20442 83.41317 92.26959 50.67156 70.75263 52.17863 97.31767 93.85187 59.06284 82.36716 94.14266 82.79631 51.97245 89.44898 76.55513 74.62126 78.67967 86.14867 60.41788 87.92302 82.37223 90.74002 88.94613 x 82.50088 65.66878 x 86.18986 62.46961 62.39757 96.87187 61.66138 73.46991 90.41211 57.90496 93.80499 96.03127 51.78754 62.88361 91.96315 x 90.24998 72.36195 94.94101 96.59254 79.08744 96.0225
50.29436 95.82779 89.20442 x 96.78358 72.1252 50.92412 52.32018 67.46724 91.33337 63.73434 76.46173 54.14491 58.18244 69.80809 68.10283 71.20189 94.48677 76.61709 78.9011 83.53882 82.36687 51.95951 54.98097 87.69371 92.04128 50.80175 61.49581 88.69884 50.63545 91.54276 53.12026 76.62545 94.51856 86.59277 59.3189 70.53587 78.3364 98.83681 57.47274 80.33514 95.11892 92.7638 63.29566 78.33507 65.25918 65.97322 50.90614 51.59267 65.38069
57.39134 69.85714 83.41317 96.78358 x 51.44173 x 96.09858 67.10924 65.06892 73.40511 80.11402 53.27397 51.21235 93.477 84.69358 60.3458 95.75635 53.05769 94.04992 68.21496 67.16146 87.23871 75.34955 82.62671 52.64726 85.92559 77.86976 66.02891 81.7901 76.86315 59.2967 80.62665 63.62369 88.24975 90.42434 68.99582 64.21634 61.406 82.06094 73.06835 83.98344 74.38501 86.00914 63.10899 74.79167 72.6087 78.07775 72.44361 94.03195
69.43476 68.96887 92.26959 72.1252 51.44173 x 66.83257 92.96553 95.84044 65.82804 67.15335 87.01986 68.36132 61.00783 73.44657 92.62996 58.35422 68.47966 69.63507 87.44544 81.49961 66.70644 65.21028 80.66802 55.70427 85.46739 x 94.82675 73.50743 98.70235 81.84437 96.78622 92.32654 91.78869 60.92817 75.69913 88.45407 66.6303 74.06557 85.193 94.45296 58.37124 60.18128 56.23569 58.87316 89.7209 69.00691 65.19998 80.24408 96.83534
97.01257 x 50.67156 50.92412 x 66.83257 x 59.96301 97.7884 89.10615 54.5001 81.46612 64.68889 95.67667 73.08171 68.88615 72.03984 89.7632 78.9823 92.39543 61.78568 87.30111 97.18903 96.26903 84.65971 92.88248 54.15391 66.5208 64.32284 x 65.59123 65.25523 89.15715 64.70965 79.59996 72.74513 98.58813 86.33595 80.4432 55.14403 93.4544 87.31833 69.58262 91.18641 53.58203 89.35053 65.98043 53.07668 75.50197 64.7845
91.74337 86.17378 70.75263 52.32018 96.09858 92.96553 59.96301 x 64.8129 68.2517 80.31885 51.6918 95.04988 50.25369 73.97831 82.04142 84.26872 52.95178 95.42466 83.42321 89.45633 53.44113 94.72522 80.72246 62.24698 97.0888 93.21202 91.34787 80.10568 x 86.70087 73.75513 58.75379 66.58162 64.20302 60.58329 94.75846 58.13396 65.20641 x 65.70199 93.40352 76.89282 52.66853 54.7229 68.85889 54.61311 70.18249 85.49591 98.75276
86.01724 88.79199 52.17863 67.46724 67.10924 95.84044 97.7884 64.8129 x 61.42389 x 91.2283 79.1928 62.80151 84.81521 78.39368 96.90308 54.82146 67.80972 60.8012 73.6461 90.81217 78.30539 73.85924 71.2117 95.07803 74.68938 78.38828 86.95973 84.14859 77.5638 90.29957 54.62957 61.62605 66.60696 63.12597 98.13694 74.73442 95.2947 63.07195 92.60834 97.81726 70.74612 55.75925 69.16218 79.60998 60.47996 63.31088 71.92585 79.20102
80.33155 81.23251 97.31767 91.33337 65.06892 65.82804 89.10615 68.2517 61.42389 x 87.03184 x 71.55466 89.06186 x 53.84222 94.64646 69.39271 82.77509 61.94682 78.3364 97.30938 72.71468 80.76001 87.69474 76.77134 70.05922 94.46043 56.67637 77.73194 86.83353 80.32524 57.67375 x 85.46986 50.0846 53.95622 57.03889 59.76113 67.44535 77.43214 67.76681 62.56886 79.66939 98.97646 69.05013 54.12878 79.67269 65.8383 87.25482
55.94226 51.58618 93.85187 63.73434 73.40511 67.15335 54.5001 80.31885 x 87.03184 x 97.99232 83.90788 51.53013 x 53.91782 83.1464 52.94344 70.19273 65.1375 51.49957 81.57827 84.30973 78.91236 91.19593 54.32686 86.06777 86.25369 62.92552 59.36683 68.77618 60.89432 70.72361 70.56879 79.0028 55.33083 62.50001 76.01806 88.95883 65.6693 52.39411 71.49121 54.71461 79.73999 55.43749 56.51335 x 68.39957 82.23194 76.36979
81.81298 73.68709 59.06284 76.46173 80.11402 87.01986 81.46612 51.6918 91.2283 x 97.99232 x 64.093 73.21759 85.76847 80.00791 68.17857 81.27256 98.56198 96.5055 54.26862 63.38775 50.9093 76.34798 x 55.17367 82.41113 69.33318 94.85451 54.70917 52.76202 56.98951 74.73984 84.91904 71.91773 93.58577 91.05959 74.01821 83.63977 76.38063 97.03919 x x 74.19711 73.997 82.54412 78.73733 54.02842 59.09821 77.93081
63.04992 51.87904 82.36716 54.14491 53.27397 68.36132 64.68889 95.04988 79.1928 71.55466 83.90788 64.093 x 71.75403 71.6099 96.79631 66.6156 88.53428 78.55199 92.58677 88.16488 77.08442 72.71877 73.1463 69.80729 77.88409 55.72836 59.34695 50.17266 x 50.97287 92.47392 64.34024 95.26572 80.78973 x x 78.45127 75.60231 62.09089 50.40799 89.30845 98.21436 85.82888 86.21946 83.31119 98.87374 95.28577 54.78427 86.91599
54.9507 83.65934 94.14266 58.18244 51.21235 61.00783 95.67667 50.25369 62.80151 89.06186 51.53013 73.21759 71.75403 x 58.19853 69.2187 68.74843 56.82338 77.78029 83.56799 82.52247 60.95195 61.53224 93.16523 78.81312 68.70933 53.79807 86.44245 59.8769 83.9902 81.33894 64.15247 55.36219 x 69.24046 91.99193 53.53673 55.74619 96.52717 51.97432 70.2415 53.87953 79.27332 58.14679 95.94905 68.78935 89.11155 57.65615 70.21859 72.5449
75.39674 53.69071 82.79631 69.80809 93.477 73.44657 73.08171 73.97831 84.81521 x x 85.76847 71.6099 58.19853 x x 64.2557 84.98403 61.29571 92.76987 80.2914 50.44527 75.16562 62.15483 62.10007 75.25541 91.04341 71.41147 53.29989 80.70631 71.06054 89.4168 96.66012 52.62031 92.26392 81.81329 91.25628 91.52892 55.17543 53.30625 74.07056 65.79593 67.46614 52.13657 62.63042 78.03401 70.21828 94.01977 92.07296 86.36596
56.94241 79.30552 51.97245 68.10283 84.69358 92.62996 68.88615 82.04142 78.39368 53.84222 53.91782 80.00791 96.79631 69.2187 x x 93.14483 53.22947 63.18776 79.13669 96.89042 89.6108 x 65.85724 53.22419 90.5635 x 86.43489 95.22626 87.22295 97.3703 95.59172 69.38566 52.07699 85.56056 56.83183 68.84222 84.72267 56.91018 79.80324 x 58.59176 62.74834 87.60071 91.06394 74.49765 84.83523 75.12204 70.01622 72.96378
x 97.3795 89.44898 71.20189 60.3458 58.35422 72.03984 84.26872 96.90308 94.64646 83.1464 68.17857 66.6156 68.74843 64.2557 93.14483 x 67.59213 83.84406 72.73908 88.81418 77.4632 56.97146 60.25995 87.38678 92.15092 68.69466 97.13281 52.91957 79.6112 94.08413 90.85186 63.09368 62.10854 66.53418 63.35923 71.10824 77.03003 64.31473 51.95777 73.15317 x 70.99357 x 91.3044 51.69832 86.92418 82.72168 65.77891 75.53395
52.1407 70.2095 76.55513 94.48677 95.75635 68.47966 89.7632 52.95178 54.82146 69.39271 52.94344 81.27256 88.53428 56.82338 84.98403 53.22947 67.59213 x 88.79558 92.80368 71.32336 55.57723 50.76529 68.38142 75.3613 54.83359 52.06752 93.04568 92.87544 91.9132 57.91104 87.17985 x 77.27637 71.42658 61.17999 56.92965 91.87914 88.06901 79.4398 98.02881 75.92783 68.97174 61.70523 x 91.37843 89.20145 66.54457 91.32492 94.92958
93.15832 85.34905 74.62126 76.61709 53.05769 69.63507 78.9823 95.42466 67.80972 82.77509 70.19273 98.56198 78.55199 77.78029 61.29571 63.18776 83.84406 88.79558 x 84.65122 50.30917 57.12823 79.28232 72.10537 58.72708 71.15963 88.8782 84.9037 x 90.38226 87.41192 x 60.83753 87.77486 78.27914 85.45835 65.43201 53.36995 51.50309 95.13044 92.07604 58.43412 85.49312 57.79121 90.44708 94.35969 61.13229 79.10932 71.05506 x
52.05304 92.89645 78.67967 78.9011 94.04992 87.44544 92.39543 83.42321 60.8012 61.94682 65.1375 96.5055 92.58677 83.56799 92.76987 79.13669 72.73908 92.80368 84.65122 x x 78.7945 76.59463 x 97.63885 85.08581 91.11161 60.83289 88.36863 93.97375 85.61991 63.87908 90.30669 85.44467 75.40213 97.68173 81.03291 57.92863 94.32165 95.37571 64.29054 79.85254 56.37756 79.99723 86.98115 96.45639 50.72485 60.36683 84.76171 50.27265
60.1795 92.31754 86.14867 83.53882 68.21496 81.49961 61.78568 89.45633 73.6461 78.3364 51.49957 54.26862 88.16488 82.52247 80.2914 96.89042 88.81418 71.32336 50.30917 x x 63.78115 77.51369 85.36628 82.47829 95.0154 90.90867 65.57251 61.38972 72.59191 77.21931 90.1792 85.19536 77.55456 77.70254 65.2001 86.33185 95.51666 56.43515 82.99951 82.5212 98.81074 80.97732 76.01166 53.60227 62.47286 59.04136 51.20047 x 54.48485
72.57281 64.8739 60.41788 82.36687 67.16146 66.70644 87.30111 53.44113 90.81217 97.30938 81.57827 63.38775 77.08442 60.95195 50.44527 89.6108 77.4632 55.57723 57.12823 78.7945 63.78115 x 70.0578 95.17422 83.79709 96.99346 x 55.95927 70.54575 89.11169 56.98409 70.22026 85.5462 74.65781 92.21789 x 97.76175 64.86305 87.96144 90.79478 92.68674 97.99994 50.93641 98.70722 68.98098 93.57113 68.55234 54.96074 55.90793 52.31085
84.8938 87.76804 87.92302 51.95951 87.23871 65.21028 97.18903 94.72522 78.30539 72.71468 84.30973 50.9093 72.71877 61.53224 75.16562 x 56.97146 50.76529 79.28232 76.59463 77.51369 70.0578 x 79.57047 83.89081 90.63144 79.82853 54.50934 89.96789 x 54.31935 66.86962 97.89128 70.37567 x 91.73217 89.194 83.14785 65.12816 64.66774 60.13901 56.73992 76.31446 87.86308 51.57414 81.64923 59.39856 74.76152 87.1707 62.25451
60.01413 x 82.37223 54.98097 75.34955 80.66802 96.26903 80.72246 73.85924 80.76001 78.91236 76.34798 73.1463 93.16523 62.15483 65.85724 60.25995 68.38142 72.10537 x 85.36628 95.17422 79.57047 x 63.45294 72.08139 96.59813 93.83374 50.1826 68.3046 71.34335 93.94965 75.15875 64.03798 91.94339 59.44749 70.29452 73.68465 62.36549 79.48195 94.5947 55.32349 55.64735 81.5898 96.8209 96.64959 57.22551 98.12537 57.60512 55.16101
x 78.65833 90.74002 87.69371 82.62671 55.70427 84.65971 62.24698 71.2117 87.69474 91.19593 x 69.80729 78.81312 62.10007 53.22419 87.38678 75.3613 58.72708 97.63885 82.47829 83.79709 83.89081 63.45294 x 94.56221 75.39313 x 67.12965 61.31554 x 51.91059 66.08626 96.91096 51.95575 59.7027 61.35491 53.13529 53.39969 54.14264 57.41557 89.351 55.47651 94.23049 52.19122 89.02753 53.50731 59.18879 58.35523 95.28302
54.14107 x 88.94613 92.04128 52.64726 85.46739 92.88248 97.0888 95.07803 76.77134 54.32686 55.17367 77.88409 68.70933 75.25541 90.5635 92.15092 54.83359 71.15963 85.08581 95.0154 96.99346 90.63144 72.08139 94.56221 x 72.01755 58.31651 73.51713 89.06451 78.56 71.30049 89.04412 93.64128 82.16445 64.7118 73.16079 69.64165 93.86645 83.96721 54.85934 83.85854 58.93954 53.99233 73.882 83.22238 92.07943 85.57548 80.28094 64.39424
68.78851 61.81662 x 50.80175 85.92559 x 54.15391 93.21202 74.68938 70.05922 86.06777 82.41113 55.72836 53.79807 91.04341 x 68.69466 52.06752 88.8782 91.11161 90.90867 x 79.82853 96.59813 75.39313 72.01755 x 93.13916 65.92888 93.94257 88.65155 75.03704 57.28201 86.40663 79.74665 52.49098 64.46874 66.18523 54.25104 73.79577 65.21753 85.1185 78.01531 87.81852 71.768 93.26824 51.92767 50.59229 x 82.33381
98.89 93.30683 82.50088 61.49581 77.86976 94.82675 66.5208 91.34787 78.38828 94.46043 86.25369 69.33318 59.34695 86.44245 71.41147 86.43489 97.13281 93.04568 84.9037 60.83289 65.57251 55.95927 54.50934 93.83374 x 58.31651 93.13916 x 85.93282 65.86431 93.10929 97.53643 90.38875 53.66533 75.06892 93.99729 77.62468 91.66815 62.99611 61.84736 54.43164 90.91945 55.2493 55.61037 75.91206 62.4841 80.13803 96.05566 83.56941 87.77504
68.29099 58.48366 65.66878 88.69884 66.02891 73.50743 64.32284 80.10568 86.95973 56.67637 62.92552 94.85451 50.17266 59.8769 53.29989 95.22626 52.91957 92.87544 x 88.36863 61.38972 70.54575 89.96789 50.1826 67.12965 73.51713 65.92888 85.93282 x 95.75489 96.6024 98.95514 60.6121 x 81.51985 78.01434 56.69422 98.1006 72.11744 74.05498 80.52172 52.49329 61.46608 83.97838 92.22266 75.70713 58.22876 66.75314 63.02658 65.45541
75.57918 63.17361 x 50.63545 81.7901 98.70235 x x 84.14859 77.73194 59.36683 54.70917 x 83.9902 80.70631 87.22295 79.6112 91.9132 90.38226 93.97375 72.59191 89.11169 x 68.3046 61.31554 89.06451 93.94257 65.86431 95.75489 x 71.57073 70.2042 79.24627 x 81.33628 66.24497 59.94045 92.18361 73.51455 88.38177 88.19643 53.07338 94.17909 92.25951 80.64287 51.77023 58.72753 78.89892 63.43793 81.60946
82.98691 69.3089 86.18986 91.54276 76.86315 81.84437 65.59123 86.70087 77.5638 86.83353 68.77618 52.76202 50.97287 81.33894 71.06054 97.3703 94.08413 57.91104 87.41192 85.61991 77.21931 56.98409 54.31935 71.34335 x 78.56 88.65155 93.10929 96.6024 71.57073 x 92.80196 93.5337 73.96308 67.57946 85.93378 64.39679 71.15798 61.39401 76.62184 75.16435 98.61325 96.82039 64.90156 87.59868 x 88.7934 75.79045 50.92437 57.38529
73.74987 61.49618 62.46961 53.12026 59.2967 96.78622 65.25523 73.75513 90.29957 80.32524 60.89432 56.98951 92.47392 64.15247 89.4168 95.59172 90.85186 87.17985 x 63.87908 90.1792 70.22026 66.86962 93.94965 51.91059 71.30049 75.03704 97.53643 98.95514 70.2042 92.80196 x 93.41005 80.13436 73.93219 56.80004 64.78773 58.33385 81.00944 86.06876 61.97123 77.11618 97.09019 x 81.36541 79.29692 54.39221 69.83563 96.58886 59.79767
x 57.90347 62.39757 76.62545 80.62665 92.32654 89.15715 58.75379 54.62957 57.67375 70.72361 74.73984 64.34024 55.36219 96.66012 69.38566 63.09368 x 60.83753 90.30669 85.19536 85.5462 97.89128 75.15875 66.08626 89.04412 57.28201 90.38875 60.6121 79.24627 93.5337 93.41005 x x 60.97991 91.71712 88.02524 54.6622 55.33057 84.69134 81.06014 96.16038 69.85533 69.3745 82.1781 x 63.57304 93.72946 71.10564 91.97338
92.12008 80.92329 96.87187 94.51856 63.62369 91.78869 64.70965 66.58162 61.62605 x 70.56879 84.91904 95.26572 x 52.62031 52.07699 62.10854 77.27637 87.77486 85.44467 77.55456 74.65781 70.37567 64.03798 96.91096 93.64128 86.40663 53.66533 x x 73.96308 80.13436 x x 51.69678 52.30956 93.71475 79.80246 87.10043 x 66.94107 88.48736 83.10184 91.47133 85.78981 65.11036 54.10492 95.5009 88.03911 87.28043
66.36233 64.7038 61.66138 86.59277 88.24975 60.92817 79.59996 64.20302 66.60696 85.46986 79.0028 71.91773 80.78973 69.24046 92.26392 85.56056 66.53418 71.42658 78.27914 75.40213 77.70254 92.21789 x 91.94339 51.95575 82.16445 79.74665 75.06892 81.51985 81.33628 67.57946 73.93219 60.97991 51.69678 x 80.81561 70.86277 70.75197 83.57943 87.41796 95.29867 77.59331 x 81.32365 52.63024 89.90084 68.57757 70.23403 56.03031 97.05198
86.2282 80.19388 73.46991 59.3189 90.42434 75.69913 72.74513 60.58329 63.12597 50.0846 55.33083 93.58577 x 91.99193 81.81329 56.83183 63.35923 61.17999 85.45835 97.68173 65.2001 x 91.73217 59.44749 59.7027 64.7118 52.49098 93.99729 78.01434 66.24497 85.93378 56.80004 91.71712 52.30956 80.81561 x 87.94744 78.56357 84.72096 63.58742 92.32044 61.33373 50.78477 67.2287 50.35802 66.32459 83.10695 61.52317 92.80362 51.36203
96.95948 x 90.41211 70.53587 68.99582 88.45407 98.58813 94.75846 98.13694 53.95622 62.50001 91.05959 x 53.53673 91.25628 68.84222 71.10824 56.92965 65.43201 81.03291 86.33185 97.76175 89.194 70.29452 61.35491 73.16079 64.46874 77.62468 56.69422 59.94045 64.39679 64.78773 88.02524 93.71475 70.86277 87.94744 x 96.79685 56.17628 55.91022 57.01639 90.10626 88.14213 65.39004 74.62766 83.51691 50.17717 79.40243 77.06234 61.24553
89.19976 97.85825 57.90496 78.3364 64.21634 66.6303 86.33595 58.13396 74.73442 57.03889 76.01806 74.01821 78.45127 55.74619 91.52892 84.72267 77.03003 91.87914 53.36995 57.92863 95.51666 64.86305 83.14785 73.68465 53.13529 69.64165 66.18523 91.66815 98.1006 92.18361 71.15798 58.33385 54.6622 79.80246 70.75197 78.56357 96.79685 x 65.62032 55.00114 74.46031 76.18827 52.44707 90.18083 97.36235 86.96945 83.13466 78.82204 62.79449 51.34541
62.6838 90.93565 93.80499 98.83681 61.406 74.06557 80.4432 65.20641 95.2947 59.76113 88.95883 83.63977 75.60231 96.52717 55.17543 56.91018 64.31473 88.06901 51.50309 94.32165 56.43515 87.96144 65.12816 62.36549 53.39969 93.86645 54.25104 62.99611 72.11744 73.51455 61.39401 81.00944 55.33057 87.10043 83.57943 84.72096 56.17628 65.62032 x 80.21132 52.49041 91.44882 x 50.03303 58.13119 97.59752 95.31039 58.39223 51.14415 89.3428
84.9185 80.18471 96.03127 57.47274 82.06094 85.193 55.14403 x 63.07195 67.44535 65.6693 76.38063 62.09089 51.97432 53.30625 79.80324 51.95777 79.4398 95.13044 95.37571 82.99951 90.79478 64.66774 79.48195 54.14264 83.96721 73.79577 61.84736 74.05498 88.38177 76.62184 86.06876 84.69134 x 87.41796 63.58742 55.91022 55.00114 80.21132 x 53.64871 70.9446 93.98652 69.09092 76.33018 95.72196 50.52465 72.6225 98.00224 78.61064
75.62531 83.83628 51.78754 80.33514 73.06835 94.45296 93.4544 65.70199 92.60834 77.43214 52.39411 97.03919 50.40799 70.2415 74.07056 x 73.15317 98.02881 92.07604 64.29054 82.5212 92.68674 60.13901 94.5947 57.41557 54.85934 65.21753 54.43164 80.52172 88.19643 75.16435 61.97123 81.06014 66.94107 95.29867 92.32044 57.01639 74.46031 52.49041 53.64871 x 54.04756 86.64083 98.18136 89.3869 67.41493 71.29195 89.02999 60.75395 91.86347
97.54509 93.52031 62.88361 95.11892 83.98344 58.37124 87.31833 93.40352 97.81726 67.76681 71.49121 x 89.30845 53.87953 65.79593 58.59176 x 75.92783 58.43412 79.85254 98.81074 97.99994 56.73992 55.32349 89.351 83.85854 85.1185 90.91945 52.49329 53.07338 98.61325 77.11618 96.16038 88.48736 77.59331 61.33373 90.10626 76.18827 91.44882 70.9446 54.04756 x x 89.07621 x 89.85471 58.79679 50.72801 88.91529 80.19024
59.12958 71.56061 91.96315 92.7638 74.38501 60.18128 69.58262 76.89282 70.74612 62.56886 54.71461 x 98.21436 79.27332 67.46614 62.74834 70.99357 68.97174 85.49312 56.37756 80.97732 50.93641 76.31446 55.64735 55.47651 58.93954 78.01531 55.2493 61.46608 94.17909 96.82039 97.09019 69.85533 83.10184 x 50.78477 88.14213 52.44707 x 93.98652 86.64083 x x 54.9439 94.16952 89.69013 82.59058 83.52009 52.14151 68.197
77.00971 93.73149 x 63.29566 86.00914 56.23569 91.18641 52.66853 55.75925 79.66939 79.73999 74.19711 85.82888 58.14679 52.13657 87.60071 x 61.70523 57.79121 79.99723 76.01166 98.70722 87.86308 81.5898 94.23049 53.99233 87.81852 55.61037 83.97838 92.25951 64.90156 x 69.3745 91.47133 81.32365 67.2287 65.39004 90.18083 50.03303 69.09092 98.18136 89.07621 54.9439 x 91.10846 56.75366 52.14586 67.79266 88.34306 55.25774
75.3484 72.95226 90.24998 78.33507 63.10899 58.87316 53.58203 54.7229 69.16218 98.97646 55.43749 73.997 86.21946 95.94905 62.63042 91.06394 91.3044 x 90.44708 86.98115 53.60227 68.98098 51.57414 96.8209 52.19122 73.882 71.768 75.91206 92.22266 80.64287 87.59868 81.36541 82.1781 85.78981 52.63024 50.35802 74.62766 97.36235 58.13119 76.33018 89.3869 x 94.16952 91.10846 x 73.68544 97.46608 98.52819 79.89434 59.7466
88.11514 81.5235 72.36195 65.25918 74.79167 89.7209 89.35053 68.85889 79.60998 69.05013 56.51335 82.54412 83.31119 68.78935 78.03401 74.49765 51.69832 91.37843 94.35969 96.45639 62.47286 93.57113 81.64923 96.64959 89.02753 83.22238 93.26824 62.4841 75.70713 51.77023 x 79.29692 x 65.11036 89.90084 66.32459 83.51691 86.96945 97.59752 95.72196 67.41493 89.85471 89.69013 56.75366 73.68544 x 93.06053 86.56757 50.60697 58.69531
69.03202 53.12095 94.94101 65.97322 72.6087 69.00691 65.98043 54.61311 60.47996 54.12878 x 78.73733 98.87374 89.11155 70.21828 84.83523 86.92418 89.20145 61.13229 50.72485 59.04136 68.55234 59.39856 57.22551 53.50731 92.07943 51.92767 80.13803 58.22876 58.72753 88.7934 54.39221 63.57304 54.10492 68.57757 83.10695 50.17717 83.13466 95.31039 50.52465 71.29195 58.79679 82.59058 52.14586 97.46608 93.06053 x 72.20483 53.19164 75.45079
71.28733 x 96.59254 50.90614 78.07775 65.19998 53.07668 70.18249 63.31088 79.67269 68.39957 54.02842 95.28577 57.65615 94.01977 75.12204 82.72168 66.54457 79.10932 60.36683 51.20047 54.96074 74.76152 98.12537 59.18879 85.57548 50.59229 96.05566 66.75314 78.89892 75.79045 69.83563 93.72946 95.5009 70.23403 61.52317 79.40243 78.82204 58.39223 72.6225 89.02999 50.72801 83.52009 67.79266 98.52819 86.56757 72.20483 x 97.08386 68.70913
69.79444 95.12394 79.08744 51.59267 72.44361 80.24408 75.50197 85.49591 71.92585 65.8383 82.23194 59.09821 54.78427 70.21859 92.07296 70.01622 65.77891 91.32492 71.05506 84.76171 x 55.90793 87.1707 57.60512 58.35523 80.28094 x 83.56941 63.02658 63.43793 50.92437 96.58886 71.10564 88.03911 56.03031 92.80362 77.06234 62.79449 51.14415 98.00224 60.75395 88.91529 52.14151 88.34306 79.89434 50.60697 53.19164 97.08386 x 66.21103
90.5303 97.30172 96.0225 65.38069 94.03195 96.83534 64.7845 98.75276 79.20102 87.25482 76.36979 77.93081 86.91599 72.5449 86.36596 72.96378 75.53395 94.92958 x 50.27265 54.48485 52.31085 62.25451 55.16101 95.28302 64.39424 82.33381 87.77504 65.45541 81.60946 57.38529 59.79767 91.97338 87.28043 97.05198 51.36203 61.24553 51.34541 89.3428 78.61064 91.86347 80.19024 68.197 55.25774 59.7466 58.69531 75.45079 68.70913 66.21103 x