50
25
0 1 2 3 4 5 6 7 8 9 10 11 12 13 14 15 16 17 18 19 20 21 22 23 24 25 26 27 28 29 30 31 32 33 34 35 36 37 38 39 40 41 42 43 44 45 46 47 48 49
38 0 49 7 16 17 31 18 47 20 26 36 19 1 3 23 29 39 43 46 30 41 14 13 2
0
x 83.46942 86.44739 64.44113 76.82896 80.52504 77.45319 63.37982 98.15275 82.0876 92.33474 76.91128 70.7374 56.43948 87.86816 74.68162 75.8674 88.26417 x 97.6992 90.6082 76.01985 54.30828 65.35012 55.33765 78.32956 98.88321 50.25505 78.4861 89.16686 70.72911 x 90.38782 54.02818 89.36777 86.7488 56.16732 68.83995 81.0346 66.12138 88.56296 67.35683 72.53111 67.52422 92.25644 63.87271 82.91685 78.76767 89.81714 56.70715
83.46942 x 51.05962 70.79962 79.63824 61.21206 98.18315 83.23976 85.59124 74.86254 58.81659 83.24419 76.35978 84.29382 x 53.96932 82.37098 67.50614 96.46537 80.62583 78.13114 60.88711 61.78279 66.38844 71.33863 85.45227 79.97677 60.16808 77.54979 63.86169 57.41722 x 52.43677 79.17774 70.50958 67.29579 84.29242 x 52.15924 64.43729 95.87812 88.40858 61.8383 76.10196 58.60976 66.58832 62.85651 94.97181 50.09403 80.85537
86.44739 51.05962 x 92.29835 52.28632 x 67.28908 89.48935 82.88925 58.99283 52.60714 62.22755 70.64127 90.12225 66.1571 51.12627 62.97353 60.64617 97.37488 60.46012 71.89502 92.63951 63.92108 95.14031 97.3693 91.49683 91.04127 95.46964 88.43495 84.99387 95.69454 94.98784 77.95595 90.02396 76.45965 50.37128 77.48597 64.59403 55.69269 98.14402 65.79846 61.54544 65.54489 92.65245 67.33444 62.17571 86.29046 94.38434 96.74397 97.53514
64.44113 70.79962 92.29835 x 98.63131 51.15042 64.52984 62.21946 x 76.54126 96.02687 71.44356 76.00274 93.29986 96.55371 90.85606 72.62172 59.44608 91.27638 54.71397 57.733 82.29448 52.22 54.91158 95.26737 68.448 50.23915 97.64379 76.7114 64.60886 63.66224 59.61023 89.06975 66.35544 89.3675 86.89019 63.43022 51.22162 70.79426 74.99621 61.53268 70.94168 91.81958 x 66.07629 63.95362 72.39137 57.33657 74.05624 95.37404
76.82896 79.63824 52.28632 98.63131 x 90.21437 74.84869 68.91436 x 96.22586 79.01635 87.13563 56.17187 90.40093 x 85.52973 58.24644 54.82788 56.93799 53.60639 59.69779 96.87969 72.92198 55.42239 93.71518 58.88742 83.98368 67.92828 82.42536 53.2337 73.51027 90.05702 x 57.94984 69.27098 x 79.37054 x 79.55371 82.11199 71.91895 83.39385 72.18432 73.54646 84.75181 51.17514 52.94406 74.56969 76.08767 57.66641
80.52504 61.21206 x 51.15042 90.21437 x 64.3228 59.52818 57.29458 84.91961 70.4363 96.83869 55.27371 70.82958 76.16961 78.75136 78.29028 72.88017 91.64824 65.91583 54.13866 72.65131 63.487 61.30648 74.73195 57.41845 54.83021 66.91829 64.21459 55.72959 95.06217 57.75789 87.65965 92.27864 62.26281 78.17282 x 51.14475 x 57.01607 86.6774 95.53411 51.02658 78.75645 55.18498 93.9432 88.07457 74.62841 58.70975 67.78045
77.45319 98.18315 67.28908 64.52984 74.84869 64.3228 x 70.93784 93.40275 61.55504 57.33138 98.02314 78.81403 60.52872 88.07812 70.24289 64.10509 62.12413 78.81013 54.92732 87.33742 57.19435 70.88462 61.66091 59.67777 88.40693 94.02737 80.77451 86.23087 91.56523 89.60299 57.33373 60.75458 x 74.53897 59.51623 58.83463 63.45387 58.24857 53.49367 81.31034 85.14057 63.6805 70.92272 91.2677 58.20138 57.1171 86.88394 91.32492 53.03162
63.37982 83.23976 89.48935 62.21946 68.91436 59.52818 70.93784 x 50.40769 62.09976 65.16147 56.69884 x 80.81774 54.8189 52.00341 95.83427 78.03669 74.68555 85.63008 x 80.68987 78.96082 53.46362 64.00794 78.35289 68.62243 51.04014 70.04661 68.7721 70.46655 50.66691 80.33377 77.6887 78.33471 93.66671 72.91533 50.7936 71.95351 56.06655 84.75311 55.16802 89.94311 81.25535 65.87246 83.70172 52.10238 56.53456 66.1335 88.3755
98.15275 85.59124 82.88925 x x 57.29458 93.40275 50.40769 x 98.93553 50.42292 66.15408 50.24998 66.86249 52.88459 83.96077 97.83977 84.87161 76.19313 77.54277 71.71758 57.95357 98.07854 82.72939 72.67383 69.75972 87.78033 59.07823 64.92156 60.34569 56.8474 80.35369 72.50789 65.3883 59.34895 57.55196 93.08219 50.75266 67.8969 55.00401 72.01054 70.65873 x 67.54812 x 90.28079 73.20463 98.72634 63.1765 91.04897
82.0876 74.86254 58.99283 76.54126 96.22586 84.91961 61.55504 62.09976 98.93553 x 74.77951 76.77314 95.17933 x 71.40854 56.11368 81.26024 68.76575 83.55415 81.39497 72.08734 56.02423 53.27958 83.11941 50.29531 95.89238 67.06785 97.17123 82.90383 52.50901 89.42177 74.01777 97.56548 73.68541 94.85696 61.0239 64.45599 70.34602 92.73828 91.02049 82.62911 69.24721 63.74855 76.89385 77.06271 77.54839 73.28 94.90793 56.39427 58.51354
92.33474 58.81659 52.60714 96.02687 79.01635 70.4363 57.33138 65.16147 50.42292 74.77951 x 80.8377 74.95666 65.13485 92.677 85.65435 70.48955 79.88023 77.98258 85.23753 74.39945 59.53392 86.44138 81.06615 81.1244 61.18471 77.41364 71.87741 93.86822 55.10739 71.25144 68.39272 92.18815 x 71.97759 91.67843 60.22444 83.40594 73.8047 98.82129 53.35253 83.73902 73.76513 81.32147 66.79259 84.16184 87.92088 76.12614 90.0996 97.66153
76.91128 83.24419 62.22755 71.44356 87.13563 96.83869 98.02314 56.69884 66.15408 76.77314 80.8377 x 70.25672 x 72.60575 97.35254 66.53906 75.56729 92.92842 51.23345 89.36734 61.94981 57.19403 81.85138 95.77585 94.99578 92.10192 60.47576 95.86344 61.6922 97.71209 94.45215 95.70526 79.09294 89.53964 65.43096 70.19387 89.4878 82.51157 51.65556 77.17373 87.83629 55.34536 65.78064 77.59921 96.37223 66.99732 51.461 62.88144 77.9416
70.7374 76.35978 70.64127 76.00274 56.17187 55.27371 78.81403 x 50.24998 95.17933 74.95666 70.25672 x 85.7059 60.01769 85.30836 75.79874 98.14553 64.66059 52.1137 89.45471 76.93529 70.0357 85.85478 96.97655 70.384 68.70294 81.86459 65.91259 57.60297 79.21338 94.70257 62.54162 72.88994 60.77872 82.41473 89.6083 64.98152 64.80107 71.50056 57.51508 92.92094 86.0459 96.34186 64.81066 89.78929 59.29171 57.28513 88.99059 81.13211
56.43948 84.29382 90.12225 93.29986 90.40093 70.82958 60.52872 80.81774 66.86249 x 65.13485 x 85.7059 x 73.7904 70.19923 81.41289 x 55.6614 98.63005 92.93182 78.2452 56.54606 93.409 60.75481 57.17358 91.55484 62.59615 61.50612 61.00662 95.81234 52.73431 61.24437 63.8039 x 61.06795 55.65003 51.16281 x 94.29081 83.58022 51.32946 71.41067 74.69237 92.89417 89.77498 56.51472 73.76193 92.79464 67.33592
87.86816 x 66.1571 96.55371 x 76.16961 88.07812 54.8189 52.88459 71.40854 92.677 72.60575 60.01769 73.7904 x 50.76369 68.30178 77.6544 90.45629 72.17261 56.55333 67.97564 72.60627 53.27394 82.51079 81.61043 96.75499 54.37281 96.56839 95.90669 88.82874 87.15451 x 90.11727 95.48598 86.93093 89.63988 63.57151 76.22345 63.47965 97.26399 60.67213 70.89734 52.13056 94.99674 60.81455 64.33112 80.20283 87.72953 95.28551
74.68162 53.96932 51.12627 90.85606 85.52973 78.75136 70.24289 52.00341 83.96077 56.11368 85.65435 97.35254 85.30836 70.19923 50.76369 x 94.16543 89.00529 81.24171 52.44789 82.66956 93.79802 71.82569 69.9069 52.0583 79.59835 62.55176 57.08 59.68083 52.01732 97.69626 51.62039 91.1337 84.65887 70.18198 67.79406 56.94596 81.9475 51.17735 50.38137 50.23089 82.74555 52.60535 81.92349 x 94.62877 75.59175 71.4357 98.86619 66.1983
75.8674 82.37098 62.97353 72.62172 58.24644 78.29028 64.10509 95.83427 97.83977 81.26024 70.48955 66.53906 75.79874 81.41289 68.30178 94.16543 x 88.70737 73.92435 88.48532 57.81317 73.85395 x 64.96626 79.86797 85.1978 62.03201 94.19471 91.88179 93.01723 78.63122 98.15369 96.60332 56.52586 58.05807 97.47335 50.79877 84.31092 89.43486 72.28295 54.74111 61.09637 88.07248 x 91.74869 60.65096 61.26266 89.853 66.80201 64.47067
88.26417 67.50614 60.64617 59.44608 54.82788 72.88017 62.12413 78.03669 84.87161 68.76575 79.88023 75.56729 98.14553 x 77.6544 89.00529 88.70737 x 93.24328 50.39688 90.09595 56.76118 75.89488 80.72217 51.75669 76.02291 66.9247 65.43269 60.07503 91.06464 74.27411 66.90459 76.03056 96.41906 77.66651 97.60805 57.18643 74.45325 54.36258 56.44259 55.78224 98.62291 57.88514 57.01327 79.82592 x 71.52014 74.28807 61.6243 67.84746
x 96.46537 97.37488 91.27638 56.93799 91.64824 78.81013 74.68555 76.19313 83.55415 77.98258 92.92842 64.66059 55.6614 90.45629 81.24171 73.92435 93.24328 x 93.07515 87.8802 85.4978 80.8033 59.99571 91.96529 92.63741 94.16322 87.43198 51.90002 68.97417 53.1357 74.94146 87.60287 x 61.09868 94.18941 90.85105 89.37089 98.33102 97.0164 69.47155 97.67272 90.14834 x 82.39616 92.24358 x 51.97558 72.81167 x
97.6992 80.62583 60.46012 54.71397 53.60639 65.91583 54.92732 85.63008 77.54277 81.39497 85.23753 51.23345 52.1137 98.63005 72.17261 52.44789 88.48532 50.39688 93.07515 x 96.8804 62.65511 58.3852 79.02645 60.79623 55.50585 79.68622 61.39101 94.29904 53.7039 66.55486 55.74385 94.1511 62.10627 52.67035 92.95692 x 59.49437 69.24081 75.32695 57.81477 x 96.19089 51.25382 77.70465 65.79675 x 53.84182 64.88566 x
90.6082 78.13114 71.89502 57.733 59.69779 54.13866 87.33742 x 71.71758 72.08734 74.39945 89.36734 89.45471 92.93182 56.55333 82.66956 57.81317 90.09595 87.8802 96.8804 x 68.55912 89.92995 88.70196 79.01363 95.14541 85.06888 81.17934 72.87942 73.96016 54.35622 60.86402 80.73797 96.17417 79.04664 52.09549 82.63695 73.0958 66.63433 88.76004 67.27723 90.70642 72.51132 74.85442 81.08584 84.59691 66.28802 88.42571 67.76894 85.15955
76.01985 60.88711 92.63951 82.29448 96.87969 72.65131 57.19435 80.68987 57.95357 56.02423 59.53392 61.94981 76.93529 78.2452 67.97564 93.79802 73.85395 56.76118 85.4978 62.65511 68.55912 x 81.9695 70.79498 79.35435 56.36142 89.49844 59.28881 79.38974 52.00908 87.96453 94.08458 75.25727 77.27119 70.07237 78.5414 91.21717 51.22454 54.98872 80.55909 63.98442 66.33991 50.24237 86.74189 51.96485 87.48277 69.84542 71.53233 58.35796 82.40153
54.30828 61.78279 63.92108 52.22 72.92198 63.487 70.88462 78.96082 98.07854 53.27958 86.44138 57.19403 70.0357 56.54606 72.60627 71.82569 x 75.89488 80.8033 58.3852 89.92995 81.9695 x 82.73944 90.01293 55.82726 88.40499 79.04109 63.72035 51.72432 83.26689 77.48842 72.9724 94.29698 97.53448 82.97722 92.93555 x 96.17263 66.38362 52.39459 52.87524 72.59981 95.17905 x 66.01224 98.92665 55.28013 89.5482 75.18341
65.35012 66.38844 95.14031 54.91158 55.42239 61.30648 61.66091 53.46362 82.72939 83.11941 81.06615 81.85138 85.85478 93.409 53.27394 69.9069 64.96626 80.72217 59.99571 79.02645 88.70196 70.79498 82.73944 x 95.69189 77.16272 51.5865 80.32214 61.56225 82.78715 x 66.87629 x 93.86668 97.1441 51.50898 86.72626 77.94461 72.40598 54.56974 71.71148 75.92604 70.40044 98.54777 89.73517 60.74127 88.15038 x 81.54318 79.20122
55.33765 71.33863 97.3693 95.26737 93.71518 74.73195 59.67777 64.00794 72.67383 50.29531 81.1244 95.77585 96.97655 60.75481 82.51079 52.0583 79.86797 51.75669 91.96529 60.79623 79.01363 79.35435 90.01293 95.69189 x 58.73568 89.49775 82.94983 96.92766 86.12994 58.89608 58.68138 97.86171 61.28691 96.66609 71.68956 60.25439 89.21117 81.40368 70.42668 63.9341 x 98.13049 67.41543 90.85278 73.83085 74.12558 51.13122 61.89308 63.08932
78.32956 85.45227 91.49683 68.448 58.88742 57.41845 88.40693 78.35289 69.75972 95.89238 61.18471 94.99578 70.384 57.17358 81.61043 79.59835 85.1978 76.02291 92.63741 55.50585 95.14541 56.36142 55.82726 77.16272 58.73568 x 60.42805 95.26895 x 66.79962 93.17835 78.39381 57.39758 86.57117 69.85269 90.84295 89.42666 88.19401 94.71742 92.45105 85.81468 58.42581 57.98605 55.69216 56.20498 68.33434 67.4093 83.99875 86.49179 53.02927
98.88321 79.97677 91.04127 50.23915 83.98368 54.83021 94.02737 68.62243 87.78033 67.06785 77.41364 92.10192 68.70294 91.55484 96.75499 62.55176 62.03201 66.9247 94.16322 79.68622 85.06888 89.49844 88.40499 51.5865 89.49775 60.42805 x 53.14261 80.74049 96.66753 86.37118 94.35788 76.1596 65.63507 60.8974 76.7273 96.69592 56.11385 97.55845 65.09445 57.47881 84.72174 93.69018 62.54872 57.47283 98.72011 68.49538 96.98802 53.90871 78.67131
50.25505 60.16808 95.46964 97.64379 67.92828 66.91829 80.77451 51.04014 59.07823 97.17123 71.87741 60.47576 81.86459 62.59615 54.37281 57.08 94.19471 65.43269 87.43198 61.39101 81.17934 59.28881 79.04109 80.32214 82.94983 95.26895 53.14261 x 93.48999 87.69156 57.53582 68.44574 80.38398 x 74.16847 50.18606 82.49633 97.00679 71.54027 50.34797 98.97502 89.06844 67.08301 70.01171 94.46241 58.53042 65.06052 50.78501 98.80246 54.99201
78.4861 77.54979 88.43495 76.7114 82.42536 64.21459 86.23087 70.04661 64.92156 82.90383 93.86822 95.86344 65.91259 61.50612 96.56839 59.68083 91.88179 60.07503 51.90002 94.29904 72.87942 79.38974 63.72035 61.56225 96.92766 x 80.74049 93.48999 x 98.88922 59.50538 84.40861 58.11431 x 75.43691 60.90393 75.52739 59.60993 76.5074 86.47795 66.00044 78.65039 73.22387 58.60227 57.04354 50.04955 79.51323 76.55727 x 98.51395
89.16686 63.86169 84.99387 64.60886 53.2337 55.72959 91.56523 68.7721 60.34569 52.50901 55.10739 61.6922 57.60297 61.00662 95.90669 52.01732 93.01723 91.06464 68.97417 53.7039 73.96016 52.00908 51.72432 82.78715 86.12994 66.79962 96.66753 87.69156 98.88922 x 50.39388 61.5516 64.67577 x 80.20795 66.99322 57.98142 61.10024 x 69.49692 x 69.51325 67.6023 53.08731 71.64057 51.79864 78.69917 61.68363 63.24046 81.25612
70.72911 57.41722 95.69454 63.66224 73.51027 95.06217 89.60299 70.46655 56.8474 89.42177 71.25144 97.71209 79.21338 95.81234 88.82874 97.69626 78.63122 74.27411 53.1357 66.55486 54.35622 87.96453 83.26689 x 58.89608 93.17835 86.37118 57.53582 59.50538 50.39388 x x 79.80238 68.69706 98.93032 96.04103 88.77115 x 74.3927 97.17957 90.81235 96.19612 51.22405 74.60705 70.49747 71.36951 64.73792 94.56285 71.0945 82.45489
x x 94.98784 59.61023 90.05702 57.75789 57.33373 50.66691 80.35369 74.01777 68.39272 94.45215 94.70257 52.73431 87.15451 51.62039 98.15369 66.90459 74.94146 55.74385 60.86402 94.08458 77.48842 66.87629 58.68138 78.39381 94.35788 68.44574 84.40861 61.5516 x x 77.45508 94.12568 64.60106 73.27434 84.59979 68.10974 74.66051 92.96221 x 89.25758 87.56001 73.88273 96.68549 64.87847 79.34852 60.98472 58.05705 85.69253
90.38782 52.43677 77.95595 89.06975 x 87.65965 60.75458 80.33377 72.50789 97.56548 92.18815 95.70526 62.54162 61.24437 x 91.1337 96.60332 76.03056 87.60287 94.1511 80.73797 75.25727 72.9724 x 97.86171 57.39758 76.1596 80.38398 58.11431 64.67577 79.80238 77.45508 x 53.19635 69.5065 71.43402 80.39297 52.82713 90.5968 81.3194 56.41328 95.10002 57.17776 74.36943 81.91608 65.51906 60.77707 51.45555 54.20191 64.41026
54.02818 79.17774 90.02396 66.35544 57.94984 92.27864 x 77.6887 65.3883 73.68541 x 79.09294 72.88994 63.8039 90.11727 84.65887 56.52586 96.41906 x 62.10627 96.17417 77.27119 94.29698 93.86668 61.28691 86.57117 65.63507 x x x 68.69706 94.12568 53.19635 x 60.65861 78.55651 62.56496 76.71949 86.09576 55.10637 77.04779 77.35184 80.01157 97.1737 97.3492 59.17667 63.0675 93.87035 78.56437 68.229
89.36777 70.50958 76.45965 89.3675 69.27098 62.26281 74.53897 78.33471 59.34895 94.85696 71.97759 89.53964 60.77872 x 95.48598 70.18198 58.05807 77.66651 61.09868 52.67035 79.04664 70.07237 97.53448 97.1441 96.66609 69.85269 60.8974 74.16847 75.43691 80.20795 98.93032 64.60106 69.5065 60.65861 x 89.66761 96.1052 66.36308 72.82664 95.68227 64.36934 x 88.82466 69.65971 77.96298 71.97782 86.18727 54.67573 51.93696 67.02638
86.7488 67.29579 50.37128 86.89019 x 78.17282 59.51623 93.66671 57.55196 61.0239 91.67843 65.43096 82.41473 61.06795 86.93093 67.79406 97.47335 97.60805 94.18941 92.95692 52.09549 78.5414 82.97722 51.50898 71.68956 90.84295 76.7273 50.18606 60.90393 66.99322 96.04103 73.27434 71.43402 78.55651 89.66761 x 84.5984 93.80623 67.4374 93.55545 77.43845 94.85888 66.27102 76.32347 72.02915 77.61435 79.95921 x 97.62165 61.76004
56.16732 84.29242 77.48597 63.43022 79.37054 x 58.83463 72.91533 93.08219 64.45599 60.22444 70.19387 89.6083 55.65003 89.63988 56.94596 50.79877 57.18643 90.85105 x 82.63695 91.21717 92.93555 86.72626 60.25439 89.42666 96.69592 82.49633 75.52739 57.98142 88.77115 84.59979 80.39297 62.56496 96.1052 84.5984 x 64.89261 75.22361 80.76129 70.68459 69.83152 86.67451 65.85443 96.39761 80.21311 68.69378 93.73503 51.05425 72.68513
68.83995 x 64.59403 51.22162 x 51.14475 63.45387 50.7936 50.75266 70.34602 83.40594 89.4878 64.98152 51.16281 63.57151 81.9475 84.31092 74.45325 89.37089 59.49437 73.0958 51.22454 x 77.94461 89.21117 88.19401 56.11385 97.00679 59.60993 61.10024 x 68.10974 52.82713 76.71949 66.36308 93.80623 64.89261 x 77.26473 69.76953 55.71205 79.54358 90.45326 61.01582 97.15977 83.98508 97.69213 62.75272 66.27898 58.83426
81.0346 52.15924 55.69269 70.79426 79.55371 x 58.24857 71.95351 67.8969 92.73828 73.8047 82.51157 64.80107 x 76.22345 51.17735 89.43486 54.36258 98.33102 69.24081 66.63433 54.98872 96.17263 72.40598 81.40368 94.71742 97.55845 71.54027 76.5074 x 74.3927 74.66051 90.5968 86.09576 72.82664 67.4374 75.22361 77.26473 x 87.98426 94.16522 59.27561 68.77089 68.05186 90.37672 56.01262 81.49588 66.39518 59.00297 97.372
66.12138 64.43729 98.14402 74.99621 82.11199 57.01607 53.49367 56.06655 55.00401 91.02049 98.82129 51.65556 71.50056 94.29081 63.47965 50.38137 72.28295 56.44259 97.0164 75.32695 88.76004 80.55909 66.38362 54.56974 70.42668 92.45105 65.09445 50.34797 86.47795 69.49692 97.17957 92.96221 81.3194 55.10637 95.68227 93.55545 80.76129 69.76953 87.98426 x 77.18451 58.73366 75.10081 76.64444 63.21022 76.31681 75.13207 91.86414 72.36386 55.31059
88.56296 95.87812 65.79846 61.53268 71.91895 86.6774 81.31034 84.75311 72.01054 82.62911 53.35253 77.17373 57.51508 83.58022 97.26399 50.23089 54.74111 55.78224 69.47155 57.81477 67.27723 63.98442 52.39459 71.71148 63.9341 85.81468 57.47881 98.97502 66.00044 x 90.81235 x 56.41328 77.04779 64.36934 77.43845 70.68459 55.71205 94.16522 77.18451 x 95.53188 79.52933 64.81874 51.72277 62.59446 97.72063 86.39972 70.44188 97.34103
67.35683 88.40858 61.54544 70.94168 83.39385 95.53411 85.14057 55.16802 70.65873 69.24721 83.73902 87.83629 92.92094 51.32946 60.67213 82.74555 61.09637 98.62291 97.67272 x 90.70642 66.33991 52.87524 75.92604 x 58.42581 84.72174 89.06844 78.65039 69.51325 96.19612 89.25758 95.10002 77.35184 x 94.85888 69.83152 79.54358 59.27561 58.73366 95.53188 x 92.11637 63.71977 65.43846 90.83983 58.1708 78.91429 68.3343 x
72.53111 61.8383 65.54489 91.81958 72.18432 51.02658 63.6805 89.94311 x 63.74855 73.76513 55.34536 86.0459 71.41067 70.89734 52.60535 88.07248 57.88514 90.14834 96.19089 72.51132 50.24237 72.59981 70.40044 98.13049 57.98605 93.69018 67.08301 73.22387 67.6023 51.22405 87.56001 57.17776 80.01157 88.82466 66.27102 86.67451 90.45326 68.77089 75.10081 79.52933 92.11637 x 77.04288 71.6317 66.7342 82.99832 95.28031 59.20891 56.68936
67.52422 76.10196 92.65245 x 73.54646 78.75645 70.92272 81.25535 67.54812 76.89385 81.32147 65.78064 96.34186 74.69237 52.13056 81.92349 x 57.01327 x 51.25382 74.85442 86.74189 95.17905 98.54777 67.41543 55.69216 62.54872 70.01171 58.60227 53.08731 74.60705 73.88273 74.36943 97.1737 69.65971 76.32347 65.85443 61.01582 68.05186 76.64444 64.81874 63.71977 77.04288 x 88.59581 65.35454 58.7844 58.55234 55.34831 88.23528
92.25644 58.60976 67.33444 66.07629 84.75181 55.18498 91.2677 65.87246 x 77.06271 66.79259 77.59921 64.81066 92.89417 94.99674 x 91.74869 79.82592 82.39616 77.70465 81.08584 51.96485 x 89.73517 90.85278 56.20498 57.47283 94.46241 57.04354 71.64057 70.49747 96.68549 81.91608 97.3492 77.96298 72.02915 96.39761 97.15977 90.37672 63.21022 51.72277 65.43846 71.6317 88.59581 x 82.22976 81.98351 54.00314 57.77441 92.49906
63.87271 66.58832 62.17571 63.95362 51.17514 93.9432 58.20138 83.70172 90.28079 77.54839 84.16184 96.37223 89.78929 89.77498 60.81455 94.62877 60.65096 x 92.24358 65.79675 84.59691 87.48277 66.01224 60.74127 73.83085 68.33434 98.72011 58.53042 50.04955 51.79864 71.36951 64.87847 65.51906 59.17667 71.97782 77.61435 80.21311 83.98508 56.01262 76.31681 62.59446 90.83983 66.7342 65.35454 82.22976 x 81.51534 82.11769 58.45304 87.96393
82.91685 62.85651 86.29046 72.39137 52.94406 88.07457 57.1171 52.10238 73.20463 73.28 87.92088 66.99732 59.29171 56.51472 64.33112 75.59175 61.26266 71.52014 x x 66.28802 69.84542 98.92665 88.15038 74.12558 67.4093 68.49538 65.06052 79.51323 78.69917 64.73792 79.34852 60.77707 63.0675 86.18727 79.95921 68.69378 97.69213 81.49588 75.13207 97.72063 58.1708 82.99832 58.7844 81.98351 81.51534 x 69.35344 57.6491 86.53674
78.76767 94.97181 94.38434 57.33657 74.56969 74.62841 86.88394 56.53456 98.72634 94.90793 76.12614 51.461 57.28513 73.76193 80.20283 71.4357 89.853 74.28807 51.97558 53.84182 88.42571 71.53233 55.28013 x 51.13122 83.99875 96.98802 50.78501 76.55727 61.68363 94.56285 60.98472 51.45555 93.87035 54.67573 x 93.73503 62.75272 66.39518 91.86414 86.39972 78.91429 95.28031 58.55234 54.00314 82.11769 69.35344 x 94.74298 59.21303
89.81714 50.09403 96.74397 74.05624 76.08767 58.70975 91.32492 66.1335 63.1765 56.39427 90.0996 62.88144 88.99059 92.79464 87.72953 98.86619 66.80201 61.6243 72.81167 64.88566 67.76894 58.35796 89.5482 81.54318 61.89308 86.49179 53.90871 98.80246 x 63.24046 71.0945 58.05705 54.20191 78.56437 51.93696 97.62165 51.05425 66.27898 59.00297 72.36386 70.44188 68.3343 59.20891 55.34831 57.77441 58.45304 57.6491 94.74298 x 55.16971
56.70715 80.85537 97.53514 95.37404 57.66641 67.78045 53.03162 88.3755 91.04897 58.51354 97.66153 77.9416 81.13211 67.33592 95.28551 66.1983 64.47067 67.84746 x x 85.15955 82.40153 75.18341 79.20122 63.08932 53.02927 78.67131 54.99201 98.51395 81.25612 82.45489 85.69253 64.41026 68.229 67.02638 61.76004 72.68513 58.83426 97.372 55.31059 97.34103 x 56.68936 88.23528 92.49906 87.96393 86.53674 59.21303 55.16971 x