50
25
0 1 2 3 4 5 6 7 8 9 10 11 12 13 14 15 16 17 18 19 20 21 22 23 24 25 26 27 28 29 30 31 32 33 34 35 36 37 38 39 40 41 42 43 44 45 46 47 48 49
44 23 22 5 26 14 32 37 21 13 0 47 10 16 19 25 40 35 41 48 31 8 18 33 49
0
x 67.16392 52.17063 67.99739 66.09176 95.0124 95.89425 67.10358 92.5744 91.08044 96.53214 96.38827 73.84631 51.63278 76.33517 91.53447 x 71.64426 57.06442 87.59099 57.85934 52.37882 91.01538 79.12335 58.14683 77.33484 61.34133 94.40486 84.89896 57.31202 96.32671 82.56842 70.71379 65.45092 79.03477 59.16023 87.39972 77.31037 80.52587 62.91263 88.61171 60.9823 60.36689 69.04269 77.57705 97.36489 78.81389 52.03215 98.66896 72.12158
67.16392 x 58.7051 90.50528 81.57423 57.36599 90.23524 x 53.43211 64.75494 x 68.64008 89.96226 69.79251 90.93785 56.60481 66.62641 73.13469 79.89082 96.22679 53.81585 78.49683 98.88502 80.98058 75.79565 86.99575 58.03963 83.35032 52.72306 97.77925 96.72638 50.32837 64.05018 89.61136 54.92209 86.24452 75.82693 69.17364 79.84243 x 81.78431 78.53434 x 81.5006 79.51357 63.20141 73.49431 89.27257 73.80936 73.35031
52.17063 58.7051 x x 73.43119 89.44934 61.24533 77.00918 57.84951 66.41311 71.27163 98.69758 97.36772 75.18239 95.24425 70.86556 70.87092 75.03468 57.18518 91.16873 87.34646 92.21164 50.80131 94.13808 58.71179 63.18073 96.41183 90.61445 73.50498 68.24374 85.33664 80.80217 89.53148 72.35377 50.12616 86.69155 74.318 96.23597 69.71272 98.81172 53.73891 52.51643 62.59929 58.00851 90.10445 69.46002 62.22406 x 51.98826 79.84406
67.99739 90.50528 x x 89.43426 96.99737 93.46461 96.13071 71.55278 68.26329 80.40339 94.51072 60.37593 80.87226 x 89.45681 67.09158 56.02589 87.45091 53.85036 94.5202 50.4983 92.11784 84.85354 74.27722 87.79157 68.79996 79.4748 66.84135 81.50657 84.94624 60.81446 72.7774 93.001 96.96064 78.5593 67.42579 69.19431 64.03654 86.7384 83.84726 91.09892 65.48602 51.03624 97.56405 59.16051 79.18998 80.99707 67.3129 98.19844
66.09176 81.57423 73.43119 89.43426 x 90.2767 55.07747 88.59337 90.58063 69.51658 55.04532 76.88448 82.09714 75.71097 55.44988 84.80185 54.26818 50.40233 98.77085 65.278 71.76542 86.3023 74.06186 79.20038 59.91395 67.51171 73.88536 76.28236 69.92016 61.0139 89.35775 92.08717 85.37837 78.29648 50.81932 50.5762 64.73406 96.17655 72.83087 53.98686 87.18761 89.38555 98.1988 83.82565 83.85624 94.15833 76.5447 96.59803 77.64795 87.38514
95.0124 57.36599 89.44934 96.99737 90.2767 x 71.0874 58.42339 x 86.64482 64.13554 96.10411 79.04896 90.77723 91.59684 71.89033 92.3994 56.26151 61.84392 56.42805 51.85942 63.73424 59.50343 85.69348 79.47603 87.57974 61.35544 87.80608 77.08488 56.19424 60.26862 68.66126 x 63.98707 66.78171 89.34021 77.57457 84.33567 55.47598 69.1262 65.62613 93.54186 61.95773 57.09686 64.5723 67.25153 x 78.44982 83.70794 50.47666
95.89425 90.23524 61.24533 93.46461 55.07747 71.0874 x 58.9627 70.50184 73.14242 62.69486 60.58868 60.8535 78.36735 52.45588 69.64908 51.20484 89.0994 92.81912 76.03989 65.27236 69.85492 60.56066 57.50341 90.13965 76.11112 68.13242 98.19584 55.93364 56.97186 94.83237 90.79445 62.06792 67.86064 78.43069 82.69089 87.75863 64.9509 x 55.61973 62.50542 89.56726 93.99822 69.19024 84.8093 x 52.90754 81.58324 66.48788 50.07633
67.10358 x 77.00918 96.13071 88.59337 58.42339 58.9627 x 58.5731 76.19961 52.17914 82.43469 73.87192 60.63013 57.89551 75.7159 83.44751 x 97.99568 93.85481 98.89129 72.30462 95.97951 87.0223 54.62289 51.17869 69.57825 93.36217 56.87983 91.34111 x 66.68372 56.45452 60.45369 90.23481 60.19593 77.69484 57.6797 58.97817 69.17068 88.54703 84.24151 79.37836 70.3079 87.37567 75.8388 62.0709 50.27872 82.79411 x
92.5744 53.43211 57.84951 71.55278 90.58063 x 70.50184 58.5731 x 91.31437 70.18311 91.57676 66.09212 x 50.04301 56.13437 65.92759 60.42133 62.99994 97.43075 84.28854 89.51732 59.45995 77.84169 91.77004 89.44034 90.2286 76.8868 52.33934 98.37154 92.41855 60.7462 80.40031 71.02711 67.96321 87.67891 58.96031 70.37285 81.31329 56.42019 53.12113 90.4412 53.67276 54.61315 94.70931 79.65611 98.12337 65.99091 63.7201 98.8449
91.08044 64.75494 66.41311 68.26329 69.51658 86.64482 73.14242 76.19961 91.31437 x 56.57764 57.6594 63.25485 68.8881 53.92342 61.93071 80.58071 74.00149 67.04159 53.84004 94.59158 83.7848 74.51514 86.24888 62.67996 88.30281 87.88591 89.95384 53.68303 50.63146 90.22807 51.45526 x 90.16088 54.57152 60.92722 88.40845 61.47166 91.2784 63.54432 62.28645 85.11623 57.30708 x 70.85048 60.52778 60.09918 53.34059 90.10015 81.16965
96.53214 x 71.27163 80.40339 55.04532 64.13554 62.69486 52.17914 70.18311 56.57764 x 95.77146 90.40796 69.61792 53.55902 72.10044 84.28926 53.12057 50.72869 85.61223 54.08042 93.55063 53.13967 66.6145 60.19559 51.65076 70.71368 63.67872 67.05286 83.63433 x 54.73948 74.70611 63.1369 94.73788 75.08382 87.99965 62.45896 87.01584 68.81217 94.52731 89.09999 79.50274 97.51019 53.65386 66.69865 59.01432 75.26988 80.47132 x
96.38827 68.64008 98.69758 94.51072 76.88448 96.10411 60.58868 82.43469 91.57676 57.6594 95.77146 x 71.79053 76.1403 57.45829 72.3243 62.29608 51.31451 52.03176 73.37751 50.05472 60.72197 70.01062 98.87225 53.99019 75.84725 58.71577 54.09582 62.27063 55.52865 52.31102 93.22782 x 62.98768 88.05999 56.04408 57.62234 73.39381 51.31034 78.85403 88.2024 98.81289 94.49469 50.83822 74.41218 62.90719 94.81185 60.82503 77.95318 59.63859
73.84631 89.96226 97.36772 60.37593 82.09714 79.04896 60.8535 73.87192 66.09212 63.25485 90.40796 71.79053 x 84.19802 69.92447 60.78859 78.99603 83.18713 97.24992 98.33896 94.00883 67.11726 97.9713 73.6666 91.47009 74.22192 51.38663 57.5881 81.31982 85.22481 75.78478 88.34737 66.92803 71.47672 61.42051 84.8473 57.41899 51.27757 89.74338 52.26264 76.72261 82.90768 52.95019 55.33792 60.08927 78.46437 91.99241 85.08797 79.5465 56.57915
51.63278 69.79251 75.18239 80.87226 75.71097 90.77723 78.36735 60.63013 x 68.8881 69.61792 76.1403 84.19802 x x 98.9815 51.97139 78.27205 56.83915 x 77.18356 50.11465 71.53555 98.3096 84.06879 55.26877 62.62679 97.32379 59.94083 97.34564 52.51624 95.36298 78.79475 54.87104 75.56907 89.58341 78.26099 51.94215 75.47484 67.45109 90.38071 67.01754 93.00893 88.58226 54.58771 54.88982 53.28123 86.03195 53.52377 85.58552
76.33517 90.93785 95.24425 x 55.44988 91.59684 52.45588 57.89551 50.04301 53.92342 53.55902 57.45829 69.92447 x x 84.75054 94.90162 55.58993 62.15871 x 81.40731 64.87359 54.92558 72.6805 85.55001 78.78594 88.21891 87.42968 65.16271 78.4198 63.48203 54.65894 68.88974 89.16701 66.59893 52.43146 65.80781 91.35029 59.2028 93.96469 55.34389 61.91761 62.86512 93.20216 64.13634 89.4147 61.10222 96.23822 93.56364 73.81272
91.53447 56.60481 70.86556 89.45681 84.80185 71.89033 69.64908 75.7159 56.13437 61.93071 72.10044 72.3243 60.78859 98.9815 84.75054 x 53.92384 82.5782 65.19142 84.37321 89.27103 66.41826 58.75336 76.27221 94.73422 x 84.09429 76.52233 60.09219 82.15696 93.9569 71.84669 59.54774 61.44894 87.82428 58.33733 53.38697 58.02095 52.38456 58.66801 83.38785 78.75008 59.94641 81.20402 60.26415 61.40197 61.37125 87.62611 91.97139 62.29648
x 66.62641 70.87092 67.09158 54.26818 92.3994 51.20484 83.44751 65.92759 80.58071 84.28926 62.29608 78.99603 51.97139 94.90162 53.92384 x 57.46634 95.44622 97.20695 52.63124 71.05446 51.66366 65.76136 70.9158 x 76.41933 56.61175 95.50637 98.68579 69.57365 66.65003 85.34862 84.74193 x 70.2048 70.34729 88.31098 66.79145 57.54994 89.29178 51.36688 67.62874 76.97527 81.8386 95.46414 86.15324 73.68508 92.20834 62.42979
71.64426 73.13469 75.03468 56.02589 50.40233 56.26151 89.0994 x 60.42133 74.00149 53.12057 51.31451 83.18713 78.27205 55.58993 82.5782 57.46634 x 88.80243 65.93996 55.56782 53.61149 x 73.25338 95.62451 63.42934 58.66171 61.66626 64.4593 88.66324 x 87.47164 63.37552 81.927 81.16471 64.27127 79.30484 62.33095 80.23714 74.5458 77.72806 78.08832 68.09716 67.50396 62.5119 76.66117 82.86072 84.84781 83.75295 87.46131
57.06442 79.89082 57.18518 87.45091 98.77085 61.84392 92.81912 97.99568 62.99994 67.04159 50.72869 52.03176 97.24992 56.83915 62.15871 65.19142 95.44622 88.80243 x 97.94186 62.61211 92.15781 67.61208 86.52362 62.2511 61.71838 61.52181 85.81214 53.76612 90.0451 86.80927 58.4265 60.84182 64.50892 85.80545 97.82661 87.66284 73.62907 50.13429 90.2876 78.54 68.38081 73.13815 x 63.32466 59.61558 62.32157 74.20846 76.60482 72.30362
87.59099 96.22679 91.16873 53.85036 65.278 56.42805 76.03989 93.85481 97.43075 53.84004 85.61223 73.37751 98.33896 x x 84.37321 97.20695 65.93996 97.94186 x 95.29905 83.354 78.07552 x 60.83972 50.771 81.56406 57.33623 67.23867 90.44185 80.03792 77.94098 58.60986 85.43439 91.89064 58.54716 59.23786 x 76.94487 75.99777 61.4426 95.55042 63.47684 71.9608 x 90.12741 98.84733 75.11131 80.11045 96.57356
57.85934 53.81585 87.34646 94.5202 71.76542 51.85942 65.27236 98.89129 84.28854 94.59158 54.08042 50.05472 94.00883 77.18356 81.40731 89.27103 52.63124 55.56782 62.61211 95.29905 x x 89.1059 79.1753 72.79269 81.61429 85.42049 80.72301 68.17301 x 73.03711 79.55706 68.36428 68.57069 68.65113 57.84447 98.35345 80.68516 x 51.51673 90.12423 81.71117 x 84.75023 58.85951 74.97319 94.24442 x 82.08381 80.00162
52.37882 78.49683 92.21164 50.4983 86.3023 63.73424 69.85492 72.30462 89.51732 83.7848 93.55063 60.72197 67.11726 50.11465 64.87359 66.41826 71.05446 53.61149 92.15781 83.354 x x 53.12448 59.39653 65.45063 98.30172 75.35385 96.79128 86.64779 74.74564 62.70468 80.839 77.84168 72.21448 60.88665 77.24907 82.72145 79.38653 68.77736 68.25211 95.5376 79.90501 90.05048 90.67145 62.74879 53.49717 74.0103 x 93.2831 61.08931
91.01538 98.88502 50.80131 92.11784 74.06186 59.50343 60.56066 95.97951 59.45995 74.51514 53.13967 70.01062 97.9713 71.53555 54.92558 58.75336 51.66366 x 67.61208 78.07552 89.1059 53.12448 x 97.46132 54.64958 57.80898 80.21191 78.71817 59.11549 63.29712 91.3283 56.90469 87.02246 82.97252 76.85601 67.47875 94.98314 97.43347 89.16651 80.45589 66.80575 59.25984 92.35692 x 81.9525 92.93073 64.50941 74.01396 56.46181 96.37965
79.12335 80.98058 94.13808 84.85354 79.20038 85.69348 57.50341 87.0223 77.84169 86.24888 66.6145 98.87225 73.6666 98.3096 72.6805 76.27221 65.76136 73.25338 86.52362 x 79.1753 59.39653 97.46132 x 95.31233 72.58478 63.17993 64.21835 63.75496 57.78807 72.7924 61.93471 68.03319 x 50.68426 89.02596 56.65458 86.43967 85.48594 52.5541 88.50191 73.3998 55.48149 53.30438 69.12329 86.21347 54.18933 61.22455 90.62214 69.78757
58.14683 75.79565 58.71179 74.27722 59.91395 79.47603 90.13965 54.62289 91.77004 62.67996 60.19559 53.99019 91.47009 84.06879 85.55001 94.73422 70.9158 95.62451 62.2511 60.83972 72.79269 65.45063 54.64958 95.31233 x 88.15271 53.85698 66.17221 67.21532 56.83704 98.13044 69.69661 66.25111 84.7652 63.0196 71.47602 73.67529 66.51534 88.57682 x 79.16242 52.34924 75.68673 59.15854 62.73773 74.30818 72.7373 85.49019 84.81611 75.45211
77.33484 86.99575 63.18073 87.79157 67.51171 87.57974 76.11112 51.17869 89.44034 88.30281 51.65076 75.84725 74.22192 55.26877 78.78594 x x 63.42934 61.71838 50.771 81.61429 98.30172 57.80898 72.58478 88.15271 x 82.21363 87.24407 80.39961 86.35447 96.17285 64.33277 50.49428 71.85791 66.00121 71.78611 69.34617 52.69884 68.00703 81.23994 73.6484 80.90971 95.53932 84.50195 x 65.13723 70.12886 56.91549 67.64091 69.5716
61.34133 58.03963 96.41183 68.79996 73.88536 61.35544 68.13242 69.57825 90.2286 87.88591 70.71368 58.71577 51.38663 62.62679 88.21891 84.09429 76.41933 58.66171 61.52181 81.56406 85.42049 75.35385 80.21191 63.17993 53.85698 82.21363 x 94.21409 52.27062 95.93201 89.60153 x 50.77009 69.18696 97.02554 60.18381 55.96014 67.41069 52.21541 89.37137 51.45335 73.12512 55.71735 77.15089 57.93542 77.29864 x 62.12991 80.45619 67.07967
94.40486 83.35032 90.61445 79.4748 76.28236 87.80608 98.19584 93.36217 76.8868 89.95384 63.67872 54.09582 57.5881 97.32379 87.42968 76.52233 56.61175 61.66626 85.81214 57.33623 80.72301 96.79128 78.71817 64.21835 66.17221 87.24407 94.21409 x 61.63646 92.53739 88.80052 51.93545 68.22993 57.08283 x 98.8302 73.18951 66.29965 53.0304 50.63967 x 68.5362 84.80882 62.79325 66.76745 75.83664 92.14707 83.08202 91.71508 62.78142
84.89896 52.72306 73.50498 66.84135 69.92016 77.08488 55.93364 56.87983 52.33934 53.68303 67.05286 62.27063 81.31982 59.94083 65.16271 60.09219 95.50637 64.4593 53.76612 67.23867 68.17301 86.64779 59.11549 63.75496 67.21532 80.39961 52.27062 61.63646 x 54.46107 58.5425 81.97876 x 84.80007 69.00141 54.02601 69.41063 58.39332 x 94.79972 55.66985 75.22678 85.98837 51.24402 72.71377 62.50046 55.75651 81.25319 89.76531 86.28361
57.31202 97.77925 68.24374 81.50657 61.0139 56.19424 56.97186 91.34111 98.37154 50.63146 83.63433 55.52865 85.22481 97.34564 78.4198 82.15696 98.68579 88.66324 90.0451 90.44185 x 74.74564 63.29712 57.78807 56.83704 86.35447 95.93201 92.53739 54.46107 x 93.44485 76.07146 93.5572 86.50433 68.637 65.79142 75.73389 93.23247 91.02289 98.00354 58.51316 73.13541 50.00595 75.61929 68.34392 82.24236 73.04814 x 51.52489 83.53976
96.32671 96.72638 85.33664 84.94624 89.35775 60.26862 94.83237 x 92.41855 90.22807 x 52.31102 75.78478 52.51624 63.48203 93.9569 69.57365 x 86.80927 80.03792 73.03711 62.70468 91.3283 72.7924 98.13044 96.17285 89.60153 88.80052 58.5425 93.44485 x 74.75085 79.07027 58.33246 84.07871 59.43725 90.62731 88.70347 95.15438 60.19152 82.63094 83.67662 54.8685 64.75213 68.10807 61.84039 83.44569 64.08916 54.42388 83.1951
82.56842 50.32837 80.80217 60.81446 92.08717 68.66126 90.79445 66.68372 60.7462 51.45526 54.73948 93.22782 88.34737 95.36298 54.65894 71.84669 66.65003 87.47164 58.4265 77.94098 79.55706 80.839 56.90469 61.93471 69.69661 64.33277 x 51.93545 81.97876 76.07146 74.75085 x 66.70299 50.62065 66.78632 84.89761 71.17659 97.11606 91.49825 78.63263 53.16707 59.26241 60.94551 62.10052 59.28877 66.45612 69.99769 88.54354 64.40779 x
70.71379 64.05018 89.53148 72.7774 85.37837 x 62.06792 56.45452 80.40031 x 74.70611 x 66.92803 78.79475 68.88974 59.54774 85.34862 63.37552 60.84182 58.60986 68.36428 77.84168 87.02246 68.03319 66.25111 50.49428 50.77009 68.22993 x 93.5572 79.07027 66.70299 x 68.98911 80.99469 82.70236 81.09587 97.94274 67.98693 68.19965 54.15094 93.58941 71.321 x 64.48237 79.66436 69.39083 71.39779 96.52002 x
65.45092 89.61136 72.35377 93.001 78.29648 63.98707 67.86064 60.45369 71.02711 90.16088 63.1369 62.98768 71.47672 54.87104 89.16701 61.44894 84.74193 81.927 64.50892 85.43439 68.57069 72.21448 82.97252 x 84.7652 71.85791 69.18696 57.08283 84.80007 86.50433 58.33246 50.62065 68.98911 x 74.85046 94.35392 58.65435 72.42122 84.75599 68.62635 x 75.26313 93.92192 72.22436 95.50856 59.6082 69.40738 57.14108 50.71945 90.8246
79.03477 54.92209 50.12616 96.96064 50.81932 66.78171 78.43069 90.23481 67.96321 54.57152 94.73788 88.05999 61.42051 75.56907 66.59893 87.82428 x 81.16471 85.80545 91.89064 68.65113 60.88665 76.85601 50.68426 63.0196 66.00121 97.02554 x 69.00141 68.637 84.07871 66.78632 80.99469 74.85046 x 76.14171 92.36843 59.05317 75.53133 55.63337 61.83698 94.97629 69.61546 66.86165 59.96425 93.19667 59.53453 91.76269 98.20951 93.63781
59.16023 86.24452 86.69155 78.5593 50.5762 89.34021 82.69089 60.19593 87.67891 60.92722 75.08382 56.04408 84.8473 89.58341 52.43146 58.33733 70.2048 64.27127 97.82661 58.54716 57.84447 77.24907 67.47875 89.02596 71.47602 71.78611 60.18381 98.8302 54.02601 65.79142 59.43725 84.89761 82.70236 94.35392 76.14171 x 68.62431 95.91647 85.62265 82.60396 75.40957 83.74647 52.64617 74.66675 94.40235 83.99246 81.81091 80.14227 79.96263 86.06984
87.39972 75.82693 74.318 67.42579 64.73406 77.57457 87.75863 77.69484 58.96031 88.40845 87.99965 57.62234 57.41899 78.26099 65.80781 53.38697 70.34729 79.30484 87.66284 59.23786 98.35345 82.72145 94.98314 56.65458 73.67529 69.34617 55.96014 73.18951 69.41063 75.73389 90.62731 71.17659 81.09587 58.65435 92.36843 68.62431 x 59.82167 72.83786 72.63176 80.79756 81.71306 71.36344 62.66291 58.39452 93.05538 83.92189 50.49768 84.57157 81.02046
77.31037 69.17364 96.23597 69.19431 96.17655 84.33567 64.9509 57.6797 70.37285 61.47166 62.45896 73.39381 51.27757 51.94215 91.35029 58.02095 88.31098 62.33095 73.62907 x 80.68516 79.38653 97.43347 86.43967 66.51534 52.69884 67.41069 66.29965 58.39332 93.23247 88.70347 97.11606 97.94274 72.42122 59.05317 95.91647 59.82167 x 79.77801 97.46273 69.62597 72.80761 50.41431 57.21278 73.88949 70.14808 80.99775 68.44752 66.27552 59.83975
80.52587 79.84243 69.71272 64.03654 72.83087 55.47598 x 58.97817 81.31329 91.2784 87.01584 51.31034 89.74338 75.47484 59.2028 52.38456 66.79145 80.23714 50.13429 76.94487 x 68.77736 89.16651 85.48594 88.57682 68.00703 52.21541 53.0304 x 91.02289 95.15438 91.49825 67.98693 84.75599 75.53133 85.62265 72.83786 79.77801 x 74.10595 51.56146 95.24506 80.85123 83.35846 80.35847 56.52667 83.72827 60.89729 89.62903 56.53001
62.91263 x 98.81172 86.7384 53.98686 69.1262 55.61973 69.17068 56.42019 63.54432 68.81217 78.85403 52.26264 67.45109 93.96469 58.66801 57.54994 74.5458 90.2876 75.99777 51.51673 68.25211 80.45589 52.5541 x 81.23994 89.37137 50.63967 94.79972 98.00354 60.19152 78.63263 68.19965 68.62635 55.63337 82.60396 72.63176 97.46273 74.10595 x 52.65422 79.6638 79.14146 61.83889 57.24988 92.80579 58.13033 82.61916 79.65035 86.4817
88.61171 81.78431 53.73891 83.84726 87.18761 65.62613 62.50542 88.54703 53.12113 62.28645 94.52731 88.2024 76.72261 90.38071 55.34389 83.38785 89.29178 77.72806 78.54 61.4426 90.12423 95.5376 66.80575 88.50191 79.16242 73.6484 51.45335 x 55.66985 58.51316 82.63094 53.16707 54.15094 x 61.83698 75.40957 80.79756 69.62597 51.56146 52.65422 x 57.20022 55.97078 86.09858 87.91879 96.83086 79.32636 89.85285 75.93364 82.68875
60.9823 78.53434 52.51643 91.09892 89.38555 93.54186 89.56726 84.24151 90.4412 85.11623 89.09999 98.81289 82.90768 67.01754 61.91761 78.75008 51.36688 78.08832 68.38081 95.55042 81.71117 79.90501 59.25984 73.3998 52.34924 80.90971 73.12512 68.5362 75.22678 73.13541 83.67662 59.26241 93.58941 75.26313 94.97629 83.74647 81.71306 72.80761 95.24506 79.6638 57.20022 x 96.80658 96.83089 57.74429 79.60111 67.18627 56.34758 77.2788 x
60.36689 x 62.59929 65.48602 98.1988 61.95773 93.99822 79.37836 53.67276 57.30708 79.50274 94.49469 52.95019 93.00893 62.86512 59.94641 67.62874 68.09716 73.13815 63.47684 x 90.05048 92.35692 55.48149 75.68673 95.53932 55.71735 84.80882 85.98837 50.00595 54.8685 60.94551 71.321 93.92192 69.61546 52.64617 71.36344 50.41431 80.85123 79.14146 55.97078 96.80658 x 84.21821 96.73801 60.0001 67.1756 69.95093 51.82374 50.84368
69.04269 81.5006 58.00851 51.03624 83.82565 57.09686 69.19024 70.3079 54.61315 x 97.51019 50.83822 55.33792 88.58226 93.20216 81.20402 76.97527 67.50396 x 71.9608 84.75023 90.67145 x 53.30438 59.15854 84.50195 77.15089 62.79325 51.24402 75.61929 64.75213 62.10052 x 72.22436 66.86165 74.66675 62.66291 57.21278 83.35846 61.83889 86.09858 96.83089 84.21821 x 70.18745 51.09572 70.52882 89.84753 81.3477 80.42419
77.57705 79.51357 90.10445 97.56405 83.85624 64.5723 84.8093 87.37567 94.70931 70.85048 53.65386 74.41218 60.08927 54.58771 64.13634 60.26415 81.8386 62.5119 63.32466 x 58.85951 62.74879 81.9525 69.12329 62.73773 x 57.93542 66.76745 72.71377 68.34392 68.10807 59.28877 64.48237 95.50856 59.96425 94.40235 58.39452 73.88949 80.35847 57.24988 87.91879 57.74429 96.73801 70.18745 x 85.64031 62.59259 92.49799 74.81026 75.99009
97.36489 63.20141 69.46002 59.16051 94.15833 67.25153 x 75.8388 79.65611 60.52778 66.69865 62.90719 78.46437 54.88982 89.4147 61.40197 95.46414 76.66117 59.61558 90.12741 74.97319 53.49717 92.93073 86.21347 74.30818 65.13723 77.29864 75.83664 62.50046 82.24236 61.84039 66.45612 79.66436 59.6082 93.19667 83.99246 93.05538 70.14808 56.52667 92.80579 96.83086 79.60111 60.0001 51.09572 85.64031 x x 68.26445 68.40423 x
78.81389 73.49431 62.22406 79.18998 76.5447 x 52.90754 62.0709 98.12337 60.09918 59.01432 94.81185 91.99241 53.28123 61.10222 61.37125 86.15324 82.86072 62.32157 98.84733 94.24442 74.0103 64.50941 54.18933 72.7373 70.12886 x 92.14707 55.75651 73.04814 83.44569 69.99769 69.39083 69.40738 59.53453 81.81091 83.92189 80.99775 83.72827 58.13033 79.32636 67.18627 67.1756 70.52882 62.59259 x x 94.83379 53.91295 96.08024
52.03215 89.27257 x 80.99707 96.59803 78.44982 81.58324 50.27872 65.99091 53.34059 75.26988 60.82503 85.08797 86.03195 96.23822 87.62611 73.68508 84.84781 74.20846 75.11131 x x 74.01396 61.22455 85.49019 56.91549 62.12991 83.08202 81.25319 x 64.08916 88.54354 71.39779 57.14108 91.76269 80.14227 50.49768 68.44752 60.89729 82.61916 89.85285 56.34758 69.95093 89.84753 92.49799 68.26445 94.83379 x 86.46522 91.81712
98.66896 73.80936 51.98826 67.3129 77.64795 83.70794 66.48788 82.79411 63.7201 90.10015 80.47132 77.95318 79.5465 53.52377 93.56364 91.97139 92.20834 83.75295 76.60482 80.11045 82.08381 93.2831 56.46181 90.62214 84.81611 67.64091 80.45619 91.71508 89.76531 51.52489 54.42388 64.40779 96.52002 50.71945 98.20951 79.96263 84.57157 66.27552 89.62903 79.65035 75.93364 77.2788 51.82374 81.3477 74.81026 68.40423 53.91295 86.46522 x 87.00495
72.12158 73.35031 79.84406 98.19844 87.38514 50.47666 50.07633 x 98.8449 81.16965 x 59.63859 56.57915 85.58552 73.81272 62.29648 62.42979 87.46131 72.30362 96.57356 80.00162 61.08931 96.37965 69.78757 75.45211 69.5716 67.07967 62.78142 86.28361 83.53976 83.1951 x x 90.8246 93.63781 86.06984 81.02046 59.83975 56.53001 86.4817 82.68875 x 50.84368 80.42419 75.99009 x 96.08024 91.81712 87.00495 x