50
25
0 1 2 3 4 5 6 7 8 9 10 11 12 13 14 15 16 17 18 19 20 21 22 23 24 25 26 27 28 29 30 31 32 33 34 35 36 37 38 39 40 41 42 43 44 45 46 47 48 49
12 14 17 26 8 32 34 39 13 48 44 37 15 2 6 28 3 20 16 24 45 38 36 29 9
0
x 78.67167 65.39575 88.27124 95.59235 90.83592 59.63723 81.70315 93.28822 61.40285 50.52048 51.95895 56.2751 83.97163 93.32959 94.7217 85.17004 x 96.03203 84.02813 54.12025 76.06303 58.21672 77.82768 66.39177 50.35224 53.87574 56.58856 58.92555 70.93733 71.95091 83.88517 59.56408 67.39247 51.56973 58.39327 58.81162 72.77588 65.03328 54.28402 88.2215 93.40447 76.10349 x 88.34318 54.82952 83.22666 75.33986 58.67621 70.76165
78.67167 x 85.69424 56.52027 93.49674 89.13677 95.10163 85.21602 72.82538 74.73384 96.49524 54.60372 59.69239 52.28196 86.27808 x x 63.15404 89.86981 x 66.48534 54.50851 92.19585 62.78745 71.4206 79.98456 78.14838 92.18618 77.4065 73.0711 50.01054 84.01842 84.14292 59.22872 x 62.29196 62.76867 63.47404 50.1548 86.12858 95.65536 61.6377 57.30198 80.44798 80.6207 77.43739 70.02177 75.09272 53.4843 81.69433
65.39575 85.69424 x 65.25045 x 93.98417 70.41116 71.33863 55.54056 63.90633 92.02813 89.19865 72.70059 70.83746 63.31314 55.39243 52.92686 x 58.99688 70.30936 81.08421 91.54893 71.9023 56.79204 77.60006 73.57857 80.96701 74.0077 78.85893 53.26072 75.16472 95.52975 88.39518 55.60163 85.49199 61.06603 93.80112 83.34911 70.31759 74.75571 56.93843 82.50382 98.61271 69.51027 58.02884 50.44246 94.09812 96.77949 95.50157 88.13209
88.27124 56.52027 65.25045 x 72.51437 79.53331 77.36405 72.70521 75.48152 78.42504 81.95066 68.03226 80.82376 78.39774 67.07564 x 50.8287 52.69392 60.6579 51.08824 55.70452 52.12029 60.54981 90.48625 90.92635 58.55389 98.82641 94.01618 93.01719 98.3952 x 95.35005 x 54.40301 91.78085 50.42547 62.23489 51.87136 95.75426 71.5823 x 58.43387 82.72069 54.62135 84.42634 63.3579 64.8594 90.4091 85.41338 58.4184
95.59235 93.49674 x 72.51437 x 64.97708 66.34707 79.73578 x 90.7458 79.36563 63.92657 67.32137 80.0037 82.55797 64.43681 67.81343 78.50367 76.09419 81.74219 51.13322 79.29068 91.13677 94.24337 69.32539 76.55509 67.25782 51.62561 84.98645 86.42573 89.9985 56.31173 61.48137 72.94248 54.07082 85.73804 92.45392 87.91418 90.72037 88.12344 61.95163 x 53.71356 91.30647 93.67851 59.66976 x 81.91285 74.90427 66.6479
90.83592 89.13677 93.98417 79.53331 64.97708 x 53.71585 90.93227 x 73.69107 76.28005 65.36807 68.14899 54.3226 92.379 51.84562 94.48285 96.21309 87.75765 71.52618 59.68109 55.61105 58.32562 94.28779 84.27728 95.64256 61.01848 86.28795 78.71514 85.91659 63.9876 81.52501 94.13949 65.89293 89.14932 59.89573 74.1529 64.82328 69.5346 68.14262 96.81523 81.04937 55.97774 51.40729 81.89661 69.25609 85.01483 91.83962 72.55921 x
59.63723 95.10163 70.41116 77.36405 66.34707 53.71585 x 69.58527 94.98626 77.64787 80.8028 90.80441 91.49086 80.12195 66.19173 80.24179 72.55175 94.22939 62.0224 53.05039 66.89241 83.8877 97.10142 86.70761 79.32748 56.90283 91.28115 72.23235 67.01774 90.6505 57.94188 97.18132 71.71825 68.99303 88.79344 61.47303 61.36421 63.74324 83.63518 78.78189 78.51889 80.53578 74.67751 50.44137 65.75921 92.59368 82.82754 68.31783 71.59202 71.09376
81.70315 85.21602 71.33863 72.70521 79.73578 90.93227 69.58527 x 57.9564 69.24113 86.29041 83.73852 93.24891 96.70614 75.46742 68.71587 96.6938 51.28524 80.35369 79.48232 83.5391 87.16653 80.60425 76.34618 92.07208 78.5022 59.49503 62.77148 55.92354 50.34515 69.87087 69.57538 64.18507 62.39827 59.97351 60.07245 66.71689 51.84037 77.83791 x 63.57442 87.47712 83.68393 52.34729 58.95086 85.29079 95.15667 54.47459 85.72703 95.65698
93.28822 72.82538 55.54056 75.48152 x x 94.98626 57.9564 x 91.34586 67.5422 72.52218 88.42797 x 82.22175 70.33803 50.96459 69.24219 85.50861 66.22429 95.6857 52.91326 93.30115 97.0819 x 52.34617 66.87679 64.13402 51.11759 x 90.6597 98.93817 75.77668 97.65557 66.2655 67.7235 91.9669 52.31824 94.64087 77.23648 95.3672 87.32196 81.68235 89.00025 82.67697 68.07632 76.03603 64.21783 75.66515 61.58566
61.40285 74.73384 63.90633 78.42504 90.7458 73.69107 77.64787 69.24113 91.34586 x 75.84404 53.68955 70.20557 82.04268 97.66013 95.20848 65.34852 74.06093 78.59381 58.08427 84.06967 76.57712 78.49669 63.66762 88.46604 67.48665 93.39027 60.15888 69.16896 77.65863 94.31891 69.90573 78.42114 50.23248 84.30616 62.02901 65.2725 98.82413 89.73015 89.1736 x 92.56113 94.86562 91.02307 87.1832 62.50515 84.12757 59.61498 76.48058 92.37992
50.52048 96.49524 92.02813 81.95066 79.36563 76.28005 80.8028 86.29041 67.5422 75.84404 x 82.22377 77.46184 67.3201 92.66738 50.92728 69.77264 86.05177 96.22199 66.39195 88.28887 96.45645 84.29671 57.78328 81.37295 72.96387 53.09624 64.33737 62.92049 77.26817 68.15127 77.52724 87.27967 71.29803 92.5975 69.21089 59.25188 75.31785 66.69914 81.31882 96.41345 60.71567 58.44108 89.8035 88.44157 69.73745 51.2285 91.25336 75.48737 58.91598
51.95895 54.60372 89.19865 68.03226 63.92657 65.36807 90.80441 83.73852 72.52218 53.68955 82.22377 x 83.34532 96.77123 84.32821 90.79519 77.6307 66.89227 79.16417 74.92209 77.63051 82.2634 54.09043 59.37458 96.89995 94.55148 69.36889 64.18856 63.30429 84.54154 65.14888 x 83.77734 60.94406 88.36883 61.78953 83.20527 88.13444 56.44025 50.57651 82.77508 70.85172 79.6412 54.40556 68.73897 94.35078 89.44514 74.15176 73.31921 98.6623
56.2751 59.69239 72.70059 80.82376 67.32137 68.14899 91.49086 93.24891 88.42797 70.20557 77.46184 83.34532 x 55.23448 66.87782 91.87344 69.40595 78.53078 82.81873 64.8043 75.17099 69.74487 57.3067 72.37213 64.87565 x 78.95 x 73.89405 58.16207 58.38674 72.37799 70.43508 60.7731 91.557 69.87602 79.30017 65.68974 97.75929 69.75403 61.47945 71.08837 84.62972 54.65223 52.6797 97.4202 79.78647 71.96063 62.35721 51.73221
83.97163 52.28196 70.83746 78.39774 80.0037 54.3226 80.12195 96.70614 x 82.04268 67.3201 96.77123 55.23448 x x 93.61601 51.72805 72.7868 59.52554 54.69502 57.84285 81.26585 85.50018 96.28036 61.12568 67.97571 83.43913 56.59744 96.79664 52.14462 88.68543 80.93695 79.14253 x x 68.01522 53.96906 53.76404 76.80133 86.39292 x 58.34299 62.40698 94.42611 81.36896 74.43831 67.15082 92.79239 98.68753 92.22865
93.32959 86.27808 63.31314 67.07564 82.55797 92.379 66.19173 75.46742 82.22175 97.66013 92.66738 84.32821 66.87782 x x 98.74017 61.21542 69.91891 69.7396 63.38182 97.9451 52.9021 56.12822 78.12117 70.37298 70.38908 56.97872 78.65849 53.51775 91.9965 91.91424 x 51.50528 61.15746 86.20214 52.76842 76.40151 64.64829 82.96906 56.78314 90.75937 50.52478 57.60693 81.87976 64.60703 51.29451 51.73361 x 85.19255 82.43036
94.7217 x 55.39243 x 64.43681 51.84562 80.24179 68.71587 70.33803 95.20848 50.92728 90.79519 91.87344 93.61601 98.74017 x 87.09612 55.44603 86.52203 64.55624 79.25312 53.07755 73.81418 78.35378 82.39999 x 78.68857 91.9234 55.73672 67.35454 83.3416 x 51.22937 61.85875 77.16191 51.80448 75.09666 63.2305 91.50636 53.73514 66.67193 64.96616 96.21307 88.08279 56.41481 80.98219 73.54173 71.21444 86.74789 84.81854
85.17004 x 52.92686 50.8287 67.81343 94.48285 72.55175 96.6938 50.96459 65.34852 69.77264 77.6307 69.40595 51.72805 61.21542 87.09612 x 96.24356 90.1663 67.29791 74.22319 86.88404 97.85626 92.38917 52.13395 58.72389 74.59434 85.37249 92.56487 59.94917 70.75389 98.41556 58.51859 x x 63.69935 x 74.51851 81.32063 53.85761 69.10757 57.8934 89.26998 59.06495 95.84676 50.76216 53.51275 98.26675 87.94748 82.02836
x 63.15404 x 52.69392 78.50367 96.21309 94.22939 51.28524 69.24219 74.06093 86.05177 66.89227 78.53078 72.7868 69.91891 55.44603 96.24356 x 55.37265 86.6188 69.22209 91.26491 x 55.17691 95.77868 80.97154 97.38726 77.92018 91.55273 79.80933 50.5134 61.61597 98.30133 85.39323 61.88868 67.76294 77.56069 89.99162 87.1586 80.10747 82.46046 92.94392 81.75688 54.44356 75.47086 57.43382 78.98056 96.73994 52.76397 79.13553
96.03203 89.86981 58.99688 60.6579 76.09419 87.75765 62.0224 80.35369 85.50861 78.59381 96.22199 79.16417 82.81873 59.52554 69.7396 86.52203 90.1663 55.37265 x 63.61424 96.00809 95.01916 73.06998 60.39846 59.22827 69.53977 92.63562 64.80898 64.16244 x 62.66552 57.77612 51.56029 89.4287 72.45222 77.51902 78.72748 58.3238 71.76885 79.21788 x 73.23485 92.14814 80.17109 98.81393 57.76627 55.95281 62.94653 59.05418 84.56262
84.02813 x 70.30936 51.08824 81.74219 71.52618 53.05039 79.48232 66.22429 58.08427 66.39195 74.92209 64.8043 54.69502 63.38182 64.55624 67.29791 86.6188 63.61424 x 68.70441 76.49116 80.12502 62.49728 93.73637 53.15544 x 52.93279 94.04483 97.85137 76.2766 x 84.70191 x 56.53102 68.2883 54.92152 90.38027 56.94547 97.1677 66.27401 97.96304 97.30939 82.04218 96.15604 73.33585 58.98628 62.05715 59.92699 80.58514
54.12025 66.48534 81.08421 55.70452 51.13322 59.68109 66.89241 83.5391 95.6857 84.06967 88.28887 77.63051 75.17099 57.84285 97.9451 79.25312 74.22319 69.22209 96.00809 68.70441 x 79.8795 70.89394 72.63672 70.99814 82.31373 70.43281 91.8577 87.28897 67.42839 95.0769 96.69282 55.80812 82.13892 85.94285 71.74372 79.44505 68.80166 53.90127 91.48942 60.50095 54.25046 59.54712 57.84719 96.9772 60.32794 56.79418 74.32983 98.29452 91.80475
76.06303 54.50851 91.54893 52.12029 79.29068 55.61105 83.8877 87.16653 52.91326 76.57712 96.45645 82.2634 69.74487 81.26585 52.9021 53.07755 86.88404 91.26491 95.01916 76.49116 79.8795 x 71.71595 77.17849 90.02631 86.21513 74.93541 92.77291 51.61214 65.3473 89.61527 71.35604 55.75436 56.61175 90.12995 66.82059 52.70177 87.47091 64.58908 65.15682 87.38071 53.84527 56.67449 78.10806 65.15927 69.34685 87.44457 52.08064 71.37739 68.26332
58.21672 92.19585 71.9023 60.54981 91.13677 58.32562 97.10142 80.60425 93.30115 78.49669 84.29671 54.09043 57.3067 85.50018 56.12822 73.81418 97.85626 x 73.06998 80.12502 70.89394 71.71595 x 63.84607 80.72537 62.45902 x 53.33466 67.63138 76.86566 93.25612 85.60901 59.68655 54.10803 97.47771 62.87335 67.44424 91.82834 52.9505 72.37583 70.15723 98.64397 93.19243 55.47659 91.3502 87.6201 95.97004 64.14144 65.27677 93.51386
77.82768 62.78745 56.79204 90.48625 94.24337 94.28779 86.70761 76.34618 97.0819 63.66762 57.78328 59.37458 72.37213 96.28036 78.12117 78.35378 92.38917 55.17691 60.39846 62.49728 72.63672 77.17849 63.84607 x 76.00901 93.32898 64.89128 79.54865 82.52614 69.69474 97.53056 50.79823 74.18413 71.67313 85.77734 88.56446 67.69684 60.59482 65.25002 90.05349 67.15005 85.50974 72.6889 80.85651 79.84516 80.63805 71.48096 83.89135 63.37414 54.99841
66.39177 71.4206 77.60006 90.92635 69.32539 84.27728 79.32748 92.07208 x 88.46604 81.37295 96.89995 64.87565 61.12568 70.37298 82.39999 52.13395 95.77868 59.22827 93.73637 70.99814 90.02631 80.72537 76.00901 x 83.96562 77.50987 56.44946 88.57458 76.95117 55.13467 58.42863 55.22757 78.73356 64.04769 x 56.59566 80.55481 94.86009 74.87151 64.78465 67.86418 63.53596 55.91737 56.03143 62.95069 67.999 56.28245 64.18501 69.44896
50.35224 79.98456 73.57857 58.55389 76.55509 95.64256 56.90283 78.5022 52.34617 67.48665 72.96387 94.55148 x 67.97571 70.38908 x 58.72389 80.97154 69.53977 53.15544 82.31373 86.21513 62.45902 93.32898 83.96562 x 62.06066 69.25102 69.87362 67.76246 91.86253 52.29962 60.80786 57.04056 61.22985 98.39224 90.36655 65.25525 92.15519 77.81744 92.93373 52.97561 78.34954 57.39935 79.47304 62.73642 91.10421 75.33115 75.62376 92.61767
53.87574 78.14838 80.96701 98.82641 67.25782 61.01848 91.28115 59.49503 66.87679 93.39027 53.09624 69.36889 78.95 83.43913 56.97872 78.68857 74.59434 97.38726 92.63562 x 70.43281 74.93541 x 64.89128 77.50987 62.06066 x 55.10454 68.15476 96.00044 79.38114 83.39166 68.91769 77.76195 82.47692 57.64829 77.02654 75.07356 67.12399 84.94646 x 85.65224 98.38568 58.04176 52.80297 x 75.06869 83.05807 50.79061 95.45
56.58856 92.18618 74.0077 94.01618 51.62561 86.28795 72.23235 62.77148 64.13402 60.15888 64.33737 64.18856 x 56.59744 78.65849 91.9234 85.37249 77.92018 64.80898 52.93279 91.8577 92.77291 53.33466 79.54865 56.44946 69.25102 55.10454 x 61.69302 73.40548 98.91926 73.8536 64.4035 63.62309 71.26831 66.71484 71.41591 77.68951 x 52.0227 89.25624 60.86855 90.48372 66.75451 63.63269 89.8408 87.28737 97.45077 74.91707 67.69099
58.92555 77.4065 78.85893 93.01719 84.98645 78.71514 67.01774 55.92354 51.11759 69.16896 62.92049 63.30429 73.89405 96.79664 53.51775 55.73672 92.56487 91.55273 64.16244 94.04483 87.28897 51.61214 67.63138 82.52614 88.57458 69.87362 68.15476 61.69302 x 60.46755 61.79512 72.95863 68.34102 74.39849 65.03069 71.5028 59.61261 74.40761 84.84061 94.63936 77.2433 51.90933 52.94671 51.41873 81.30587 80.06917 60.89271 54.53391 94.97501 52.56133
70.93733 73.0711 53.26072 98.3952 86.42573 85.91659 90.6505 50.34515 x 77.65863 77.26817 84.54154 58.16207 52.14462 91.9965 67.35454 59.94917 79.80933 x 97.85137 67.42839 65.3473 76.86566 69.69474 76.95117 67.76246 96.00044 73.40548 60.46755 x 85.29726 95.66852 55.73786 83.56472 77.33294 91.68664 61.09155 53.37563 51.95465 86.48849 88.3609 80.21878 93.21344 65.10213 75.16751 91.43147 96.91308 57.7862 x 63.12241
71.95091 50.01054 75.16472 x 89.9985 63.9876 57.94188 69.87087 90.6597 94.31891 68.15127 65.14888 58.38674 88.68543 91.91424 83.3416 70.75389 50.5134 62.66552 76.2766 95.0769 89.61527 93.25612 97.53056 55.13467 91.86253 79.38114 98.91926 61.79512 85.29726 x 80.15654 54.87598 79.21152 54.62665 52.63146 x 66.02618 62.34119 76.87574 71.05502 70.27415 56.30823 61.87489 52.9869 98.18501 50.68594 51.56455 64.58952 69.48393
83.88517 84.01842 95.52975 95.35005 56.31173 81.52501 97.18132 69.57538 98.93817 69.90573 77.52724 x 72.37799 80.93695 x x 98.41556 61.61597 57.77612 x 96.69282 71.35604 85.60901 50.79823 58.42863 52.29962 83.39166 73.8536 72.95863 95.66852 80.15654 x 82.95747 77.54234 77.49004 74.81606 86.64488 63.15053 84.92674 82.71022 68.99959 88.84418 74.55214 84.08812 90.39787 84.49387 55.47543 64.96546 68.21929 98.19957
59.56408 84.14292 88.39518 x 61.48137 94.13949 71.71825 64.18507 75.77668 78.42114 87.27967 83.77734 70.43508 79.14253 51.50528 51.22937 58.51859 98.30133 51.56029 84.70191 55.80812 55.75436 59.68655 74.18413 55.22757 60.80786 68.91769 64.4035 68.34102 55.73786 54.87598 82.95747 x 60.05223 90.33697 72.8825 50.51225 60.31848 82.0491 85.26607 62.13127 60.03545 x 74.27584 96.37104 62.59253 90.99008 95.60759 88.20713 53.65425
67.39247 59.22872 55.60163 54.40301 72.94248 65.89293 68.99303 62.39827 97.65557 50.23248 71.29803 60.94406 60.7731 x 61.15746 61.85875 x 85.39323 89.4287 x 82.13892 56.61175 54.10803 71.67313 78.73356 57.04056 77.76195 63.62309 74.39849 83.56472 79.21152 77.54234 60.05223 x 92.9753 58.60592 52.66396 75.19287 69.93031 68.81013 52.11208 69.12784 70.32822 63.01567 63.70591 70.87714 62.02413 75.26212 52.87375 85.08972
51.56973 x 85.49199 91.78085 54.07082 89.14932 88.79344 59.97351 66.2655 84.30616 92.5975 88.36883 91.557 x 86.20214 77.16191 x 61.88868 72.45222 56.53102 85.94285 90.12995 97.47771 85.77734 64.04769 61.22985 82.47692 71.26831 65.03069 77.33294 54.62665 77.49004 90.33697 92.9753 x 83.19903 70.51555 66.04867 72.10196 53.92701 57.27306 60.93716 88.14382 78.52775 81.52012 51.31376 70.67109 85.8618 88.09257 83.02175
58.39327 62.29196 61.06603 50.42547 85.73804 59.89573 61.47303 60.07245 67.7235 62.02901 69.21089 61.78953 69.87602 68.01522 52.76842 51.80448 63.69935 67.76294 77.51902 68.2883 71.74372 66.82059 62.87335 88.56446 x 98.39224 57.64829 66.71484 71.5028 91.68664 52.63146 74.81606 72.8825 58.60592 83.19903 x 72.91019 60.37879 71.8709 56.16001 57.116 71.23839 93.32092 71.54948 63.92298 57.5354 x 64.99015 82.79919 94.87092
58.81162 62.76867 93.80112 62.23489 92.45392 74.1529 61.36421 66.71689 91.9669 65.2725 59.25188 83.20527 79.30017 53.96906 76.40151 75.09666 x 77.56069 78.72748 54.92152 79.44505 52.70177 67.44424 67.69684 56.59566 90.36655 77.02654 71.41591 59.61261 61.09155 x 86.64488 50.51225 52.66396 70.51555 72.91019 x 79.26461 68.45342 81.11059 82.85844 65.67737 81.47397 55.98721 74.66261 96.50751 81.14722 62.70562 77.41329 x
72.77588 63.47404 83.34911 51.87136 87.91418 64.82328 63.74324 51.84037 52.31824 98.82413 75.31785 88.13444 65.68974 53.76404 64.64829 63.2305 74.51851 89.99162 58.3238 90.38027 68.80166 87.47091 91.82834 60.59482 80.55481 65.25525 75.07356 77.68951 74.40761 53.37563 66.02618 63.15053 60.31848 75.19287 66.04867 60.37879 79.26461 x x 82.89816 51.0828 84.84579 x 90.86564 67.85548 65.91588 84.26156 63.35286 67.33878 52.98071
65.03328 50.1548 70.31759 95.75426 90.72037 69.5346 83.63518 77.83791 94.64087 89.73015 66.69914 56.44025 97.75929 76.80133 82.96906 91.50636 81.32063 87.1586 71.76885 56.94547 53.90127 64.58908 52.9505 65.25002 94.86009 92.15519 67.12399 x 84.84061 51.95465 62.34119 84.92674 82.0491 69.93031 72.10196 71.8709 68.45342 x x 82.89382 69.30411 98.72969 69.51161 66.26998 79.30654 76.53041 61.71354 75.73527 96.53753 97.52231
54.28402 86.12858 74.75571 71.5823 88.12344 68.14262 78.78189 x 77.23648 89.1736 81.31882 50.57651 69.75403 86.39292 56.78314 53.73514 53.85761 80.10747 79.21788 97.1677 91.48942 65.15682 72.37583 90.05349 74.87151 77.81744 84.94646 52.0227 94.63936 86.48849 76.87574 82.71022 85.26607 68.81013 53.92701 56.16001 81.11059 82.89816 82.89382 x 64.85137 88.50656 80.70507 62.52444 87.64859 95.12991 93.80051 69.65101 52.40453 61.30773
88.2215 95.65536 56.93843 x 61.95163 96.81523 78.51889 63.57442 95.3672 x 96.41345 82.77508 61.47945 x 90.75937 66.67193 69.10757 82.46046 x 66.27401 60.50095 87.38071 70.15723 67.15005 64.78465 92.93373 x 89.25624 77.2433 88.3609 71.05502 68.99959 62.13127 52.11208 57.27306 57.116 82.85844 51.0828 69.30411 64.85137 x 81.36719 71.77956 51.16014 81.53142 91.92962 x 78.88081 50.31475 58.96678
93.40447 61.6377 82.50382 58.43387 x 81.04937 80.53578 87.47712 87.32196 92.56113 60.71567 70.85172 71.08837 58.34299 50.52478 64.96616 57.8934 92.94392 73.23485 97.96304 54.25046 53.84527 98.64397 85.50974 67.86418 52.97561 85.65224 60.86855 51.90933 80.21878 70.27415 88.84418 60.03545 69.12784 60.93716 71.23839 65.67737 84.84579 98.72969 88.50656 81.36719 x 75.01065 89.57051 98.2538 70.75913 82.58895 74.28538 93.63222 74.19711
76.10349 57.30198 98.61271 82.72069 53.71356 55.97774 74.67751 83.68393 81.68235 94.86562 58.44108 79.6412 84.62972 62.40698 57.60693 96.21307 89.26998 81.75688 92.14814 97.30939 59.54712 56.67449 93.19243 72.6889 63.53596 78.34954 98.38568 90.48372 52.94671 93.21344 56.30823 74.55214 x 70.32822 88.14382 93.32092 81.47397 x 69.51161 80.70507 71.77956 75.01065 x 51.8471 98.78947 x 84.7395 72.42541 89.49352 72.13135
x 80.44798 69.51027 54.62135 91.30647 51.40729 50.44137 52.34729 89.00025 91.02307 89.8035 54.40556 54.65223 94.42611 81.87976 88.08279 59.06495 54.44356 80.17109 82.04218 57.84719 78.10806 55.47659 80.85651 55.91737 57.39935 58.04176 66.75451 51.41873 65.10213 61.87489 84.08812 74.27584 63.01567 78.52775 71.54948 55.98721 90.86564 66.26998 62.52444 51.16014 89.57051 51.8471 x 95.50347 55.08268 92.85588 73.41683 98.34084 92.09185
88.34318 80.6207 58.02884 84.42634 93.67851 81.89661 65.75921 58.95086 82.67697 87.1832 88.44157 68.73897 52.6797 81.36896 64.60703 56.41481 95.84676 75.47086 98.81393 96.15604 96.9772 65.15927 91.3502 79.84516 56.03143 79.47304 52.80297 63.63269 81.30587 75.16751 52.9869 90.39787 96.37104 63.70591 81.52012 63.92298 74.66261 67.85548 79.30654 87.64859 81.53142 98.2538 98.78947 95.50347 x 98.7025 84.66225 75.68364 74.49852 52.02192
54.82952 77.43739 50.44246 63.3579 59.66976 69.25609 92.59368 85.29079 68.07632 62.50515 69.73745 94.35078 97.4202 74.43831 51.29451 80.98219 50.76216 57.43382 57.76627 73.33585 60.32794 69.34685 87.6201 80.63805 62.95069 62.73642 x 89.8408 80.06917 91.43147 98.18501 84.49387 62.59253 70.87714 51.31376 57.5354 96.50751 65.91588 76.53041 95.12991 91.92962 70.75913 x 55.08268 98.7025 x 65.74518 54.6775 73.0748 66.60163
83.22666 70.02177 94.09812 64.8594 x 85.01483 82.82754 95.15667 76.03603 84.12757 51.2285 89.44514 79.78647 67.15082 51.73361 73.54173 53.51275 78.98056 55.95281 58.98628 56.79418 87.44457 95.97004 71.48096 67.999 91.10421 75.06869 87.28737 60.89271 96.91308 50.68594 55.47543 90.99008 62.02413 70.67109 x 81.14722 84.26156 61.71354 93.80051 x 82.58895 84.7395 92.85588 84.66225 65.74518 x 59.62604 94.58321 x
75.33986 75.09272 96.77949 90.4091 81.91285 91.83962 68.31783 54.47459 64.21783 59.61498 91.25336 74.15176 71.96063 92.79239 x 71.21444 98.26675 96.73994 62.94653 62.05715 74.32983 52.08064 64.14144 83.89135 56.28245 75.33115 83.05807 97.45077 54.53391 57.7862 51.56455 64.96546 95.60759 75.26212 85.8618 64.99015 62.70562 63.35286 75.73527 69.65101 78.88081 74.28538 72.42541 73.41683 75.68364 54.6775 59.62604 x 53.22886 61.78262
58.67621 53.4843 95.50157 85.41338 74.90427 72.55921 71.59202 85.72703 75.66515 76.48058 75.48737 73.31921 62.35721 98.68753 85.19255 86.74789 87.94748 52.76397 59.05418 59.92699 98.29452 71.37739 65.27677 63.37414 64.18501 75.62376 50.79061 74.91707 94.97501 x 64.58952 68.21929 88.20713 52.87375 88.09257 82.79919 77.41329 67.33878 96.53753 52.40453 50.31475 93.63222 89.49352 98.34084 74.49852 73.0748 94.58321 53.22886 x 59.66063
70.76165 81.69433 88.13209 58.4184 66.6479 x 71.09376 95.65698 61.58566 92.37992 58.91598 98.6623 51.73221 92.22865 82.43036 84.81854 82.02836 79.13553 84.56262 80.58514 91.80475 68.26332 93.51386 54.99841 69.44896 92.61767 95.45 67.69099 52.56133 63.12241 69.48393 98.19957 53.65425 85.08972 83.02175 94.87092 x 52.98071 97.52231 61.30773 58.96678 74.19711 72.13135 92.09185 52.02192 66.60163 x 61.78262 59.66063 x