50
25
0 1 2 3 4 5 6 7 8 9 10 11 12 13 14 15 16 17 18 19 20 21 22 23 24 25 26 27 28 29 30 31 32 33 34 35 36 37 38 39 40 41 42 43 44 45 46 47 48 49
17 28 14 0 1 27 25 29 6 31 39 40 47 18 7 4 12 24 41 22 26 20 13 8 35
0
x 63.46431 61.44055 63.16938 72.73767 79.32164 85.48874 96.42956 92.30112 60.75947 74.99991 82.06875 62.15365 75.08852 66.95622 98.36691 80.35256 74.70557 60.66891 60.38843 90.77292 78.35967 78.37197 55.94674 83.39177 94.70209 75.55081 60.43978 89.1667 80.56628 72.86014 79.39013 91.34361 98.51595 88.43693 65.8117 86.92555 51.60863 97.20992 89.71929 78.82595 75.76863 x x 50.4841 73.79846 97.1216 73.37513 77.85947 82.07019
63.46431 x 81.092 82.68452 65.95121 65.10511 90.94331 53.06671 65.16377 x 54.07965 68.61741 67.81451 76.5719 91.54484 86.94441 97.65732 82.50687 63.21933 57.01997 87.19996 79.23027 78.34829 60.92156 71.22346 60.13278 53.06202 80.88974 91.54094 61.16892 84.36904 x 75.31744 81.68642 51.18327 50.23901 67.49634 92.70264 70.67003 97.9565 60.56267 50.29848 69.92619 84.47901 57.68322 76.1719 72.76915 65.82196 78.35744 90.9208
61.44055 81.092 x 55.48529 92.72585 95.12542 90.58047 58.85498 79.83619 65.77837 77.74111 70.15218 x 55.47034 62.24563 86.61057 73.2567 65.15686 91.29191 79.46966 73.64666 52.5486 67.72111 68.80986 98.7446 66.29978 59.08631 65.55841 68.92651 90.51269 95.81269 59.11493 72.6945 94.40164 70.22951 60.51176 91.1247 54.1847 63.09494 64.48217 95.83429 53.28431 79.07503 70.25603 x 53.54256 70.21947 57.23027 58.16878 67.95045
63.16938 82.68452 55.48529 x 83.94634 57.90895 96.16913 50.78624 x 51.89039 x 65.00858 50.83839 51.97752 52.09802 59.29498 60.68462 52.10754 86.6106 96.43067 64.00821 97.46082 90.41484 x 94.61023 75.56048 x 95.92862 89.44375 83.31237 84.09693 79.72387 52.56388 53.72916 86.34484 61.45949 69.84932 65.2762 95.36251 82.8892 86.79768 x 79.46276 51.90501 75.53993 80.12219 85.42696 84.79529 55.41183 92.57396
72.73767 65.95121 92.72585 83.94634 x x 67.41099 77.77831 94.83447 50.99179 71.2454 70.31278 75.51183 81.52388 75.8832 93.35883 87.14172 57.53636 x 98.62212 98.87387 67.23984 60.90852 63.62297 87.15827 77.16051 87.2868 91.30807 98.31525 51.8395 78.65785 64.38889 82.03201 58.61775 56.54154 81.96791 59.05887 63.67506 64.04231 63.98745 86.72613 71.32275 55.08853 52.7904 93.12222 95.59981 95.22489 60.76113 57.23083 92.99813
79.32164 65.10511 95.12542 57.90895 x x 81.79663 66.98077 73.60487 63.04028 70.24708 57.37874 52.15084 97.77863 80.41225 56.62415 64.85758 65.69892 97.33771 50.28562 80.58837 56.00115 56.19925 93.96901 71.46803 69.01348 74.74373 76.54377 55.78324 x 72.94496 66.57089 75.06641 83.9246 64.47838 x 59.34139 53.73234 55.44954 80.97466 97.18552 90.77592 80.22824 83.64618 59.9432 77.3646 65.69672 84.54929 89.65034 84.27003
85.48874 90.94331 90.58047 96.16913 67.41099 81.79663 x 70.5504 70.59287 72.29646 53.58975 63.79297 x 85.44699 54.12655 51.33303 97.71352 90.50992 58.30965 83.66652 70.4359 97.87741 78.14408 62.93749 69.58106 93.50049 72.80421 88.95617 96.07312 78.86535 63.24106 75.38118 95.45225 98.52427 75.8897 x 81.28268 51.98712 58.86384 78.74899 72.95939 97.98121 65.37447 69.33864 75.0178 84.8633 66.0404 81.42124 93.85155 67.39713
96.42956 53.06671 58.85498 50.78624 77.77831 66.98077 70.5504 x 97.82477 84.00547 91.76948 63.96412 70.70334 70.79031 x 75.8672 86.34927 79.52974 92.35476 90.42651 71.67531 50.79676 78.59596 75.59896 56.73387 55.11923 74.29609 82.34347 51.83776 78.0432 72.28051 60.86678 58.37614 59.06716 91.73375 83.96836 63.43539 85.04278 87.32476 69.9504 62.69395 69.20818 80.88527 87.98146 58.15986 68.8042 78.32471 92.99821 92.11795 83.63952
92.30112 65.16377 79.83619 x 94.83447 73.60487 70.59287 97.82477 x 86.04104 52.62492 83.67567 81.13048 97.32238 50.62526 78.85761 84.92734 x 83.54302 81.0679 51.69292 65.64623 57.36296 78.57327 75.14342 90.05728 51.31759 97.64865 72.69124 77.10852 55.49302 80.89797 90.10845 91.56593 x 50.00108 93.38107 53.15276 90.75121 65.63882 82.06949 62.43932 92.53653 59.32923 80.20436 77.23605 64.45738 79.27357 61.17893 77.23036
60.75947 x 65.77837 51.89039 50.99179 63.04028 72.29646 84.00547 86.04104 x 52.36706 54.12184 76.64838 79.30455 60.52548 67.47437 92.74034 72.62698 67.69801 77.14435 52.54412 81.37403 70.58133 52.07837 77.60245 69.09595 65.76209 96.37436 68.09553 97.05113 86.75365 94.01199 76.21115 51.53769 55.1185 56.64284 55.05145 82.33483 67.64186 89.51938 85.35432 82.35417 89.73125 96.20531 72.06243 69.57753 85.78083 95.96655 90.94412 60.00079
74.99991 54.07965 77.74111 x 71.2454 70.24708 53.58975 91.76948 52.62492 52.36706 x 89.71992 52.73406 72.68697 52.55154 74.2811 69.17319 80.99378 54.65778 95.02597 52.42525 76.44112 77.61885 76.99208 70.14844 x 51.62816 59.3741 56.15986 75.16332 91.60844 70.84452 98.76777 72.82934 63.4648 92.61213 95.31485 67.9571 90.94728 67.42142 87.67395 66.99992 93.50092 68.85822 55.98333 50.68179 75.67823 91.47821 82.76478 65.17496
82.06875 68.61741 70.15218 65.00858 70.31278 57.37874 63.79297 63.96412 83.67567 54.12184 89.71992 x 56.61511 90.37528 70.03179 98.26706 x 56.34978 93.80915 88.09268 81.15306 52.38906 63.78861 x 62.07706 60.73766 61.9674 74.01727 54.29877 x 51.34739 64.93532 69.91695 90.23879 89.41842 x 90.28566 55.10155 59.21811 72.21507 54.73311 92.82962 89.59851 85.63228 86.22202 95.40817 x 63.66541 x 77.1594
62.15365 67.81451 x 50.83839 75.51183 52.15084 x 70.70334 81.13048 76.64838 52.73406 56.61511 x 57.32639 67.59612 83.61167 88.38705 58.55382 86.25486 94.45488 88.0708 80.44008 66.33769 80.88062 x 80.27704 86.30259 57.82803 97.61102 63.24262 58.90979 70.35052 68.84299 53.15014 x 82.34671 81.82181 79.54496 50.79971 x 90.04572 65.22035 95.84999 57.74566 78.13749 90.08071 94.04426 66.72323 86.53642 75.17791
75.08852 76.5719 55.47034 51.97752 81.52388 97.77863 85.44699 70.79031 97.32238 79.30455 72.68697 90.37528 57.32639 x 81.34853 62.97586 95.74433 84.5762 x 81.35608 84.42047 73.18231 93.49976 52.24567 82.72035 76.05287 81.9583 87.70814 97.22291 79.64901 80.85139 72.31931 82.34462 82.59531 94.11837 86.84055 77.84975 97.69205 97.45119 93.6272 60.52325 84.82326 x 64.95674 92.77138 84.83737 53.00063 x 93.5732 79.52555
66.95622 91.54484 62.24563 52.09802 75.8832 80.41225 54.12655 x 50.62526 60.52548 52.55154 70.03179 67.59612 81.34853 x 58.94906 75.70795 84.38047 77.24947 88.65244 75.85312 79.43566 59.30801 54.74909 71.41605 91.66965 67.20978 97.85311 52.15981 65.45076 68.25316 75.09651 52.08323 74.99216 82.44413 59.92579 59.16035 78.52797 81.31255 65.3934 x 90.69035 51.94734 86.68982 57.82697 96.45378 89.00022 70.87166 68.31496 62.82697
98.36691 86.94441 86.61057 59.29498 93.35883 56.62415 51.33303 75.8672 78.85761 67.47437 74.2811 98.26706 83.61167 62.97586 58.94906 x 95.93215 69.8976 77.66411 91.4178 90.08952 93.87053 93.02498 87.05461 61.45187 x 94.92419 76.05973 93.35146 66.649 60.38551 63.50993 69.83854 84.02836 80.89481 51.28511 75.42641 65.26438 72.63247 90.26285 52.06843 59.14692 66.18075 55.69519 79.47707 92.91542 85.2701 63.57604 79.00347 54.79416
80.35256 97.65732 73.2567 60.68462 87.14172 64.85758 97.71352 86.34927 84.92734 92.74034 69.17319 x 88.38705 95.74433 75.70795 95.93215 x 65.39453 86.26682 98.703 56.27616 69.25598 75.49938 65.91836 82.75746 61.78086 51.45917 51.58241 64.44803 78.8775 50.43524 70.10061 x 81.12921 64.13903 94.53455 89.57245 83.63814 57.77301 79.00097 66.11924 68.68773 63.97407 96.43656 86.18747 79.50876 67.22145 82.00272 85.11143 86.44353
74.70557 82.50687 65.15686 52.10754 57.53636 65.69892 90.50992 79.52974 x 72.62698 80.99378 56.34978 58.55382 84.5762 84.38047 69.8976 65.39453 x 61.86542 53.19499 85.47138 57.97447 89.28585 76.57593 71.06289 84.15882 78.40257 x x 64.61234 78.94137 x 64.0737 81.54709 80.38271 87.98491 74.8169 74.18525 72.20311 66.64436 57.86007 x 80.62235 66.53808 90.70028 71.53739 55.31698 73.9073 50.78907 97.31389
60.66891 63.21933 91.29191 86.6106 x 97.33771 58.30965 92.35476 83.54302 67.69801 54.65778 93.80915 86.25486 x 77.24947 77.66411 86.26682 61.86542 x 85.15495 96.15429 96.10673 71.06618 93.72986 89.84659 75.04124 67.61572 71.00403 83.75133 60.67376 51.94256 97.60155 80.00536 x 85.71558 71.35619 54.2263 58.6421 76.63132 53.0033 87.48753 57.33618 92.55408 80.80914 79.58571 91.95577 62.37712 72.0425 60.83649 61.73238
60.38843 57.01997 79.46966 96.43067 98.62212 50.28562 83.66652 90.42651 81.0679 77.14435 95.02597 88.09268 94.45488 81.35608 88.65244 91.4178 98.703 53.19499 85.15495 x 50.93264 60.73004 86.63722 93.75308 88.35755 53.38604 87.96591 84.52284 x 65.54393 88.73439 64.11433 81.98079 x x 82.45831 59.10303 72.97554 81.97371 69.60152 92.79874 55.09725 55.67101 98.60709 x 67.0455 77.23591 63.41643 83.34858 79.03866
90.77292 87.19996 73.64666 64.00821 98.87387 80.58837 70.4359 71.67531 51.69292 52.54412 52.42525 81.15306 88.0708 84.42047 75.85312 90.08952 56.27616 85.47138 96.15429 50.93264 x 71.93116 70.88382 58.5678 68.25304 87.86235 65.65746 75.78093 85.26668 79.02751 94.43192 67.40579 63.6852 60.69716 96.28797 71.20985 74.38289 x 68.14343 67.15595 66.31698 52.2122 60.02643 77.52431 x 64.50059 x 68.94379 52.00115 56.95058
78.35967 79.23027 52.5486 97.46082 67.23984 56.00115 97.87741 50.79676 65.64623 81.37403 76.44112 52.38906 80.44008 73.18231 79.43566 93.87053 69.25598 57.97447 96.10673 60.73004 71.93116 x 84.5632 85.81968 70.92151 89.35841 81.90981 72.5367 89.30874 93.12361 51.42771 56.53149 51.87137 78.68061 57.01724 82.21299 85.08106 51.48016 73.59613 94.07742 64.60709 79.90477 84.86217 82.05025 95.36049 95.53484 83.53288 91.55429 56.82338 95.02829
78.37197 78.34829 67.72111 90.41484 60.90852 56.19925 78.14408 78.59596 57.36296 70.58133 77.61885 63.78861 66.33769 93.49976 59.30801 93.02498 75.49938 89.28585 71.06618 86.63722 70.88382 84.5632 x x 76.77953 x 67.21857 74.78426 x 87.79295 70.71142 57.44057 52.68869 59.57907 65.41983 89.61844 81.86439 x 76.53205 84.28697 60.38036 83.88163 77.04694 75.38473 94.11076 94.09494 58.49467 65.70989 x 67.83295
55.94674 60.92156 68.80986 x 63.62297 93.96901 62.93749 75.59896 78.57327 52.07837 76.99208 x 80.88062 52.24567 54.74909 87.05461 65.91836 76.57593 93.72986 93.75308 58.5678 85.81968 x x 85.9466 92.43771 67.36233 98.64786 60.45842 51.82062 90.57069 77.03143 94.01393 71.03027 x 61.93279 68.88635 92.35464 84.35461 93.79493 51.36711 79.32954 54.55449 84.20227 67.26649 60.48027 69.82676 89.21387 96.84834 68.07625
83.39177 71.22346 98.7446 94.61023 87.15827 71.46803 69.58106 56.73387 75.14342 77.60245 70.14844 62.07706 x 82.72035 71.41605 61.45187 82.75746 71.06289 89.84659 88.35755 68.25304 70.92151 76.77953 85.9466 x 87.42944 50.44266 81.80094 65.45866 56.0889 71.68856 56.69522 95.79608 80.5557 95.89572 77.99957 90.55082 86.3414 96.1426 81.09217 86.0501 93.29392 52.32072 50.69235 64.70304 57.40442 77.71632 77.09567 73.32217 51.97738
94.70209 60.13278 66.29978 75.56048 77.16051 69.01348 93.50049 55.11923 90.05728 69.09595 x 60.73766 80.27704 76.05287 91.66965 x 61.78086 84.15882 75.04124 53.38604 87.86235 89.35841 x 92.43771 87.42944 x 92.17196 78.18798 52.24126 98.70213 x 55.43524 65.37883 87.05982 68.11102 59.36174 71.18319 96.4719 92.48675 62.52943 62.07825 77.64494 88.66531 70.24982 58.97766 78.01595 61.3026 68.8536 80.82177 52.15005
75.55081 53.06202 59.08631 x 87.2868 74.74373 72.80421 74.29609 51.31759 65.76209 51.62816 61.9674 86.30259 81.9583 67.20978 94.92419 51.45917 78.40257 67.61572 87.96591 65.65746 81.90981 67.21857 67.36233 50.44266 92.17196 x 54.99151 82.19315 96.50803 54.48665 58.41792 69.51356 70.09253 73.43354 94.96824 76.72987 59.3849 85.17814 62.39881 73.31184 73.25044 84.21235 90.49883 52.68603 64.20046 75.32958 54.96607 67.58181 81.67127
60.43978 80.88974 65.55841 95.92862 91.30807 76.54377 88.95617 82.34347 97.64865 96.37436 59.3741 74.01727 57.82803 87.70814 97.85311 76.05973 51.58241 x 71.00403 84.52284 75.78093 72.5367 74.78426 98.64786 81.80094 78.18798 54.99151 x 98.37714 56.69696 60.71541 53.86542 73.01351 x 65.95999 93.95226 56.25961 58.57405 51.21788 x 53.29915 76.08225 96.81533 94.40675 94.7606 81.59246 94.23645 91.27945 76.87331 93.07749
89.1667 91.54094 68.92651 89.44375 98.31525 55.78324 96.07312 51.83776 72.69124 68.09553 56.15986 54.29877 97.61102 97.22291 52.15981 93.35146 64.44803 x 83.75133 x 85.26668 89.30874 x 60.45842 65.45866 52.24126 82.19315 98.37714 x 96.97718 50.55468 91.03047 64.99311 78.07246 96.72483 86.48536 56.01527 93.33648 96.72624 61.49043 60.77439 74.70513 53.02198 x 78.10813 90.98302 70.49834 77.62187 62.74383 56.30903
80.56628 61.16892 90.51269 83.31237 51.8395 x 78.86535 78.0432 77.10852 97.05113 75.16332 x 63.24262 79.64901 65.45076 66.649 78.8775 64.61234 60.67376 65.54393 79.02751 93.12361 87.79295 51.82062 56.0889 98.70213 96.50803 56.69696 96.97718 x 69.15646 x 92.8702 x 74.41177 98.66787 52.49158 79.65869 91.81021 63.83128 54.95868 54.37222 79.32114 86.72237 82.06041 82.4925 74.79566 94.60062 59.43717 69.52964
72.86014 84.36904 95.81269 84.09693 78.65785 72.94496 63.24106 72.28051 55.49302 86.75365 91.60844 51.34739 58.90979 80.85139 68.25316 60.38551 50.43524 78.94137 51.94256 88.73439 94.43192 51.42771 70.71142 90.57069 71.68856 x 54.48665 60.71541 50.55468 69.15646 x 56.66995 94.40476 71.89909 57.77618 66.51147 84.56112 72.4874 96.19383 65.51623 63.19242 97.12722 67.76118 x 56.88981 86.49691 51.28783 66.11471 94.20963 58.45732
79.39013 x 59.11493 79.72387 64.38889 66.57089 75.38118 60.86678 80.89797 94.01199 70.84452 64.93532 70.35052 72.31931 75.09651 63.50993 70.10061 x 97.60155 64.11433 67.40579 56.53149 57.44057 77.03143 56.69522 55.43524 58.41792 53.86542 91.03047 x 56.66995 x 92.50546 50.96078 95.42968 68.67327 58.57794 79.44769 84.52948 91.62535 55.45794 82.29489 61.72501 60.04328 57.5509 59.23311 79.93468 64.8517 58.83367 75.41514
91.34361 75.31744 72.6945 52.56388 82.03201 75.06641 95.45225 58.37614 90.10845 76.21115 98.76777 69.91695 68.84299 82.34462 52.08323 69.83854 x 64.0737 80.00536 81.98079 63.6852 51.87137 52.68869 94.01393 95.79608 65.37883 69.51356 73.01351 64.99311 92.8702 94.40476 92.50546 x 89.85401 75.97888 74.26023 91.21569 77.11595 66.96629 95.69687 73.9602 x 73.48497 69.3921 74.09744 63.86912 54.10035 85.53925 78.16293 98.01543
98.51595 81.68642 94.40164 53.72916 58.61775 83.9246 98.52427 59.06716 91.56593 51.53769 72.82934 90.23879 53.15014 82.59531 74.99216 84.02836 81.12921 81.54709 x x 60.69716 78.68061 59.57907 71.03027 80.5557 87.05982 70.09253 x 78.07246 x 71.89909 50.96078 89.85401 x x 94.08729 67.61297 66.7018 83.73994 71.35196 71.05598 60.3542 93.34547 79.31503 77.85111 86.87306 97.73288 81.2464 79.54866 x
88.43693 51.18327 70.22951 86.34484 56.54154 64.47838 75.8897 91.73375 x 55.1185 63.4648 89.41842 x 94.11837 82.44413 80.89481 64.13903 80.38271 85.71558 x 96.28797 57.01724 65.41983 x 95.89572 68.11102 73.43354 65.95999 96.72483 74.41177 57.77618 95.42968 75.97888 x x 76.50313 98.1311 83.67721 84.52329 53.92833 76.3513 79.01352 50.9994 94.8643 73.69794 71.32753 72.42986 63.45519 78.41001 71.44676
65.8117 50.23901 60.51176 61.45949 81.96791 x x 83.96836 50.00108 56.64284 92.61213 x 82.34671 86.84055 59.92579 51.28511 94.53455 87.98491 71.35619 82.45831 71.20985 82.21299 89.61844 61.93279 77.99957 59.36174 94.96824 93.95226 86.48536 98.66787 66.51147 68.67327 74.26023 94.08729 76.50313 x 80.40855 x 53.05005 74.52105 90.41526 61.75752 75.42835 82.70388 x 93.81761 60.39728 94.32507 67.40638 58.06175
86.92555 67.49634 91.1247 69.84932 59.05887 59.34139 81.28268 63.43539 93.38107 55.05145 95.31485 90.28566 81.82181 77.84975 59.16035 75.42641 89.57245 74.8169 54.2263 59.10303 74.38289 85.08106 81.86439 68.88635 90.55082 71.18319 76.72987 56.25961 56.01527 52.49158 84.56112 58.57794 91.21569 67.61297 98.1311 80.40855 x 96.67178 69.30865 88.93952 81.32771 74.49749 60.73392 84.96165 95.69148 77.62576 90.10843 65.69398 63.00282 68.60662
51.60863 92.70264 54.1847 65.2762 63.67506 53.73234 51.98712 85.04278 53.15276 82.33483 67.9571 55.10155 79.54496 97.69205 78.52797 65.26438 83.63814 74.18525 58.6421 72.97554 x 51.48016 x 92.35464 86.3414 96.4719 59.3849 58.57405 93.33648 79.65869 72.4874 79.44769 77.11595 66.7018 83.67721 x 96.67178 x 65.71157 86.58934 88.77418 58.35957 56.8652 93.55681 87.52372 83.82422 85.65686 76.5599 74.57297 56.30416
97.20992 70.67003 63.09494 95.36251 64.04231 55.44954 58.86384 87.32476 90.75121 67.64186 90.94728 59.21811 50.79971 97.45119 81.31255 72.63247 57.77301 72.20311 76.63132 81.97371 68.14343 73.59613 76.53205 84.35461 96.1426 92.48675 85.17814 51.21788 96.72624 91.81021 96.19383 84.52948 66.96629 83.73994 84.52329 53.05005 69.30865 65.71157 x 98.22747 88.94158 56.32393 82.9095 91.79812 69.06928 92.32278 97.14102 74.35632 50.34072 67.98191
89.71929 97.9565 64.48217 82.8892 63.98745 80.97466 78.74899 69.9504 65.63882 89.51938 67.42142 72.21507 x 93.6272 65.3934 90.26285 79.00097 66.64436 53.0033 69.60152 67.15595 94.07742 84.28697 93.79493 81.09217 62.52943 62.39881 x 61.49043 63.83128 65.51623 91.62535 95.69687 71.35196 53.92833 74.52105 88.93952 86.58934 98.22747 x 56.25778 65.53507 96.94241 72.69147 55.95767 86.57962 89.87137 87.69911 78.62598 62.15481
78.82595 60.56267 95.83429 86.79768 86.72613 97.18552 72.95939 62.69395 82.06949 85.35432 87.67395 54.73311 90.04572 60.52325 x 52.06843 66.11924 57.86007 87.48753 92.79874 66.31698 64.60709 60.38036 51.36711 86.0501 62.07825 73.31184 53.29915 60.77439 54.95868 63.19242 55.45794 73.9602 71.05598 76.3513 90.41526 81.32771 88.77418 88.94158 56.25778 x x 85.92546 55.35936 84.72978 86.99199 52.72941 58.22116 89.96861 83.16972
75.76863 50.29848 53.28431 x 71.32275 90.77592 97.98121 69.20818 62.43932 82.35417 66.99992 92.82962 65.22035 84.82326 90.69035 59.14692 68.68773 x 57.33618 55.09725 52.2122 79.90477 83.88163 79.32954 93.29392 77.64494 73.25044 76.08225 74.70513 54.37222 97.12722 82.29489 x 60.3542 79.01352 61.75752 74.49749 58.35957 56.32393 65.53507 x x 68.22326 54.84774 55.14561 62.83149 75.0543 74.37169 85.49705 79.79651
x 69.92619 79.07503 79.46276 55.08853 80.22824 65.37447 80.88527 92.53653 89.73125 93.50092 89.59851 95.84999 x 51.94734 66.18075 63.97407 80.62235 92.55408 55.67101 60.02643 84.86217 77.04694 54.55449 52.32072 88.66531 84.21235 96.81533 53.02198 79.32114 67.76118 61.72501 73.48497 93.34547 50.9994 75.42835 60.73392 56.8652 82.9095 96.94241 85.92546 68.22326 x 74.97276 90.44454 82.96268 78.88581 x 78.43499 82.87866
x 84.47901 70.25603 51.90501 52.7904 83.64618 69.33864 87.98146 59.32923 96.20531 68.85822 85.63228 57.74566 64.95674 86.68982 55.69519 96.43656 66.53808 80.80914 98.60709 77.52431 82.05025 75.38473 84.20227 50.69235 70.24982 90.49883 94.40675 x 86.72237 x 60.04328 69.3921 79.31503 94.8643 82.70388 84.96165 93.55681 91.79812 72.69147 55.35936 54.84774 74.97276 x 95.32816 81.85432 93.54213 57.86525 63.49923 59.27826
50.4841 57.68322 x 75.53993 93.12222 59.9432 75.0178 58.15986 80.20436 72.06243 55.98333 86.22202 78.13749 92.77138 57.82697 79.47707 86.18747 90.70028 79.58571 x x 95.36049 94.11076 67.26649 64.70304 58.97766 52.68603 94.7606 78.10813 82.06041 56.88981 57.5509 74.09744 77.85111 73.69794 x 95.69148 87.52372 69.06928 55.95767 84.72978 55.14561 90.44454 95.32816 x 61.92043 69.3309 61.08325 65.17133 70.97455
73.79846 76.1719 53.54256 80.12219 95.59981 77.3646 84.8633 68.8042 77.23605 69.57753 50.68179 95.40817 90.08071 84.83737 96.45378 92.91542 79.50876 71.53739 91.95577 67.0455 64.50059 95.53484 94.09494 60.48027 57.40442 78.01595 64.20046 81.59246 90.98302 82.4925 86.49691 59.23311 63.86912 86.87306 71.32753 93.81761 77.62576 83.82422 92.32278 86.57962 86.99199 62.83149 82.96268 81.85432 61.92043 x 91.53328 75.26733 51.69968 55.97916
97.1216 72.76915 70.21947 85.42696 95.22489 65.69672 66.0404 78.32471 64.45738 85.78083 75.67823 x 94.04426 53.00063 89.00022 85.2701 67.22145 55.31698 62.37712 77.23591 x 83.53288 58.49467 69.82676 77.71632 61.3026 75.32958 94.23645 70.49834 74.79566 51.28783 79.93468 54.10035 97.73288 72.42986 60.39728 90.10843 85.65686 97.14102 89.87137 52.72941 75.0543 78.88581 93.54213 69.3309 91.53328 x 71.4942 61.07325 75.68736
73.37513 65.82196 57.23027 84.79529 60.76113 84.54929 81.42124 92.99821 79.27357 95.96655 91.47821 63.66541 66.72323 x 70.87166 63.57604 82.00272 73.9073 72.0425 63.41643 68.94379 91.55429 65.70989 89.21387 77.09567 68.8536 54.96607 91.27945 77.62187 94.60062 66.11471 64.8517 85.53925 81.2464 63.45519 94.32507 65.69398 76.5599 74.35632 87.69911 58.22116 74.37169 x 57.86525 61.08325 75.26733 71.4942 x 73.96913 79.80551
77.85947 78.35744 58.16878 55.41183 57.23083 89.65034 93.85155 92.11795 61.17893 90.94412 82.76478 x 86.53642 93.5732 68.31496 79.00347 85.11143 50.78907 60.83649 83.34858 52.00115 56.82338 x 96.84834 73.32217 80.82177 67.58181 76.87331 62.74383 59.43717 94.20963 58.83367 78.16293 79.54866 78.41001 67.40638 63.00282 74.57297 50.34072 78.62598 89.96861 85.49705 78.43499 63.49923 65.17133 51.69968 61.07325 73.96913 x 63.45828
82.07019 90.9208 67.95045 92.57396 92.99813 84.27003 67.39713 83.63952 77.23036 60.00079 65.17496 77.1594 75.17791 79.52555 62.82697 54.79416 86.44353 97.31389 61.73238 79.03866 56.95058 95.02829 67.83295 68.07625 51.97738 52.15005 81.67127 93.07749 56.30903 69.52964 58.45732 75.41514 98.01543 x 71.44676 58.06175 68.60662 56.30416 67.98191 62.15481 83.16972 79.79651 82.87866 59.27826 70.97455 55.97916 75.68736 79.80551 63.45828 x