50
25
0 1 2 3 4 5 6 7 8 9 10 11 12 13 14 15 16 17 18 19 20 21 22 23 24 25 26 27 28 29 30 31 32 33 34 35 36 37 38 39 40 41 42 43 44 45 46 47 48 49
11 48 35 42 31 12 16 15 34 45 1 41 5 3 20 25 49 27 21 47 17 37 43 8 6
0
x 70.31426 74.04898 54.06736 67.87058 98.34502 84.07748 92.11591 86.39776 98.8812 70.59076 55.38088 68.14655 94.03009 82.47762 88.62602 62.25315 50.14101 56.45109 85.63853 94.00877 53.95164 71.29915 98.55951 86.04124 84.22128 66.41518 73.91858 70.49889 87.89581 83.75829 63.59081 68.05128 76.86732 60.98267 x 80.75234 67.36354 51.85852 75.41448 79.65127 x 51.21857 81.74173 89.04614 92.58466 94.43053 53.96961 57.96868 x
70.31426 x 55.81401 x 54.8792 52.69896 90.08354 84.63729 75.08493 54.96057 62.61044 88.29814 78.44388 72.78697 86.90159 54.3353 59.25113 83.9249 84.14474 57.85593 88.94382 83.16267 52.56867 87.05505 64.6668 50.8172 56.71319 71.37463 81.43411 60.28229 52.87887 94.40191 78.31823 76.9283 70.47241 51.35524 67.10354 93.79372 82.63826 86.16021 52.59768 88.0979 85.60181 74.28092 73.88832 62.55695 92.26974 58.8784 67.56666 56.75751
74.04898 55.81401 x 57.91753 69.26083 73.94833 83.44894 73.52276 52.31236 93.39205 55.9356 55.45464 x x 76.33257 84.8496 92.37379 61.81734 83.60944 77.39514 73.98657 89.44547 65.5402 61.79927 75.06382 51.84358 66.43603 78.91743 97.59879 81.51784 88.53422 98.48753 77.0689 58.281 52.0725 50.9179 55.83353 x 53.70606 83.80186 89.02014 76.25711 62.59197 x 77.88515 72.91999 67.33226 77.00395 60.83744 94.6469
54.06736 x 57.91753 x 58.67656 54.42928 58.72473 82.77006 68.16092 55.71638 81.42918 77.12602 66.08757 82.36858 58.33657 93.90341 62.57572 72.15003 76.12608 84.71642 57.37602 86.40191 51.27269 87.26594 62.16419 91.71615 50.74006 93.61947 x 58.06767 89.37044 52.63474 66.07267 89.25295 50.6332 82.67992 79.42453 94.67552 55.10907 59.94589 x 64.18161 67.38127 82.88623 64.93809 94.33066 94.50486 87.09965 95.70951 91.55656
67.87058 54.8792 69.26083 58.67656 x x 86.54152 79.09792 50.12209 74.65963 76.57646 62.9578 73.81819 90.02194 59.94001 72.26157 88.9115 64.93429 69.17459 79.97277 50.93926 87.23069 x 73.31066 60.07179 60.64788 53.24126 62.45916 97.19616 84.59537 70.34484 71.1058 x 77.65209 79.79043 86.84726 x 95.6276 61.22661 54.05151 63.57849 56.15333 74.73673 55.2761 68.46698 71.3875 88.85877 83.4376 67.08904 57.32169
98.34502 52.69896 73.94833 54.42928 x x x 80.66351 66.83639 x 92.56807 89.9095 56.32546 98.80703 76.39413 98.93134 51.18462 60.6343 89.83002 53.59443 x 79.17994 96.11382 96.58418 64.39449 73.755 88.82958 63.76969 64.42928 89.05036 86.18903 80.37045 63.4725 79.01098 56.00462 67.10065 70.78445 89.02771 56.43414 x 63.34747 51.70698 56.11157 58.35294 54.74718 75.64615 50.3262 72.44368 71.11487 84.90985
84.07748 90.08354 83.44894 58.72473 86.54152 x x 57.18005 84.2062 84.15122 97.15144 85.95366 57.94972 96.63175 71.74175 85.4891 84.86127 50.43804 55.68114 54.71719 70.32943 98.05786 66.49533 88.23941 94.21988 92.60337 73.43442 72.34798 71.15072 69.11065 75.73579 98.98085 66.5613 53.20515 93.94312 92.84713 91.19066 54.66163 52.69201 88.5671 76.95708 72.00986 96.18986 58.30992 89.27408 65.67468 75.0456 x 61.54474 54.83472
92.11591 84.63729 73.52276 82.77006 79.09792 80.66351 57.18005 x 55.62326 80.52704 63.58542 71.16578 x 82.56096 61.40982 55.00372 53.33862 83.62125 55.19676 65.5167 64.37015 98.92429 96.91045 90.2576 64.19165 89.94487 81.4736 63.12332 71.85492 50.67323 62.28451 69.10557 51.90515 50.79736 59.86956 79.31773 73.94023 81.46527 91.22046 57.24873 59.7523 75.09308 58.39326 51.34072 93.98559 52.27941 x 90.58252 90.14191 80.46133
86.39776 75.08493 52.31236 68.16092 50.12209 66.83639 84.2062 55.62326 x 50.30254 56.8415 55.58449 x 75.35874 50.61462 74.02744 63.90421 80.86722 95.43951 53.65168 x 80.31148 x 66.45388 64.94693 65.56248 70.41314 55.69854 88.01256 71.75349 64.04644 68.12508 96.0862 76.59835 58.07758 76.27084 59.22767 55.89975 81.79325 98.64206 73.90482 53.78325 82.48653 63.61209 70.88239 84.51562 71.75312 64.50619 74.05014 97.14257
98.8812 54.96057 93.39205 55.71638 74.65963 x 84.15122 80.52704 50.30254 x 60.15357 81.61293 66.50718 77.71759 80.09187 57.42462 78.97494 76.26863 81.39286 80.71598 74.98802 92.22218 89.53628 87.50045 63.59143 55.86441 63.44586 73.89601 65.04822 82.29253 89.37875 69.70599 60.77446 56.48532 85.00091 67.65873 96.10655 66.97062 61.73578 96.25283 95.70155 98.33971 87.60771 51.51931 86.74082 68.40997 90.79724 62.12984 66.13749 75.32847
70.59076 62.61044 55.9356 81.42918 76.57646 92.56807 97.15144 63.58542 56.8415 60.15357 x 74.39757 84.56459 56.55029 70.86742 65.50513 53.13433 89.49769 78.15273 68.32899 59.56472 86.4723 93.7779 79.20672 69.275 71.54888 50.65474 x 69.73932 90.02086 66.21115 57.54072 59.81595 72.05076 59.55596 84.38222 85.01578 70.44821 80.67359 85.91489 53.98424 87.76955 81.60863 61.76738 65.52398 67.14842 94.28999 86.97709 76.14444 98.484
55.38088 88.29814 55.45464 77.12602 62.9578 89.9095 85.95366 71.16578 55.58449 81.61293 74.39757 x 95.62981 92.35075 56.17084 82.74864 66.15703 59.77623 56.44447 62.59809 65.63613 93.55654 53.0697 55.69683 81.26655 59.42453 62.02538 x 52.15319 85.93377 60.98854 63.60174 64.8055 64.69114 64.71846 59.30534 x 98.09176 61.91078 95.98838 61.60896 69.26168 78.12012 x 89.63875 67.66547 97.21699 86.63654 78.04276 88.72817
68.14655 78.44388 x 66.08757 73.81819 56.32546 57.94972 x x 66.50718 84.56459 95.62981 x 94.14191 57.62892 89.63 91.24415 57.28189 65.60868 74.73957 98.46082 55.57592 73.54439 56.79765 75.69972 x 54.21485 73.75955 72.7991 52.20588 91.53722 88.45943 83.2191 76.59975 82.54654 89.94557 84.58721 x 89.83208 93.99338 55.30596 63.12088 x 71.10849 54.29565 82.11275 97.35185 76.12927 60.31252 71.41589
94.03009 72.78697 x 82.36858 90.02194 98.80703 96.63175 82.56096 75.35874 77.71759 56.55029 92.35075 94.14191 x 94.11935 57.55332 50.70424 x 90.61254 81.80734 53.36811 74.02517 57.46684 71.30408 81.31643 65.05896 x 82.62538 81.18191 81.66741 91.41431 90.6627 71.93981 90.4861 52.85083 72.30095 71.74531 89.95108 74.28663 93.11926 53.24188 70.66249 93.29635 69.38364 52.48877 88.5015 53.22183 73.13284 77.68329 89.47078
82.47762 86.90159 76.33257 58.33657 59.94001 76.39413 71.74175 61.40982 50.61462 80.09187 70.86742 56.17084 57.62892 94.11935 x 80.26651 74.34591 86.52201 53.37547 95.84037 66.38559 96.23797 81.04878 89.14852 53.53616 85.71258 81.94675 58.79753 97.62988 x 78.63748 52.81053 89.06097 69.90889 83.4128 53.22072 62.55999 60.83581 96.56953 94.51784 66.17141 69.59853 73.6979 68.90002 63.61394 51.9715 89.84888 51.54853 71.58156 87.09888
88.62602 54.3353 84.8496 93.90341 72.26157 98.93134 85.4891 55.00372 74.02744 57.42462 65.50513 82.74864 89.63 57.55332 80.26651 x 67.44986 73.46136 60.8849 70.44525 54.39996 60.48575 81.96438 98.89723 x 98.0248 68.0574 74.48454 88.5581 71.43224 98.48807 83.5981 54.7244 90.62555 53.39001 77.2205 96.04664 68.87964 91.06189 53.86021 81.40768 97.36648 62.61354 72.90029 96.97593 63.3479 57.73246 50.69684 56.09342 70.69351
62.25315 59.25113 92.37379 62.57572 88.9115 51.18462 84.86127 53.33862 63.90421 78.97494 53.13433 66.15703 91.24415 50.70424 74.34591 67.44986 x 63.15544 54.77496 80.42361 83.65544 83.65758 63.55484 80.93974 79.94523 x 82.5597 81.62262 62.29205 97.05574 79.60055 84.83341 75.86018 78.2127 52.44236 78.49125 79.25863 98.79722 67.49244 65.7603 92.04301 56.92003 77.39796 57.15881 71.21924 94.111 64.16274 x 63.25624 91.58042
50.14101 83.9249 61.81734 72.15003 64.93429 60.6343 50.43804 83.62125 80.86722 76.26863 89.49769 59.77623 57.28189 x 86.52201 73.46136 63.15544 x 74.71839 83.87088 55.70702 85.14834 76.76129 60.48208 77.07918 52.24849 65.17521 96.60115 92.37624 63.18512 x 61.69869 83.27788 65.08925 80.18806 61.83387 91.08276 69.94246 90.57215 95.49211 56.29996 83.07547 89.96473 69.02049 90.70613 97.72338 91.71996 62.54409 91.99781 72.79027
56.45109 84.14474 83.60944 76.12608 69.17459 89.83002 55.68114 55.19676 95.43951 81.39286 78.15273 56.44447 65.60868 90.61254 53.37547 60.8849 54.77496 74.71839 x 95.68254 54.76909 94.68723 69.66306 57.70078 78.56429 80.26849 55.87055 89.10557 x 90.7587 92.83066 64.75127 67.89339 88.22806 67.41644 58.22878 65.24817 x 50.09045 77.50784 79.69925 53.39971 55.23998 79.91934 75.24057 83.60204 85.88272 97.11619 54.57742 85.25802
85.63853 57.85593 77.39514 84.71642 79.97277 53.59443 54.71719 65.5167 53.65168 80.71598 68.32899 62.59809 74.73957 81.80734 95.84037 70.44525 80.42361 83.87088 95.68254 x 76.48858 82.36652 89.76681 73.16601 85.03975 92.98126 58.38865 77.54197 52.17805 72.18038 59.12708 97.57672 68.90222 75.41909 70.37951 73.69125 58.74609 70.09035 77.82729 x 73.85661 89.70986 68.50986 59.21362 72.05081 80.01084 53.4576 55.47215 90.1749 84.93613
94.00877 88.94382 73.98657 57.37602 50.93926 x 70.32943 64.37015 x 74.98802 59.56472 65.63613 98.46082 53.36811 66.38559 54.39996 83.65544 55.70702 54.76909 76.48858 x 96.90052 57.82708 61.83077 95.91564 63.98135 85.34075 54.22697 76.1783 69.47944 x x 83.71325 86.66583 x 57.52419 52.0702 64.36446 68.27202 66.45975 63.39613 68.23821 67.38071 74.91629 60.16698 81.36222 80.27083 81.54859 72.01159 76.55648
53.95164 83.16267 89.44547 86.40191 87.23069 79.17994 98.05786 98.92429 80.31148 92.22218 86.4723 93.55654 55.57592 74.02517 96.23797 60.48575 83.65758 85.14834 94.68723 82.36652 96.90052 x 52.00006 95.9489 63.28763 50.68784 74.66222 79.28188 60.47947 73.47304 78.65278 89.58583 94.45909 88.77322 96.90924 93.43345 55.60121 x x 86.79518 62.5337 78.44095 57.44522 62.91214 67.9067 68.29658 57.9751 64.88128 94.44797 76.35844
71.29915 52.56867 65.5402 51.27269 x 96.11382 66.49533 96.91045 x 89.53628 93.7779 53.0697 73.54439 57.46684 81.04878 81.96438 63.55484 76.76129 69.66306 89.76681 57.82708 52.00006 x 73.90828 85.15214 53.45057 66.72249 97.47592 95.02214 76.75349 54.43417 66.73239 95.13365 73.4262 62.26806 72.3022 75.38033 84.18739 53.92665 84.51783 60.62197 91.63906 66.62397 x 52.83375 81.93111 62.78889 62.20137 88.99238 55.28841
98.55951 87.05505 61.79927 87.26594 73.31066 96.58418 88.23941 90.2576 66.45388 87.50045 79.20672 55.69683 56.79765 71.30408 89.14852 98.89723 80.93974 60.48208 57.70078 73.16601 61.83077 95.9489 73.90828 x 51.33866 66.48036 69.916 75.12772 60.80978 52.72803 72.91387 79.85488 98.13369 83.72694 58.82009 55.14112 52.2317 54.30845 55.2576 73.24584 73.27627 50.82452 62.45321 87.3616 65.71535 91.11963 68.99834 62.5833 58.79301 72.67813
86.04124 64.6668 75.06382 62.16419 60.07179 64.39449 94.21988 64.19165 64.94693 63.59143 69.275 81.26655 75.69972 81.31643 53.53616 x 79.94523 77.07918 78.56429 85.03975 95.91564 63.28763 85.15214 51.33866 x 93.57619 55.21619 57.96767 61.40415 71.40263 96.48754 92.03969 85.53753 55.85642 x 54.51575 83.55576 75.61141 91.08443 83.0595 55.55781 87.88876 54.14029 x 69.94109 66.36837 62.36415 95.29562 x 85.54546
84.22128 50.8172 51.84358 91.71615 60.64788 73.755 92.60337 89.94487 65.56248 55.86441 71.54888 59.42453 x 65.05896 85.71258 98.0248 x 52.24849 80.26849 92.98126 63.98135 50.68784 53.45057 66.48036 93.57619 x 52.18048 80.36026 93.41656 56.70198 94.72132 84.62927 58.90513 69.74624 72.16119 65.60108 75.49168 61.47005 74.08168 67.29605 94.76677 x 82.94911 64.93509 89.67491 86.91448 92.64502 x 91.75185 x
66.41518 56.71319 66.43603 50.74006 53.24126 88.82958 73.43442 81.4736 70.41314 63.44586 50.65474 62.02538 54.21485 x 81.94675 68.0574 82.5597 65.17521 55.87055 58.38865 85.34075 74.66222 66.72249 69.916 55.21619 52.18048 x 84.0995 71.6391 79.78753 55.32982 78.59966 62.66655 61.5897 88.62396 74.39976 74.39109 56.22461 65.53432 62.1158 97.1494 85.13453 58.06589 75.032 87.74028 75.55734 73.4468 75.18143 95.55613 50.26021
73.91858 71.37463 78.91743 93.61947 62.45916 63.76969 72.34798 63.12332 55.69854 73.89601 x x 73.75955 82.62538 58.79753 74.48454 81.62262 96.60115 89.10557 77.54197 54.22697 79.28188 97.47592 75.12772 57.96767 80.36026 84.0995 x 58.57216 95.97075 51.23605 51.9888 91.59625 90.48 53.59226 93.11986 53.59948 81.74874 85.66544 87.48973 64.94035 67.82395 84.31617 84.96097 90.01491 89.2452 81.19273 59.67547 x 63.53762
70.49889 81.43411 97.59879 x 97.19616 64.42928 71.15072 71.85492 88.01256 65.04822 69.73932 52.15319 72.7991 81.18191 97.62988 88.5581 62.29205 92.37624 x 52.17805 76.1783 60.47947 95.02214 60.80978 61.40415 93.41656 71.6391 58.57216 x 82.92988 x 89.68635 57.30786 60.35002 55.50493 71.05344 89.90772 66.94228 56.57299 50.02959 59.67737 94.67181 77.01598 68.59338 52.96981 71.99894 85.69682 77.75813 51.06767 63.21872
87.89581 60.28229 81.51784 58.06767 84.59537 89.05036 69.11065 50.67323 71.75349 82.29253 90.02086 85.93377 52.20588 81.66741 x 71.43224 97.05574 63.18512 90.7587 72.18038 69.47944 73.47304 76.75349 52.72803 71.40263 56.70198 79.78753 95.97075 82.92988 x x 93.60546 x 93.42749 63.58683 94.58089 84.18971 65.7452 61.24437 84.79575 67.75241 91.20078 85.20199 78.62403 86.06464 92.35858 93.46317 89.27228 94.5048 79.65741
83.75829 52.87887 88.53422 89.37044 70.34484 86.18903 75.73579 62.28451 64.04644 89.37875 66.21115 60.98854 91.53722 91.41431 78.63748 98.48807 79.60055 x 92.83066 59.12708 x 78.65278 54.43417 72.91387 96.48754 94.72132 55.32982 51.23605 x x x 88.68624 73.15158 84.22577 93.49272 53.17135 95.18081 54.2516 55.11989 89.58783 73.2539 91.40579 91.90743 71.84963 53.72185 89.58042 54.01988 75.88034 54.91282 57.60799
63.59081 94.40191 98.48753 52.63474 71.1058 80.37045 98.98085 69.10557 68.12508 69.70599 57.54072 63.60174 88.45943 90.6627 52.81053 83.5981 84.83341 61.69869 64.75127 97.57672 x 89.58583 66.73239 79.85488 92.03969 84.62927 78.59966 51.9888 89.68635 93.60546 88.68624 x 55.62468 56.81772 x 50.77859 89.13073 97.7133 90.48602 83.91036 84.96061 79.75666 85.56681 65.75209 74.56934 93.37236 89.26985 79.07563 70.13888 94.52381
68.05128 78.31823 77.0689 66.07267 x 63.4725 66.5613 51.90515 96.0862 60.77446 59.81595 64.8055 83.2191 71.93981 89.06097 54.7244 75.86018 83.27788 67.89339 68.90222 83.71325 94.45909 95.13365 98.13369 85.53753 58.90513 62.66655 91.59625 57.30786 x 73.15158 55.62468 x 94.62669 79.2945 80.23071 96.82368 60.30919 x 94.32607 74.79082 96.43599 72.02985 67.16711 x 98.04015 65.90028 51.90176 96.67201 50.00021
76.86732 76.9283 58.281 89.25295 77.65209 79.01098 53.20515 50.79736 76.59835 56.48532 72.05076 64.69114 76.59975 90.4861 69.90889 90.62555 78.2127 65.08925 88.22806 75.41909 86.66583 88.77322 73.4262 83.72694 55.85642 69.74624 61.5897 90.48 60.35002 93.42749 84.22577 56.81772 94.62669 x x 62.24615 91.2959 74.138 73.70249 86.4151 78.84292 53.79036 72.54916 56.07662 80.33141 81.48256 93.125 93.96983 x 92.79722
60.98267 70.47241 52.0725 50.6332 79.79043 56.00462 93.94312 59.86956 58.07758 85.00091 59.55596 64.71846 82.54654 52.85083 83.4128 53.39001 52.44236 80.18806 67.41644 70.37951 x 96.90924 62.26806 58.82009 x 72.16119 88.62396 53.59226 55.50493 63.58683 93.49272 x 79.2945 x x 57.65062 59.75587 67.80556 73.47301 51.34559 96.79866 72.64338 67.54333 82.78271 x 53.50465 58.78931 53.59558 73.04361 91.98746
x 51.35524 50.9179 82.67992 86.84726 67.10065 92.84713 79.31773 76.27084 67.65873 84.38222 59.30534 89.94557 72.30095 53.22072 77.2205 78.49125 61.83387 58.22878 73.69125 57.52419 93.43345 72.3022 55.14112 54.51575 65.60108 74.39976 93.11986 71.05344 94.58089 53.17135 50.77859 80.23071 62.24615 57.65062 x 84.00272 x 81.73477 57.86648 90.14302 98.5996 91.25594 61.88571 56.72909 50.66776 55.55878 88.55729 80.36938 56.66782
80.75234 67.10354 55.83353 79.42453 x 70.78445 91.19066 73.94023 59.22767 96.10655 85.01578 x 84.58721 71.74531 62.55999 96.04664 79.25863 91.08276 65.24817 58.74609 52.0702 55.60121 75.38033 52.2317 83.55576 75.49168 74.39109 53.59948 89.90772 84.18971 95.18081 89.13073 96.82368 91.2959 59.75587 84.00272 x 71.96509 67.04929 78.28615 85.08003 67.18125 67.93277 x 90.79448 54.76263 88.28467 60.16172 62.4952 x
67.36354 93.79372 x 94.67552 95.6276 89.02771 54.66163 81.46527 55.89975 66.97062 70.44821 98.09176 x 89.95108 60.83581 68.87964 98.79722 69.94246 x 70.09035 64.36446 x 84.18739 54.30845 75.61141 61.47005 56.22461 81.74874 66.94228 65.7452 54.2516 97.7133 60.30919 74.138 67.80556 x 71.96509 x 92.45431 76.68519 72.17419 79.08139 64.1452 85.68142 55.30027 52.89924 97.5518 54.91075 91.93672 64.81246
51.85852 82.63826 53.70606 55.10907 61.22661 56.43414 52.69201 91.22046 81.79325 61.73578 80.67359 61.91078 89.83208 74.28663 96.56953 91.06189 67.49244 90.57215 50.09045 77.82729 68.27202 x 53.92665 55.2576 91.08443 74.08168 65.53432 85.66544 56.57299 61.24437 55.11989 90.48602 x 73.70249 73.47301 81.73477 67.04929 92.45431 x 96.83025 50.29386 67.9871 92.92895 71.37695 55.75845 66.00927 72.98074 75.93194 68.33233 93.33204
75.41448 86.16021 83.80186 59.94589 54.05151 x 88.5671 57.24873 98.64206 96.25283 85.91489 95.98838 93.99338 93.11926 94.51784 53.86021 65.7603 95.49211 77.50784 x 66.45975 86.79518 84.51783 73.24584 83.0595 67.29605 62.1158 87.48973 50.02959 84.79575 89.58783 83.91036 94.32607 86.4151 51.34559 57.86648 78.28615 76.68519 96.83025 x 75.39708 71.25635 73.68041 78.26286 93.69061 71.16799 96.48416 91.86688 86.62286 97.44516
79.65127 52.59768 89.02014 x 63.57849 63.34747 76.95708 59.7523 73.90482 95.70155 53.98424 61.60896 55.30596 53.24188 66.17141 81.40768 92.04301 56.29996 79.69925 73.85661 63.39613 62.5337 60.62197 73.27627 55.55781 94.76677 97.1494 64.94035 59.67737 67.75241 73.2539 84.96061 74.79082 78.84292 96.79866 90.14302 85.08003 72.17419 50.29386 75.39708 x 56.05961 98.2259 90.15188 70.70736 65.30029 93.81179 51.45935 82.08195 52.53646
x 88.0979 76.25711 64.18161 56.15333 51.70698 72.00986 75.09308 53.78325 98.33971 87.76955 69.26168 63.12088 70.66249 69.59853 97.36648 56.92003 83.07547 53.39971 89.70986 68.23821 78.44095 91.63906 50.82452 87.88876 x 85.13453 67.82395 94.67181 91.20078 91.40579 79.75666 96.43599 53.79036 72.64338 98.5996 67.18125 79.08139 67.9871 71.25635 56.05961 x 56.31327 56.04807 82.56544 50.97462 80.4916 54.16308 82.07894 70.5569
51.21857 85.60181 62.59197 67.38127 74.73673 56.11157 96.18986 58.39326 82.48653 87.60771 81.60863 78.12012 x 93.29635 73.6979 62.61354 77.39796 89.96473 55.23998 68.50986 67.38071 57.44522 66.62397 62.45321 54.14029 82.94911 58.06589 84.31617 77.01598 85.20199 91.90743 85.56681 72.02985 72.54916 67.54333 91.25594 67.93277 64.1452 92.92895 73.68041 98.2259 56.31327 x 80.30619 81.46724 69.80186 54.74986 90.68457 x 93.11925
81.74173 74.28092 x 82.88623 55.2761 58.35294 58.30992 51.34072 63.61209 51.51931 61.76738 x 71.10849 69.38364 68.90002 72.90029 57.15881 69.02049 79.91934 59.21362 74.91629 62.91214 x 87.3616 x 64.93509 75.032 84.96097 68.59338 78.62403 71.84963 65.75209 67.16711 56.07662 82.78271 61.88571 x 85.68142 71.37695 78.26286 90.15188 56.04807 80.30619 x 85.25808 58.05265 53.26471 80.4302 68.20459 68.04158
89.04614 73.88832 77.88515 64.93809 68.46698 54.74718 89.27408 93.98559 70.88239 86.74082 65.52398 89.63875 54.29565 52.48877 63.61394 96.97593 71.21924 90.70613 75.24057 72.05081 60.16698 67.9067 52.83375 65.71535 69.94109 89.67491 87.74028 90.01491 52.96981 86.06464 53.72185 74.56934 x 80.33141 x 56.72909 90.79448 55.30027 55.75845 93.69061 70.70736 82.56544 81.46724 85.25808 x 75.9639 59.45237 82.72916 83.12509 89.36925
92.58466 62.55695 72.91999 94.33066 71.3875 75.64615 65.67468 52.27941 84.51562 68.40997 67.14842 67.66547 82.11275 88.5015 51.9715 63.3479 94.111 97.72338 83.60204 80.01084 81.36222 68.29658 81.93111 91.11963 66.36837 86.91448 75.55734 89.2452 71.99894 92.35858 89.58042 93.37236 98.04015 81.48256 53.50465 50.66776 54.76263 52.89924 66.00927 71.16799 65.30029 50.97462 69.80186 58.05265 75.9639 x 80.28732 70.90805 59.34104 95.50266
94.43053 92.26974 67.33226 94.50486 88.85877 50.3262 75.0456 x 71.75312 90.79724 94.28999 97.21699 97.35185 53.22183 89.84888 57.73246 64.16274 91.71996 85.88272 53.4576 80.27083 57.9751 62.78889 68.99834 62.36415 92.64502 73.4468 81.19273 85.69682 93.46317 54.01988 89.26985 65.90028 93.125 58.78931 55.55878 88.28467 97.5518 72.98074 96.48416 93.81179 80.4916 54.74986 53.26471 59.45237 80.28732 x 82.47082 61.21162 73.20387
53.96961 58.8784 77.00395 87.09965 83.4376 72.44368 x 90.58252 64.50619 62.12984 86.97709 86.63654 76.12927 73.13284 51.54853 50.69684 x 62.54409 97.11619 55.47215 81.54859 64.88128 62.20137 62.5833 95.29562 x 75.18143 59.67547 77.75813 89.27228 75.88034 79.07563 51.90176 93.96983 53.59558 88.55729 60.16172 54.91075 75.93194 91.86688 51.45935 54.16308 90.68457 80.4302 82.72916 70.90805 82.47082 x 66.53796 x
57.96868 67.56666 60.83744 95.70951 67.08904 71.11487 61.54474 90.14191 74.05014 66.13749 76.14444 78.04276 60.31252 77.68329 71.58156 56.09342 63.25624 91.99781 54.57742 90.1749 72.01159 94.44797 88.99238 58.79301 x 91.75185 95.55613 x 51.06767 94.5048 54.91282 70.13888 96.67201 x 73.04361 80.36938 62.4952 91.93672 68.33233 86.62286 82.08195 82.07894 x 68.20459 83.12509 59.34104 61.21162 66.53796 x 81.87235
x 56.75751 94.6469 91.55656 57.32169 84.90985 54.83472 80.46133 97.14257 75.32847 98.484 88.72817 71.41589 89.47078 87.09888 70.69351 91.58042 72.79027 85.25802 84.93613 76.55648 76.35844 55.28841 72.67813 85.54546 x 50.26021 63.53762 63.21872 79.65741 57.60799 94.52381 50.00021 92.79722 91.98746 56.66782 x 64.81246 93.33204 97.44516 52.53646 70.5569 93.11925 68.04158 89.36925 95.50266 73.20387 x 81.87235 x