50
25
0 1 2 3 4 5 6 7 8 9 10 11 12 13 14 15 16 17 18 19 20 21 22 23 24 25 26 27 28 29 30 31 32 33 34 35 36 37 38 39 40 41 42 43 44 45 46 47 48 49
11 22 9 41 47 3 20 18 5 38 49 4 1 7 12 16 40 15 8 17 25 44 13 10 43
0
x 0.97105 0.77143 0.51278 0.57114 0.89384 0.71542 0.8138 0.88637 0.9177 0.85391 0.79478 0.67963 x 0.87577 0.76629 0.69234 0.56323 0.60686 0.86991 0.85945 0.9639 0.83253 0.58768 0.52693 0.97937 0.53865 0.94429 0.79757 0.85558 0.55142 0.91859 0.62991 0.93425 0.96971 0.83383 0.78098 0.87683 0.72225 0.6936 0.79593 0.72969 0.89369 0.78381 0.741 0.80142 0.70911 0.99212 0.88385 0.78423
0.97105 x 0.60143 0.51775 0.72546 0.70054 0.88418 0.69088 0.83003 0.54788 0.60014 0.67021 0.89442 0.62773 0.99076 0.56917 0.59184 0.97013 0.62016 0.98722 0.55567 0.56725 x 0.85957 0.57916 0.81799 0.80611 0.85606 0.90049 0.54254 x 0.96381 0.50444 0.6244 0.50583 0.80944 0.57517 0.5302 0.70309 0.75796 0.54494 0.70254 0.51789 0.69097 0.62005 0.60455 0.94302 0.93609 0.54552 0.58543
0.77143 0.60143 x 0.97645 0.82494 0.50659 0.81118 0.66007 x 0.85062 0.59485 0.68935 0.64379 0.90305 0.89017 0.52909 0.71742 0.58547 0.71612 x 0.88733 0.96953 0.62814 0.52962 0.82494 0.77902 0.90755 0.70036 0.50839 0.5646 0.94158 0.91129 0.79451 0.89806 0.93731 0.50362 0.71416 0.69924 0.70436 0.61091 0.90574 0.64981 0.7344 0.99119 0.71353 0.72424 x 0.88516 0.9836 0.71505
0.51278 0.51775 0.97645 x 0.51093 0.94658 0.96972 0.58183 0.81948 x 0.99873 0.55375 0.53207 0.80532 0.73976 0.83563 0.57464 0.94409 0.81783 0.99149 0.56083 x 0.61134 0.60971 0.75155 x 0.95107 0.50726 0.64272 0.88607 0.95706 0.52679 0.81363 0.55594 0.99212 0.59633 0.6343 0.77681 0.55806 0.82224 0.79154 0.62234 0.86089 0.67447 0.85187 0.97244 x 0.53613 0.55471 0.76452
0.57114 0.72546 0.82494 0.51093 x 0.90834 0.797 0.55641 x 0.56645 0.55572 0.53093 0.7971 0.75197 0.61322 x 0.77246 0.99786 0.78121 0.96761 0.54498 0.79486 0.5613 0.83291 0.91612 0.76157 x 0.92529 0.58883 x 0.61274 0.56939 0.67605 0.71323 0.63287 0.95417 0.52106 0.62876 0.6674 0.99165 0.70868 0.87376 0.88265 0.73156 0.52789 0.68134 0.59049 0.73272 0.71877 0.71355
0.89384 0.70054 0.50659 0.94658 0.90834 x 0.78855 0.53041 0.87747 0.97654 0.80182 0.82738 0.88979 0.77777 0.74257 0.94131 0.75127 0.59563 0.5527 0.96738 0.59959 0.93589 0.73881 0.92293 0.61773 0.73327 0.96385 0.9866 0.57544 0.56584 0.6729 0.93126 0.75823 0.5036 0.89747 0.72274 0.93933 0.57571 0.51588 0.77385 0.91227 0.83777 0.73097 0.51351 0.90557 0.62292 0.70599 0.96994 0.66848 0.73004
0.71542 0.88418 0.81118 0.96972 0.797 0.78855 x 0.63825 0.72833 0.52183 0.60976 0.55863 0.97689 0.60568 0.59657 0.968 0.6785 0.78745 0.90506 0.97133 0.69169 0.88804 0.70943 0.99575 0.78582 0.74103 0.67493 0.57265 0.9586 0.58027 0.96881 0.59733 0.55982 0.58861 0.70029 0.55363 0.99189 x 0.97199 0.72316 0.90938 0.61473 0.9357 0.904 0.57596 0.5542 x 0.82492 0.83505 x
0.8138 0.69088 0.66007 0.58183 0.55641 0.53041 0.63825 x 0.99066 0.71796 0.65585 0.80722 0.83156 0.55484 0.51326 0.90369 0.98251 0.90653 0.6413 0.61918 0.74228 0.55705 0.66067 0.89052 0.98248 0.54789 0.60442 0.54004 0.65567 0.82288 0.74954 0.53162 0.75661 x 0.8911 0.78367 0.88542 0.69825 0.87008 0.92086 0.61115 0.54924 0.84772 0.78313 0.58905 0.90314 0.51538 x 0.8033 0.67629
0.88637 0.83003 x 0.81948 x 0.87747 0.72833 0.99066 x x 0.59148 0.89476 0.92162 0.75182 0.87389 0.89162 0.69259 0.80642 0.85115 0.72093 0.7552 0.81767 0.97565 0.86767 0.65679 0.91309 0.56639 0.95569 x 0.77954 0.63484 x 0.56674 0.53894 0.87184 0.9253 0.97041 0.70063 0.95452 0.883 0.74482 0.83366 0.76983 0.85697 0.92742 0.75583 0.81905 0.91096 0.71619 0.83311
0.9177 0.54788 0.85062 x 0.56645 0.97654 0.52183 0.71796 x x 0.94313 0.88126 0.71774 0.70156 0.65646 0.66911 0.75005 0.5491 0.95236 0.96236 0.72856 0.78853 0.64939 0.7286 0.50217 0.94685 0.54479 0.65539 0.59598 0.59659 0.5481 0.61405 0.81369 0.75068 0.59168 0.9248 0.54875 0.72788 0.57177 0.81344 0.64007 0.6942 0.59563 0.54633 0.91986 0.81816 0.90037 0.77408 0.82956 0.9087
0.85391 0.60014 0.59485 0.99873 0.55572 0.80182 0.60976 0.65585 0.59148 0.94313 x 0.96926 0.67187 0.6377 0.94626 0.9603 0.91793 x 0.69892 0.91015 0.59244 0.65837 x 0.52036 0.67207 0.77951 0.77439 0.98374 0.97247 0.94552 0.60594 0.55583 0.80056 0.66541 0.80589 0.99707 0.79506 0.52894 0.91055 0.70551 0.92185 0.59092 0.66007 0.50989 0.85658 0.75046 0.51632 0.54061 0.95399 x
0.79478 0.67021 0.68935 0.55375 0.53093 0.82738 0.55863 0.80722 0.89476 0.88126 0.96926 x 0.75158 0.93921 0.54946 0.8441 0.77817 0.85237 0.99149 0.57946 0.53569 0.53493 x 0.51422 0.87023 0.65111 0.78212 0.68346 x 0.66442 0.70286 0.79807 0.53109 0.78311 0.65007 0.61831 0.93487 0.70706 0.84858 0.63099 x x 0.66337 0.96784 0.74688 0.98806 0.59269 0.64946 0.99364 0.59846
0.67963 0.89442 0.64379 0.53207 0.7971 0.88979 0.97689 0.83156 0.92162 0.71774 0.67187 0.75158 x 0.75498 0.78581 0.71961 0.69942 0.75116 0.76113 0.63321 0.50312 x 0.70668 0.89028 0.57275 0.65128 0.99756 0.73012 0.84102 0.99655 0.62936 0.91385 0.74237 0.9618 0.50518 x 0.90572 0.51225 0.63304 0.50492 0.82597 0.75717 0.55822 0.711 0.61394 0.54676 0.74342 x x 0.70644
x 0.62773 0.90305 0.80532 0.75197 0.77777 0.60568 0.55484 0.75182 0.70156 0.6377 0.93921 0.75498 x 0.8251 0.7678 0.51461 0.86288 0.62758 0.82436 0.75825 0.84615 0.72366 0.85747 0.96121 0.8392 0.74105 0.72602 0.64784 0.7983 0.68432 0.7953 0.76885 0.89276 0.87907 0.62176 0.86274 0.75471 0.59833 0.96838 0.74469 0.55899 0.53227 0.66979 0.51374 0.64047 0.93403 0.5273 0.94612 0.70048
0.87577 0.99076 0.89017 0.73976 0.61322 0.74257 0.59657 0.51326 0.87389 0.65646 0.94626 0.54946 0.78581 0.8251 x 0.51116 0.95374 0.94073 0.58015 0.52489 0.61219 0.53125 x 0.66337 0.98888 0.61725 0.66743 0.88348 0.7956 0.8111 0.83023 0.7839 0.51323 0.91847 0.98717 0.88633 0.59544 0.74828 0.88571 0.87736 0.98715 0.65959 0.56306 0.98734 0.97499 0.80823 0.83583 0.85909 0.81269 0.68824
0.76629 0.56917 0.52909 0.83563 x 0.94131 0.968 0.90369 0.89162 0.66911 0.9603 0.8441 0.71961 0.7678 0.51116 x 0.66941 0.62287 0.7319 0.75589 0.6507 0.80968 0.85767 0.63018 0.97668 0.57197 0.66765 0.73209 0.88776 0.92734 0.72371 0.621 0.61358 0.76862 0.9162 0.58779 0.81018 0.5919 0.64565 0.9359 0.5771 0.80412 0.66768 0.93251 0.99204 0.80752 0.73498 0.57879 0.91983 0.56083
0.69234 0.59184 0.71742 0.57464 0.77246 0.75127 0.6785 0.98251 0.69259 0.75005 0.91793 0.77817 0.69942 0.51461 0.95374 0.66941 x 0.69729 0.64424 0.8681 0.78279 0.60463 0.53486 0.95844 x 0.87793 0.57071 0.51312 0.70492 0.54627 0.52509 0.54175 0.69929 0.69875 0.84656 0.61258 0.51392 0.99691 0.66424 0.83491 0.70743 0.50615 0.51577 0.78007 0.78553 0.53964 0.59401 0.81435 0.81585 0.60405
0.56323 0.97013 0.58547 0.94409 0.99786 0.59563 0.78745 0.90653 0.80642 0.5491 x 0.85237 0.75116 0.86288 0.94073 0.62287 0.69729 x 0.68541 0.99457 0.57059 0.86242 0.50515 0.90523 0.88292 0.90779 0.80435 0.66255 0.56078 0.78668 0.90124 0.62248 0.57239 0.7002 0.63448 0.75252 0.7238 0.58038 0.58436 0.7537 0.53621 0.50701 0.78331 0.53479 0.9693 0.62824 0.75435 0.71675 0.63116 0.64624
0.60686 0.62016 0.71612 0.81783 0.78121 0.5527 0.90506 0.6413 0.85115 0.95236 0.69892 0.99149 0.76113 0.62758 0.58015 0.7319 0.64424 0.68541 x 0.8855 0.94704 0.84465 0.84712 0.7444 x 0.82316 0.96453 0.92087 0.93684 0.80715 0.94868 0.64121 0.57863 0.68134 0.61042 0.91126 0.95029 0.66671 0.97577 0.62997 0.59771 0.62252 0.9306 0.90052 0.69675 0.65275 0.74332 0.88608 0.54188 0.86407
0.86991 0.98722 x 0.99149 0.96761 0.96738 0.97133 0.61918 0.72093 0.96236 0.91015 0.57946 0.63321 0.82436 0.52489 0.75589 0.8681 0.99457 0.8855 x 0.58975 0.95743 0.64134 0.77827 0.60816 0.60505 0.81616 0.51 0.77346 0.94579 0.98368 0.83338 0.59428 0.68507 0.57247 0.81589 0.79762 0.74138 x 0.99737 0.61181 0.88743 0.80986 0.718 0.69462 0.57861 0.90843 0.69116 0.63065 0.69637
0.85945 0.55567 0.88733 0.56083 0.54498 0.59959 0.69169 0.74228 0.7552 0.72856 0.59244 0.53569 0.50312 0.75825 0.61219 0.6507 0.78279 0.57059 0.94704 0.58975 x 0.57079 0.67141 0.7963 0.88564 0.58831 x 0.9986 0.50462 0.8886 0.53331 0.91492 0.70837 0.50828 x 0.67961 0.77719 0.99352 0.63249 0.70661 0.81805 0.98261 0.60854 x 0.67155 0.89811 0.86568 0.5401 0.79804 0.56131
0.9639 0.56725 0.96953 x 0.79486 0.93589 0.88804 0.55705 0.81767 0.78853 0.65837 0.53493 x 0.84615 0.53125 0.80968 0.60463 0.86242 0.84465 0.95743 0.57079 x 0.96628 0.57744 0.63714 0.71241 0.68439 0.5954 0.68593 0.70676 0.95633 0.60287 0.90323 0.7803 0.92333 0.87914 0.7178 0.83109 0.58402 0.61836 0.88449 0.57496 0.62579 0.8526 0.66989 0.96776 x 0.75632 0.61526 0.57708
0.83253 x 0.62814 0.61134 0.5613 0.73881 0.70943 0.66067 0.97565 0.64939 x x 0.70668 0.72366 x 0.85767 0.53486 0.50515 0.84712 0.64134 0.67141 0.96628 x 0.51005 0.58041 0.78258 0.85134 0.63721 0.83146 0.75693 0.74407 0.50701 0.56807 0.78984 0.68608 x 0.7842 0.67605 0.68926 0.85901 0.69044 0.93125 0.60475 0.60705 0.7582 0.99516 0.77941 0.679 0.72433 0.89812
0.58768 0.85957 0.52962 0.60971 0.83291 0.92293 0.99575 0.89052 0.86767 0.7286 0.52036 0.51422 0.89028 0.85747 0.66337 0.63018 0.95844 0.90523 0.7444 0.77827 0.7963 0.57744 0.51005 x 0.59256 x 0.78106 0.55107 0.78191 0.77526 0.83871 0.7432 0.83197 0.63331 0.65665 0.80738 0.81043 0.80964 0.90264 0.50065 0.70411 0.88376 0.8458 x 0.90166 0.89891 0.92071 0.9373 0.91868 0.58474
0.52693 0.57916 0.82494 0.75155 0.91612 0.61773 0.78582 0.98248 0.65679 0.50217 0.67207 0.87023 0.57275 0.96121 0.98888 0.97668 x 0.88292 x 0.60816 0.88564 0.63714 0.58041 0.59256 x 0.96977 0.59091 0.80181 0.80971 0.78895 0.83223 0.94475 0.92268 0.85801 0.94571 0.69868 0.96492 0.8468 0.57583 0.70238 0.70581 0.57708 0.96998 0.57435 0.74123 0.83479 0.88293 0.61854 0.60641 0.70798
0.97937 0.81799 0.77902 x 0.76157 0.73327 0.74103 0.54789 0.91309 0.94685 0.77951 0.65111 0.65128 0.8392 0.61725 0.57197 0.87793 0.90779 0.82316 0.60505 0.58831 0.71241 0.78258 x 0.96977 x 0.82387 0.53717 0.74243 0.58508 0.56799 0.93227 0.96444 0.90261 0.60954 0.50751 0.50127 0.63917 0.54802 0.63958 0.63134 0.92896 0.79697 0.6002 0.60877 0.71208 0.88712 0.77594 0.58517 0.87082
0.53865 0.80611 0.90755 0.95107 x 0.96385 0.67493 0.60442 0.56639 0.54479 0.77439 0.78212 0.99756 0.74105 0.66743 0.66765 0.57071 0.80435 0.96453 0.81616 x 0.68439 0.85134 0.78106 0.59091 0.82387 x 0.58993 0.54803 0.84845 0.71017 0.96815 0.63852 0.86305 0.60034 0.68406 0.94389 0.56633 0.53034 0.84343 0.92363 0.89523 0.97109 0.59154 0.78378 0.69992 0.93279 0.68438 0.62767 0.87016
0.94429 0.85606 0.70036 0.50726 0.92529 0.9866 0.57265 0.54004 0.95569 0.65539 0.98374 0.68346 0.73012 0.72602 0.88348 0.73209 0.51312 0.66255 0.92087 0.51 0.9986 0.5954 0.63721 0.55107 0.80181 0.53717 0.58993 x x 0.59465 0.74244 x 0.87003 0.86045 0.90066 0.61165 0.61972 0.86297 0.85261 0.89258 0.9578 0.77859 x 0.85405 0.99036 0.50086 0.52729 0.64266 0.80426 0.91295
0.79757 0.90049 0.50839 0.64272 0.58883 0.57544 0.9586 0.65567 x 0.59598 0.97247 x 0.84102 0.64784 0.7956 0.88776 0.70492 0.56078 0.93684 0.77346 0.50462 0.68593 0.83146 0.78191 0.80971 0.74243 0.54803 x x 0.72387 0.97644 0.58476 0.53245 0.65227 0.80083 0.9067 0.92994 x 0.8746 0.6216 0.74653 0.76133 0.59715 0.94885 0.91754 0.5598 0.6006 0.82219 0.59026 0.88274
0.85558 0.54254 0.5646 0.88607 x 0.56584 0.58027 0.82288 0.77954 0.59659 0.94552 0.66442 0.99655 0.7983 0.8111 0.92734 0.54627 0.78668 0.80715 0.94579 0.8886 0.70676 0.75693 0.77526 0.78895 0.58508 0.84845 0.59465 0.72387 x 0.93 0.52551 0.51951 0.69134 0.52275 0.8534 0.81927 0.66233 0.79228 0.92247 0.9623 0.92983 0.81047 0.81604 0.7624 0.85123 0.76505 0.55027 0.79768 0.64983
0.55142 x 0.94158 0.95706 0.61274 0.6729 0.96881 0.74954 0.63484 0.5481 0.60594 0.70286 0.62936 0.68432 0.83023 0.72371 0.52509 0.90124 0.94868 0.98368 0.53331 0.95633 0.74407 0.83871 0.83223 0.56799 0.71017 0.74244 0.97644 0.93 x 0.97513 0.55963 0.65839 0.58339 0.84179 0.51327 0.60603 0.5359 0.54557 0.98547 0.87911 0.97266 0.87639 0.8459 0.5092 0.80752 0.57234 0.77969 0.99156
0.91859 0.96381 0.91129 0.52679 0.56939 0.93126 0.59733 0.53162 x 0.61405 0.55583 0.79807 0.91385 0.7953 0.7839 0.621 0.54175 0.62248 0.64121 0.83338 0.91492 0.60287 0.50701 0.7432 0.94475 0.93227 0.96815 x 0.58476 0.52551 0.97513 x 0.8488 0.9913 0.50978 x 0.5098 0.82393 0.90674 0.78034 0.51778 0.91715 0.82362 0.69563 0.87758 0.79341 0.62437 x 0.94852 0.68579
0.62991 0.50444 0.79451 0.81363 0.67605 0.75823 0.55982 0.75661 0.56674 0.81369 0.80056 0.53109 0.74237 0.76885 0.51323 0.61358 0.69929 0.57239 0.57863 0.59428 0.70837 0.90323 0.56807 0.83197 0.92268 0.96444 0.63852 0.87003 0.53245 0.51951 0.55963 0.8488 x 0.93824 0.60738 0.61829 x 0.62874 0.89611 0.66911 0.64775 0.88794 0.64561 0.69124 0.98269 0.52367 0.53068 0.66156 0.98125 0.90698
0.93425 0.6244 0.89806 0.55594 0.71323 0.5036 0.58861 x 0.53894 0.75068 0.66541 0.78311 0.9618 0.89276 0.91847 0.76862 0.69875 0.7002 0.68134 0.68507 0.50828 0.7803 0.78984 0.63331 0.85801 0.90261 0.86305 0.86045 0.65227 0.69134 0.65839 0.9913 0.93824 x 0.87582 0.67426 0.86622 0.62732 0.97902 0.5274 0.50055 0.6549 0.63389 0.61214 0.80426 0.53936 0.86383 0.85987 0.80742 0.94202
0.96971 0.50583 0.93731 0.99212 0.63287 0.89747 0.70029 0.8911 0.87184 0.59168 0.80589 0.65007 0.50518 0.87907 0.98717 0.9162 0.84656 0.63448 0.61042 0.57247 x 0.92333 0.68608 0.65665 0.94571 0.60954 0.60034 0.90066 0.80083 0.52275 0.58339 0.50978 0.60738 0.87582 x 0.53461 0.72071 0.85123 0.74039 0.78157 x 0.77354 0.61688 0.64783 x 0.63784 x 0.89083 0.8704 0.70506
0.83383 0.80944 0.50362 0.59633 0.95417 0.72274 0.55363 0.78367 0.9253 0.9248 0.99707 0.61831 x 0.62176 0.88633 0.58779 0.61258 0.75252 0.91126 0.81589 0.67961 0.87914 x 0.80738 0.69868 0.50751 0.68406 0.61165 0.9067 0.8534 0.84179 x 0.61829 0.67426 0.53461 x 0.71547 0.94492 0.89297 0.82552 0.9425 0.62449 0.53928 0.9166 0.78757 0.62188 0.58793 0.50342 0.55791 0.85595
0.78098 0.57517 0.71416 0.6343 0.52106 0.93933 0.99189 0.88542 0.97041 0.54875 0.79506 0.93487 0.90572 0.86274 0.59544 0.81018 0.51392 0.7238 0.95029 0.79762 0.77719 0.7178 0.7842 0.81043 0.96492 0.50127 0.94389 0.61972 0.92994 0.81927 0.51327 0.5098 x 0.86622 0.72071 0.71547 x 0.90261 0.85411 0.65105 0.66309 0.83475 0.9201 0.94414 0.53579 x 0.55985 0.87933 0.84207 0.9856
0.87683 0.5302 0.69924 0.77681 0.62876 0.57571 x 0.69825 0.70063 0.72788 0.52894 0.70706 0.51225 0.75471 0.74828 0.5919 0.99691 0.58038 0.66671 0.74138 0.99352 0.83109 0.67605 0.80964 0.8468 0.63917 0.56633 0.86297 x 0.66233 0.60603 0.82393 0.62874 0.62732 0.85123 0.94492 0.90261 x 0.88478 0.68917 0.59776 0.83103 0.85004 x 0.65897 0.72311 0.5259 0.99167 0.9287 0.57343
0.72225 0.70309 0.70436 0.55806 0.6674 0.51588 0.97199 0.87008 0.95452 0.57177 0.91055 0.84858 0.63304 0.59833 0.88571 0.64565 0.66424 0.58436 0.97577 x 0.63249 0.58402 0.68926 0.90264 0.57583 0.54802 0.53034 0.85261 0.8746 0.79228 0.5359 0.90674 0.89611 0.97902 0.74039 0.89297 0.85411 0.88478 x 0.98584 0.93054 0.53841 0.64585 0.66322 0.66717 0.70436 x 0.95838 0.90159 0.96782
0.6936 0.75796 0.61091 0.82224 0.99165 0.77385 0.72316 0.92086 0.883 0.81344 0.70551 0.63099 0.50492 0.96838 0.87736 0.9359 0.83491 0.7537 0.62997 0.99737 0.70661 0.61836 0.85901 0.50065 0.70238 0.63958 0.84343 0.89258 0.6216 0.92247 0.54557 0.78034 0.66911 0.5274 0.78157 0.82552 0.65105 0.68917 0.98584 x 0.73332 0.59296 0.90047 0.65125 0.81923 0.89982 0.51714 0.51921 0.60839 0.60503
0.79593 0.54494 0.90574 0.79154 0.70868 0.91227 0.90938 0.61115 0.74482 0.64007 0.92185 x 0.82597 0.74469 0.98715 0.5771 0.70743 0.53621 0.59771 0.61181 0.81805 0.88449 0.69044 0.70411 0.70581 0.63134 0.92363 0.9578 0.74653 0.9623 0.98547 0.51778 0.64775 0.50055 x 0.9425 0.66309 0.59776 0.93054 0.73332 x 0.96279 0.6663 0.92974 0.9442 0.91125 0.76322 0.51277 0.5802 0.82455
0.72969 0.70254 0.64981 0.62234 0.87376 0.83777 0.61473 0.54924 0.83366 0.6942 0.59092 x 0.75717 0.55899 0.65959 0.80412 0.50615 0.50701 0.62252 0.88743 0.98261 0.57496 0.93125 0.88376 0.57708 0.92896 0.89523 0.77859 0.76133 0.92983 0.87911 0.91715 0.88794 0.6549 0.77354 0.62449 0.83475 0.83103 0.53841 0.59296 0.96279 x 0.5312 0.68924 x 0.96418 0.93851 0.76397 0.80895 0.6721
0.89369 0.51789 0.7344 0.86089 0.88265 0.73097 0.9357 0.84772 0.76983 0.59563 0.66007 0.66337 0.55822 0.53227 0.56306 0.66768 0.51577 0.78331 0.9306 0.80986 0.60854 0.62579 0.60475 0.8458 0.96998 0.79697 0.97109 x 0.59715 0.81047 0.97266 0.82362 0.64561 0.63389 0.61688 0.53928 0.9201 0.85004 0.64585 0.90047 0.6663 0.5312 x 0.84045 0.58369 0.83469 0.53358 0.8755 0.89077 x
0.78381 0.69097 0.99119 0.67447 0.73156 0.51351 0.904 0.78313 0.85697 0.54633 0.50989 0.96784 0.711 0.66979 0.98734 0.93251 0.78007 0.53479 0.90052 0.718 x 0.8526 0.60705 x 0.57435 0.6002 0.59154 0.85405 0.94885 0.81604 0.87639 0.69563 0.69124 0.61214 0.64783 0.9166 0.94414 x 0.66322 0.65125 0.92974 0.68924 0.84045 x 0.59347 0.67578 0.71532 0.67112 0.94764 0.74857
0.741 0.62005 0.71353 0.85187 0.52789 0.90557 0.57596 0.58905 0.92742 0.91986 0.85658 0.74688 0.61394 0.51374 0.97499 0.99204 0.78553 0.9693 0.69675 0.69462 0.67155 0.66989 0.7582 0.90166 0.74123 0.60877 0.78378 0.99036 0.91754 0.7624 0.8459 0.87758 0.98269 0.80426 x 0.78757 0.53579 0.65897 0.66717 0.81923 0.9442 x 0.58369 0.59347 x 0.64748 0.59433 0.87291 0.9762 0.53625
0.80142 0.60455 0.72424 0.97244 0.68134 0.62292 0.5542 0.90314 0.75583 0.81816 0.75046 0.98806 0.54676 0.64047 0.80823 0.80752 0.53964 0.62824 0.65275 0.57861 0.89811 0.96776 0.99516 0.89891 0.83479 0.71208 0.69992 0.50086 0.5598 0.85123 0.5092 0.79341 0.52367 0.53936 0.63784 0.62188 x 0.72311 0.70436 0.89982 0.91125 0.96418 0.83469 0.67578 0.64748 x 0.66535 0.80407 0.83873 0.97442
0.70911 0.94302 x x 0.59049 0.70599 x 0.51538 0.81905 0.90037 0.51632 0.59269 0.74342 0.93403 0.83583 0.73498 0.59401 0.75435 0.74332 0.90843 0.86568 x 0.77941 0.92071 0.88293 0.88712 0.93279 0.52729 0.6006 0.76505 0.80752 0.62437 0.53068 0.86383 x 0.58793 0.55985 0.5259 x 0.51714 0.76322 0.93851 0.53358 0.71532 0.59433 0.66535 x 0.72648 0.7881 0.91374
0.99212 0.93609 0.88516 0.53613 0.73272 0.96994 0.82492 x 0.91096 0.77408 0.54061 0.64946 x 0.5273 0.85909 0.57879 0.81435 0.71675 0.88608 0.69116 0.5401 0.75632 0.679 0.9373 0.61854 0.77594 0.68438 0.64266 0.82219 0.55027 0.57234 x 0.66156 0.85987 0.89083 0.50342 0.87933 0.99167 0.95838 0.51921 0.51277 0.76397 0.8755 0.67112 0.87291 0.80407 0.72648 x 0.68183 0.80166
0.88385 0.54552 0.9836 0.55471 0.71877 0.66848 0.83505 0.8033 0.71619 0.82956 0.95399 0.99364 x 0.94612 0.81269 0.91983 0.81585 0.63116 0.54188 0.63065 0.79804 0.61526 0.72433 0.91868 0.60641 0.58517 0.62767 0.80426 0.59026 0.79768 0.77969 0.94852 0.98125 0.80742 0.8704 0.55791 0.84207 0.9287 0.90159 0.60839 0.5802 0.80895 0.89077 0.94764 0.9762 0.83873 0.7881 0.68183 x 0.57437
0.78423 0.58543 0.71505 0.76452 0.71355 0.73004 x 0.67629 0.83311 0.9087 x 0.59846 0.70644 0.70048 0.68824 0.56083 0.60405 0.64624 0.86407 0.69637 0.56131 0.57708 0.89812 0.58474 0.70798 0.87082 0.87016 0.91295 0.88274 0.64983 0.99156 0.68579 0.90698 0.94202 0.70506 0.85595 0.9856 0.57343 0.96782 0.60503 0.82455 0.6721 x 0.74857 0.53625 0.97442 0.91374 0.80166 0.57437 x