50
25
0 1 2 3 4 5 6 7 8 9 10 11 12 13 14 15 16 17 18 19 20 21 22 23 24 25 26 27 28 29 30 31 32 33 34 35 36 37 38 39 40 41 42 43 44 45 46 47 48 49
45 17 31 34 46 33 40 20 4 21 13 5 47 30 25 37 48 1 7 22 14 28 11 16 15
0
x 0.93458 0.56216 x 0.62561 0.78291 0.81925 0.58747 0.63714 0.74089 0.72603 0.59336 0.74544 0.69188 0.87261 0.73428 0.79251 0.74395 0.82532 0.80801 0.59239 0.8748 0.81836 0.8206 0.84647 0.98561 0.80835 0.95359 0.50633 0.62072 0.67127 0.75579 0.91643 0.74759 0.76841 0.91632 0.94343 0.80656 0.93262 0.89725 0.50521 0.87443 0.70139 0.63512 0.95361 0.62033 0.53027 0.96686 x 0.61902
0.93458 x 0.55559 0.8059 0.7024 0.7074 0.96975 0.60017 0.59085 0.61328 0.59266 0.84554 0.9458 0.6833 0.58589 0.509 0.94666 0.63655 0.88315 0.62945 0.74336 0.88469 x 0.76624 0.74537 0.96579 0.56077 0.52137 0.87669 0.75214 x 0.87907 0.64771 0.89132 0.6909 0.59917 0.5822 0.63892 0.88986 x 0.67978 0.87113 0.7821 0.71024 0.79184 0.81351 0.80719 0.81162 0.98081 0.71663
0.56216 0.55559 x 0.63683 0.61868 0.75472 0.97544 0.53154 0.56823 0.87064 0.87596 0.66014 0.79334 0.51303 0.83235 0.60673 0.69381 0.771 0.84227 0.68816 0.67846 x 0.51299 0.88422 0.55461 0.75569 0.82997 0.85 0.86374 0.91444 0.58443 0.81879 0.70651 0.90698 0.90276 0.72752 0.74653 0.97459 x 0.50086 0.56445 0.82013 0.59331 0.95685 0.71889 0.88911 0.91699 0.67897 0.62268 x
x 0.8059 0.63683 x 0.74681 0.93676 0.89609 0.81036 0.92925 0.93928 0.95891 0.50704 0.7172 0.59918 0.69588 0.94091 0.60467 0.93776 0.62331 0.92957 0.98941 0.93055 0.69346 0.56646 0.90692 0.99437 0.69144 0.53405 0.54178 0.65928 0.76561 0.52647 0.92679 0.88931 0.9037 x 0.77576 0.86158 0.71862 0.77163 0.67352 0.59163 0.56951 0.70127 0.53757 0.58721 0.9735 0.50412 0.84049 0.71419
0.62561 0.7024 0.61868 0.74681 x 0.98901 0.86491 0.71046 0.91774 0.50833 0.99833 0.73147 0.73488 0.62311 x 0.91618 0.74148 0.86924 0.81412 0.54996 0.90921 0.92224 0.57813 0.88517 0.93311 x 0.95832 0.57475 0.52605 0.76003 0.88482 0.92167 x 0.64931 0.56211 0.73731 0.5246 0.90276 0.72603 0.85064 0.90398 0.94215 0.63297 0.90107 0.55981 0.84278 0.87849 0.77242 0.58533 0.85265
0.78291 0.7074 0.75472 0.93676 0.98901 x 0.66835 0.59096 0.81327 0.94627 0.67087 0.9393 0.65661 0.538 0.87408 0.56296 x 0.66103 0.82458 0.78535 0.83758 0.81816 x 0.67518 0.63295 0.87894 0.77004 0.77108 0.61366 0.99555 0.75214 0.68744 0.57656 0.93607 0.6495 0.69133 0.61899 0.79019 0.55175 0.70401 0.82837 0.60067 0.5956 0.89622 0.88114 0.92579 0.81111 0.75622 0.73487 0.54209
0.81925 0.96975 0.97544 0.89609 0.86491 0.66835 x 0.94654 0.93042 0.89751 0.83135 0.62192 x 0.86771 0.57842 0.58552 0.70597 0.50797 0.83772 0.98402 0.5582 x 0.80941 0.57547 0.73252 0.87229 0.62568 0.91288 0.55562 0.6316 0.66087 0.9476 0.66812 x 0.63177 0.71463 0.79083 0.95453 0.54778 0.78562 0.50508 0.72053 0.66244 x 0.51444 0.84932 0.75606 0.86017 0.57901 0.62082
0.58747 0.60017 0.53154 0.81036 0.71046 0.59096 0.94654 x 0.68302 0.67212 0.54782 0.50813 0.9722 0.90979 0.8057 0.95484 0.93484 0.88585 0.52789 0.54857 0.82135 0.98594 0.67853 0.72924 0.76719 0.64201 0.78711 0.80937 0.92474 0.76473 0.53109 x 0.53825 0.74376 0.57416 0.73905 0.7081 0.74824 0.72652 0.56792 0.85363 0.62276 0.61724 0.963 0.58649 0.54527 x 0.71994 0.75101 0.6542
0.63714 0.59085 0.56823 0.92925 0.91774 0.81327 0.93042 0.68302 x 0.77039 x 0.54995 0.89585 x 0.83755 0.55131 0.91099 0.86483 0.79087 0.97007 x 0.67634 0.67379 0.64232 0.61215 0.97026 0.92591 0.78804 0.61951 0.89332 0.90926 0.89014 0.84069 0.50635 0.77737 0.85896 0.64419 0.64333 0.85966 0.75607 0.65681 0.70269 0.82583 0.68709 0.54155 0.94901 0.70964 0.54671 0.94545 0.77735
0.74089 0.61328 0.87064 0.93928 0.50833 0.94627 0.89751 0.67212 0.77039 x 0.63584 0.50468 0.65081 0.62864 0.98011 0.5924 0.94049 0.61805 0.66387 0.91436 0.72614 0.96124 0.90045 0.74492 x 0.723 0.58319 0.51695 0.70528 0.61659 0.96184 0.76918 x 0.76684 0.69283 0.54777 0.72694 0.97472 0.56893 0.63242 0.58737 0.6796 0.62785 0.67652 0.71583 0.50804 0.89751 0.95959 0.84519 0.55673
0.72603 0.59266 0.87596 0.95891 0.99833 0.67087 0.83135 0.54782 x 0.63584 x 0.52655 0.91539 x 0.88278 0.6885 0.51949 0.77263 0.70345 0.91764 0.90568 0.57981 0.88315 0.55649 0.64026 0.72177 0.7564 0.66608 0.65428 0.72302 0.97767 0.93783 0.97298 0.97517 0.70471 0.84731 0.78359 0.55513 0.8591 x 0.85826 0.77255 0.65003 0.75711 0.87533 0.83905 0.58312 0.84789 x x
0.59336 0.84554 0.66014 0.50704 0.73147 0.9393 0.62192 0.50813 0.54995 0.50468 0.52655 x 0.78063 0.56687 0.85221 0.855 0.80211 0.66286 0.50734 0.7589 0.90312 0.98549 0.65689 0.75833 0.71498 0.85074 0.67947 x 0.6114 0.53159 0.63011 0.51469 0.54246 0.93845 0.86986 0.71733 0.93481 0.98324 0.8591 0.65957 0.659 0.62428 0.90661 0.84809 0.73345 0.74692 0.8293 0.6424 0.61371 0.69872
0.74544 0.9458 0.79334 0.7172 0.73488 0.65661 x 0.9722 0.89585 0.65081 0.91539 0.78063 x 0.57188 0.71852 0.69918 0.99295 0.9638 0.71694 0.86803 0.84238 0.81971 0.99603 0.53628 0.8724 0.71934 0.51603 0.79605 0.67527 0.69613 0.8253 0.58591 0.90491 0.58245 0.82914 0.91298 0.92596 0.90139 0.51739 0.93334 0.75086 0.91286 0.64587 0.54572 0.51973 0.76082 0.71608 0.79977 0.97366 0.8318
0.69188 0.6833 0.51303 0.59918 0.62311 0.538 0.86771 0.90979 x 0.62864 x 0.56687 0.57188 x 0.84368 0.55135 0.587 0.51291 0.63311 0.76521 0.88913 0.55974 0.81309 0.91247 x 0.57433 0.52425 0.82713 0.67113 0.70575 0.64814 0.95 0.75594 0.95894 0.53226 0.74708 0.98588 0.60878 0.942 0.72859 0.72694 x 0.74031 0.62087 0.70304 0.83215 0.68384 0.70108 0.92497 0.61262
0.87261 0.58589 0.83235 0.69588 x 0.87408 0.57842 0.8057 0.83755 0.98011 0.88278 0.85221 0.71852 0.84368 x 0.61855 0.55323 x 0.7078 0.92732 0.92612 0.9841 0.64001 0.54634 0.72137 0.55806 0.68113 0.842 0.93179 0.95384 0.66146 0.67783 0.61696 0.66486 0.55971 0.80501 0.80955 0.79042 0.58772 0.59826 0.72572 0.89056 0.98728 0.52309 0.7921 0.76862 0.58046 0.67073 0.66544 0.76334
0.73428 0.509 0.60673 0.94091 0.91618 0.56296 0.58552 0.95484 0.55131 0.5924 0.6885 0.855 0.69918 0.55135 0.61855 x 0.83232 0.71407 0.59935 0.69251 0.96177 0.74453 0.51236 0.80459 0.94659 0.76072 0.71574 0.58408 0.71541 0.73345 0.57041 0.608 0.88404 0.5273 0.77651 0.75519 0.74443 x 0.61161 0.56915 0.96706 0.99883 0.87165 0.88013 0.67859 0.90997 0.52593 0.78075 0.53877 0.56188
0.79251 0.94666 0.69381 0.60467 0.74148 x 0.70597 0.93484 0.91099 0.94049 0.51949 0.80211 0.99295 0.587 0.55323 0.83232 x x 0.58989 x 0.69218 0.53407 0.93606 x 0.92121 0.8583 0.72383 0.62698 0.71478 0.77384 0.71169 0.67725 0.94232 0.81832 0.60905 0.79162 0.5221 0.86156 0.77625 0.69821 0.58021 0.85259 0.87414 0.98157 0.99778 0.50703 0.9575 0.7169 0.9079 0.8573
0.74395 0.63655 0.771 0.93776 0.86924 0.66103 0.50797 0.88585 0.86483 0.61805 0.77263 0.66286 0.9638 0.51291 x 0.71407 x x 0.7654 0.81064 0.68669 0.60038 0.84591 0.75451 0.60422 0.96293 0.88699 0.70652 0.92826 0.54784 0.90771 0.9755 0.75901 0.93452 0.54593 0.89599 0.57197 0.76928 0.97311 0.78402 0.70762 0.9843 0.92671 0.98612 0.57127 0.76615 0.78839 0.97287 0.63878 0.85239
0.82532 0.88315 0.84227 0.62331 0.81412 0.82458 0.83772 0.52789 0.79087 0.66387 0.70345 0.50734 0.71694 0.63311 0.7078 0.59935 0.58989 0.7654 x 0.98026 0.99997 0.88141 0.81662 0.90116 0.51098 0.54125 0.76168 0.5281 0.57947 0.59598 0.91572 0.67612 0.67941 0.98871 0.5011 0.87587 0.86607 0.7048 0.53509 0.96483 0.55745 x 0.93254 0.87608 0.71051 0.80733 0.74799 0.50874 0.74512 0.85985
0.80801 0.62945 0.68816 0.92957 0.54996 0.78535 0.98402 0.54857 0.97007 0.91436 0.91764 0.7589 0.86803 0.76521 0.92732 0.69251 x 0.81064 0.98026 x 0.55491 0.90529 0.63812 0.53766 0.59195 0.78457 0.7252 0.90867 0.82276 0.67503 0.66113 0.6119 0.58566 0.60423 0.89509 0.881 0.59076 0.57286 0.94672 0.63312 0.9071 0.98875 0.767 0.72647 0.89215 0.89225 0.8301 0.7122 0.92384 0.86718
0.59239 0.74336 0.67846 0.98941 0.90921 0.83758 0.5582 0.82135 x 0.72614 0.90568 0.90312 0.84238 0.88913 0.92612 0.96177 0.69218 0.68669 0.99997 0.55491 x 0.94284 0.72108 0.7188 0.61067 0.66994 0.98089 0.53011 0.93907 0.78517 0.79712 0.80495 0.57484 0.78009 0.82304 0.7109 0.69492 0.88357 0.72063 0.75201 0.62203 0.59014 0.73783 0.68398 0.70998 0.63438 0.73456 0.85472 0.97929 0.51199
0.8748 0.88469 x 0.93055 0.92224 0.81816 x 0.98594 0.67634 0.96124 0.57981 0.98549 0.81971 0.55974 0.9841 0.74453 0.53407 0.60038 0.88141 0.90529 0.94284 x 0.7808 0.7119 0.88777 0.55284 0.96197 0.91441 0.90374 0.82788 0.77868 0.81726 0.9421 0.57123 0.75212 0.88041 0.94732 0.69246 0.71328 0.81849 0.76103 0.93401 0.92047 0.97977 x 0.97211 0.84846 0.94839 x 0.71965
0.81836 x 0.51299 0.69346 0.57813 x 0.80941 0.67853 0.67379 0.90045 0.88315 0.65689 0.99603 0.81309 0.64001 0.51236 0.93606 0.84591 0.81662 0.63812 0.72108 0.7808 x 0.94769 0.72374 0.52062 0.96113 0.54256 0.77862 0.82645 0.68292 0.52313 0.72948 0.84694 0.53303 0.62266 0.52506 0.89359 0.85253 0.73027 0.69825 0.94147 0.9833 0.56188 0.63742 0.57588 0.71523 0.80725 0.84222 0.66333
0.8206 0.76624 0.88422 0.56646 0.88517 0.67518 0.57547 0.72924 0.64232 0.74492 0.55649 0.75833 0.53628 0.91247 0.54634 0.80459 x 0.75451 0.90116 0.53766 0.7188 0.7119 0.94769 x 0.6437 0.73747 x 0.52078 0.94993 0.88289 0.70819 0.99742 0.88498 0.81048 0.57502 0.83464 0.87268 0.52905 0.7276 0.52905 0.93337 0.8268 0.58684 0.84082 0.91358 0.64201 0.71461 0.74284 0.9897 0.52215
0.84647 0.74537 0.55461 0.90692 0.93311 0.63295 0.73252 0.76719 0.61215 x 0.64026 0.71498 0.8724 x 0.72137 0.94659 0.92121 0.60422 0.51098 0.59195 0.61067 0.88777 0.72374 0.6437 x 0.64931 0.93894 0.97385 0.78778 0.52077 x 0.55552 0.51378 0.62537 0.52984 0.80203 0.7937 x 0.98151 0.83622 0.64782 0.78057 x 0.87317 0.54897 0.54141 0.64673 0.8291 0.63761 0.51668
0.98561 0.96579 0.75569 0.99437 x 0.87894 0.87229 0.64201 0.97026 0.723 0.72177 0.85074 0.71934 0.57433 0.55806 0.76072 0.8583 0.96293 0.54125 0.78457 0.66994 0.55284 0.52062 0.73747 0.64931 x 0.99331 x 0.6253 0.75313 0.91251 0.52053 0.88484 0.90445 x 0.87831 0.81766 0.73672 0.6591 0.74952 0.5809 0.91101 0.69723 0.63476 0.67514 0.76387 0.65552 0.96194 0.63048 0.74457
0.80835 0.56077 0.82997 0.69144 0.95832 0.77004 0.62568 0.78711 0.92591 0.58319 0.7564 0.67947 0.51603 0.52425 0.68113 0.71574 0.72383 0.88699 0.76168 0.7252 0.98089 0.96197 0.96113 x 0.93894 0.99331 x 0.99577 0.8136 0.89163 0.62577 0.56018 0.84028 0.66614 0.55273 0.76885 0.72232 0.65022 0.52685 0.55 0.55764 0.56003 0.64018 0.67975 0.99623 0.50794 0.8492 0.80323 0.85099 0.86181
0.95359 0.52137 0.85 0.53405 0.57475 0.77108 0.91288 0.80937 0.78804 0.51695 0.66608 x 0.79605 0.82713 0.842 0.58408 0.62698 0.70652 0.5281 0.90867 0.53011 0.91441 0.54256 0.52078 0.97385 x 0.99577 x x 0.77278 0.51552 0.69634 0.62714 x 0.93149 0.58149 0.81051 0.82019 0.91973 x 0.63167 x 0.95541 0.90694 0.78144 0.97256 0.83176 0.8023 0.56845 0.99081
0.50633 0.87669 0.86374 0.54178 0.52605 0.61366 0.55562 0.92474 0.61951 0.70528 0.65428 0.6114 0.67527 0.67113 0.93179 0.71541 0.71478 0.92826 0.57947 0.82276 0.93907 0.90374 0.77862 0.94993 0.78778 0.6253 0.8136 x x 0.8584 0.55851 0.73267 0.54063 0.68491 0.98546 0.5315 0.84092 0.79734 0.53365 0.83919 0.74902 0.87125 0.90052 0.60744 0.56176 0.56519 0.61574 0.97159 0.52354 0.51883
0.62072 0.75214 0.91444 0.65928 0.76003 0.99555 0.6316 0.76473 0.89332 0.61659 0.72302 0.53159 0.69613 0.70575 0.95384 0.73345 0.77384 0.54784 0.59598 0.67503 0.78517 0.82788 0.82645 0.88289 0.52077 0.75313 0.89163 0.77278 0.8584 x 0.70798 0.51411 0.62452 0.90154 x 0.77319 0.57237 0.6791 0.73641 0.70836 0.8886 0.61335 0.68985 0.86827 0.79509 0.98916 0.64078 0.53615 0.94046 0.55424
0.67127 x 0.58443 0.76561 0.88482 0.75214 0.66087 0.53109 0.90926 0.96184 0.97767 0.63011 0.8253 0.64814 0.66146 0.57041 0.71169 0.90771 0.91572 0.66113 0.79712 0.77868 0.68292 0.70819 x 0.91251 0.62577 0.51552 0.55851 0.70798 x 0.6575 0.85341 0.7285 0.52729 0.9038 0.83448 0.96012 0.58167 0.64214 0.82678 0.71387 0.72692 0.71159 0.55824 0.99212 0.95824 0.90125 0.96427 0.91124
0.75579 0.87907 0.81879 0.52647 0.92167 0.68744 0.9476 x 0.89014 0.76918 0.93783 0.51469 0.58591 0.95 0.67783 0.608 0.67725 0.9755 0.67612 0.6119 0.80495 0.81726 0.52313 0.99742 0.55552 0.52053 0.56018 0.69634 0.73267 0.51411 0.6575 x 0.76259 0.54256 0.65818 0.9831 x 0.71108 0.62039 0.94481 0.69813 0.53316 0.5779 x 0.79823 0.56428 0.52714 0.86285 0.86126 0.56526
0.91643 0.64771 0.70651 0.92679 x 0.57656 0.66812 0.53825 0.84069 x 0.97298 0.54246 0.90491 0.75594 0.61696 0.88404 0.94232 0.75901 0.67941 0.58566 0.57484 0.9421 0.72948 0.88498 0.51378 0.88484 0.84028 0.62714 0.54063 0.62452 0.85341 0.76259 x 0.99762 0.79763 0.72129 0.84555 0.557 0.89767 0.71898 0.58561 0.86357 0.5631 0.91372 0.9389 0.57523 0.96821 0.9362 0.61703 0.58458
0.74759 0.89132 0.90698 0.88931 0.64931 0.93607 x 0.74376 0.50635 0.76684 0.97517 0.93845 0.58245 0.95894 0.66486 0.5273 0.81832 0.93452 0.98871 0.60423 0.78009 0.57123 0.84694 0.81048 0.62537 0.90445 0.66614 x 0.68491 0.90154 0.7285 0.54256 0.99762 x 0.75176 0.70523 0.79091 0.7662 0.66059 0.73179 0.77457 0.63069 0.74449 0.84297 0.84898 0.91058 0.75475 0.81879 0.61258 0.59653
0.76841 0.6909 0.90276 0.9037 0.56211 0.6495 0.63177 0.57416 0.77737 0.69283 0.70471 0.86986 0.82914 0.53226 0.55971 0.77651 0.60905 0.54593 0.5011 0.89509 0.82304 0.75212 0.53303 0.57502 0.52984 x 0.55273 0.93149 0.98546 x 0.52729 0.65818 0.79763 0.75176 x 0.5754 0.69603 0.59628 0.53268 0.62895 0.91036 0.76951 0.51023 0.83961 0.51153 0.99174 0.90498 0.52299 0.99437 0.58449
0.91632 0.59917 0.72752 x 0.73731 0.69133 0.71463 0.73905 0.85896 0.54777 0.84731 0.71733 0.91298 0.74708 0.80501 0.75519 0.79162 0.89599 0.87587 0.881 0.7109 0.88041 0.62266 0.83464 0.80203 0.87831 0.76885 0.58149 0.5315 0.77319 0.9038 0.9831 0.72129 0.70523 0.5754 x 0.9558 0.92011 0.52395 0.8309 0.90311 0.66143 0.74111 0.88156 0.54222 0.53577 0.62675 0.88604 0.7293 0.83964
0.94343 0.5822 0.74653 0.77576 0.5246 0.61899 0.79083 0.7081 0.64419 0.72694 0.78359 0.93481 0.92596 0.98588 0.80955 0.74443 0.5221 0.57197 0.86607 0.59076 0.69492 0.94732 0.52506 0.87268 0.7937 0.81766 0.72232 0.81051 0.84092 0.57237 0.83448 x 0.84555 0.79091 0.69603 0.9558 x 0.75304 0.56442 0.80667 0.88654 0.91405 0.70326 0.7597 0.78467 0.64178 0.87808 0.97858 x 0.84941
0.80656 0.63892 0.97459 0.86158 0.90276 0.79019 0.95453 0.74824 0.64333 0.97472 0.55513 0.98324 0.90139 0.60878 0.79042 x 0.86156 0.76928 0.7048 0.57286 0.88357 0.69246 0.89359 0.52905 x 0.73672 0.65022 0.82019 0.79734 0.6791 0.96012 0.71108 0.557 0.7662 0.59628 0.92011 0.75304 x 0.94221 0.64513 0.58564 0.64337 0.78501 x 0.68229 0.81529 0.77454 x 0.78101 0.71274
0.93262 0.88986 x 0.71862 0.72603 0.55175 0.54778 0.72652 0.85966 0.56893 0.8591 0.8591 0.51739 0.942 0.58772 0.61161 0.77625 0.97311 0.53509 0.94672 0.72063 0.71328 0.85253 0.7276 0.98151 0.6591 0.52685 0.91973 0.53365 0.73641 0.58167 0.62039 0.89767 0.66059 0.53268 0.52395 0.56442 0.94221 x 0.54389 0.69731 0.89183 0.80067 0.92787 0.55778 0.79087 0.78199 0.64992 0.95904 0.76216
0.89725 x 0.50086 0.77163 0.85064 0.70401 0.78562 0.56792 0.75607 0.63242 x 0.65957 0.93334 0.72859 0.59826 0.56915 0.69821 0.78402 0.96483 0.63312 0.75201 0.81849 0.73027 0.52905 0.83622 0.74952 0.55 x 0.83919 0.70836 0.64214 0.94481 0.71898 0.73179 0.62895 0.8309 0.80667 0.64513 0.54389 x 0.57209 0.5172 0.58144 0.98914 0.81986 0.75759 0.77665 0.62232 0.87434 0.6098
0.50521 0.67978 0.56445 0.67352 0.90398 0.82837 0.50508 0.85363 0.65681 0.58737 0.85826 0.659 0.75086 0.72694 0.72572 0.96706 0.58021 0.70762 0.55745 0.9071 0.62203 0.76103 0.69825 0.93337 0.64782 0.5809 0.55764 0.63167 0.74902 0.8886 0.82678 0.69813 0.58561 0.77457 0.91036 0.90311 0.88654 0.58564 0.69731 0.57209 x 0.95234 0.73591 0.6093 0.57209 0.62585 0.81222 0.71481 0.67419 0.82233
0.87443 0.87113 0.82013 0.59163 0.94215 0.60067 0.72053 0.62276 0.70269 0.6796 0.77255 0.62428 0.91286 x 0.89056 0.99883 0.85259 0.9843 x 0.98875 0.59014 0.93401 0.94147 0.8268 0.78057 0.91101 0.56003 x 0.87125 0.61335 0.71387 0.53316 0.86357 0.63069 0.76951 0.66143 0.91405 0.64337 0.89183 0.5172 0.95234 x x 0.88621 0.56568 0.7246 0.94834 0.63612 0.87421 0.53871
0.70139 0.7821 0.59331 0.56951 0.63297 0.5956 0.66244 0.61724 0.82583 0.62785 0.65003 0.90661 0.64587 0.74031 0.98728 0.87165 0.87414 0.92671 0.93254 0.767 0.73783 0.92047 0.9833 0.58684 x 0.69723 0.64018 0.95541 0.90052 0.68985 0.72692 0.5779 0.5631 0.74449 0.51023 0.74111 0.70326 0.78501 0.80067 0.58144 0.73591 x x 0.60306 0.76833 0.95129 0.74054 0.54056 0.90498 0.50802
0.63512 0.71024 0.95685 0.70127 0.90107 0.89622 x 0.963 0.68709 0.67652 0.75711 0.84809 0.54572 0.62087 0.52309 0.88013 0.98157 0.98612 0.87608 0.72647 0.68398 0.97977 0.56188 0.84082 0.87317 0.63476 0.67975 0.90694 0.60744 0.86827 0.71159 x 0.91372 0.84297 0.83961 0.88156 0.7597 x 0.92787 0.98914 0.6093 0.88621 0.60306 x 0.79399 0.50649 0.64162 0.86218 0.59834 0.75262
0.95361 0.79184 0.71889 0.53757 0.55981 0.88114 0.51444 0.58649 0.54155 0.71583 0.87533 0.73345 0.51973 0.70304 0.7921 0.67859 0.99778 0.57127 0.71051 0.89215 0.70998 x 0.63742 0.91358 0.54897 0.67514 0.99623 0.78144 0.56176 0.79509 0.55824 0.79823 0.9389 0.84898 0.51153 0.54222 0.78467 0.68229 0.55778 0.81986 0.57209 0.56568 0.76833 0.79399 x 0.67802 0.89492 0.6103 0.74254 0.78133
0.62033 0.81351 0.88911 0.58721 0.84278 0.92579 0.84932 0.54527 0.94901 0.50804 0.83905 0.74692 0.76082 0.83215 0.76862 0.90997 0.50703 0.76615 0.80733 0.89225 0.63438 0.97211 0.57588 0.64201 0.54141 0.76387 0.50794 0.97256 0.56519 0.98916 0.99212 0.56428 0.57523 0.91058 0.99174 0.53577 0.64178 0.81529 0.79087 0.75759 0.62585 0.7246 0.95129 0.50649 0.67802 x 0.94386 0.91565 0.52621 0.73659
0.53027 0.80719 0.91699 0.9735 0.87849 0.81111 0.75606 x 0.70964 0.89751 0.58312 0.8293 0.71608 0.68384 0.58046 0.52593 0.9575 0.78839 0.74799 0.8301 0.73456 0.84846 0.71523 0.71461 0.64673 0.65552 0.8492 0.83176 0.61574 0.64078 0.95824 0.52714 0.96821 0.75475 0.90498 0.62675 0.87808 0.77454 0.78199 0.77665 0.81222 0.94834 0.74054 0.64162 0.89492 0.94386 x 0.835 0.92152 0.71646
0.96686 0.81162 0.67897 0.50412 0.77242 0.75622 0.86017 0.71994 0.54671 0.95959 0.84789 0.6424 0.79977 0.70108 0.67073 0.78075 0.7169 0.97287 0.50874 0.7122 0.85472 0.94839 0.80725 0.74284 0.8291 0.96194 0.80323 0.8023 0.97159 0.53615 0.90125 0.86285 0.9362 0.81879 0.52299 0.88604 0.97858 x 0.64992 0.62232 0.71481 0.63612 0.54056 0.86218 0.6103 0.91565 0.835 x 0.51105 0.99316
x 0.98081 0.62268 0.84049 0.58533 0.73487 0.57901 0.75101 0.94545 0.84519 x 0.61371 0.97366 0.92497 0.66544 0.53877 0.9079 0.63878 0.74512 0.92384 0.97929 x 0.84222 0.9897 0.63761 0.63048 0.85099 0.56845 0.52354 0.94046 0.96427 0.86126 0.61703 0.61258 0.99437 0.7293 x 0.78101 0.95904 0.87434 0.67419 0.87421 0.90498 0.59834 0.74254 0.52621 0.92152 0.51105 x 0.55532
0.61902 0.71663 x 0.71419 0.85265 0.54209 0.62082 0.6542 0.77735 0.55673 x 0.69872 0.8318 0.61262 0.76334 0.56188 0.8573 0.85239 0.85985 0.86718 0.51199 0.71965 0.66333 0.52215 0.51668 0.74457 0.86181 0.99081 0.51883 0.55424 0.91124 0.56526 0.58458 0.59653 0.58449 0.83964 0.84941 0.71274 0.76216 0.6098 0.82233 0.53871 0.50802 0.75262 0.78133 0.73659 0.71646 0.99316 0.55532 x