50
25
0 1 2 3 4 5 6 7 8 9 10 11 12 13 14 15 16 17 18 19 20 21 22 23 24 25 26 27 28 29 30 31 32 33 34 35 36 37 38 39 40 41 42 43 44 45 46 47 48 49
15 8 44 4 6 23 39 11 12 5 36 42 48 49 38 20 45 10 25 0 41 29 3 21 46
0
x 0.72573 0.75327 0.69555 0.80036 0.70371 0.82371 0.54497 0.84863 0.73617 0.9755 0.79512 0.89636 0.65809 0.79167 0.95901 0.68493 0.73843 0.96757 0.95264 0.63888 0.87956 0.78644 0.94754 0.58254 x 0.57449 0.91891 0.59661 0.64437 0.62364 0.86875 0.59833 0.67938 0.68357 0.85081 0.87871 0.94481 0.64223 0.82841 0.78132 0.84068 0.64059 0.58044 0.6233 0.90076 0.77856 0.8184 0.54261 0.99279
0.72573 x 0.99253 0.79401 0.92497 0.70671 0.77348 0.69458 0.8148 0.94904 0.77071 0.51845 0.65909 0.95074 0.7499 0.85402 0.83028 0.62708 0.86302 0.69127 0.98667 0.78559 0.5082 0.70625 0.65434 0.94864 0.67399 0.74117 0.68264 0.62583 0.94312 0.79789 0.9045 x 0.81534 0.64538 0.89704 0.68687 x 0.50579 0.55734 0.52682 0.63629 0.85285 0.78437 0.98039 0.78099 0.96572 0.7319 0.65271
0.75327 0.99253 x 0.8542 0.67741 0.83615 0.60777 0.6558 0.79334 0.68703 0.66599 0.69066 0.61002 0.90789 0.50112 0.90025 0.74093 0.77142 0.85063 0.78778 0.54723 0.64041 0.68952 0.98323 0.61908 0.9545 0.97683 0.83501 0.71698 0.94507 0.52345 0.97788 0.962 0.97784 0.65514 0.6606 0.54976 0.91749 0.53314 0.57816 0.57292 0.7081 0.72811 0.85749 0.77231 0.84347 x 0.68357 0.9154 0.80642
0.69555 0.79401 0.8542 x 0.98774 0.97873 0.84908 0.56259 0.80012 0.5518 0.76734 0.85026 0.73399 0.84824 0.59923 0.57946 0.5835 0.93674 0.70776 0.92773 0.94211 0.57512 x 0.72161 0.85047 0.65247 x 0.63749 0.94006 0.59041 0.6665 0.91276 0.7065 0.70598 0.70328 0.71156 0.61133 0.74169 0.96167 0.97975 0.69498 x 0.57809 0.54454 0.67496 0.80863 0.90814 0.69197 0.94773 0.98078
0.80036 0.92497 0.67741 0.98774 x 0.8332 0.99127 0.8004 0.6534 0.87474 0.53709 0.89528 0.67383 0.60942 0.68937 0.79143 0.77003 0.6684 0.87014 0.58897 0.65892 0.8389 0.84671 0.65335 0.74471 0.72676 0.78182 0.85816 0.9096 x 0.78091 0.90972 0.68129 x 0.53004 0.65979 0.56873 0.6779 0.83066 0.58235 x 0.54876 0.96376 0.89211 0.75289 0.88841 x 0.93945 0.9531 0.59256
0.70371 0.70671 0.83615 0.97873 0.8332 x x 0.6178 0.53962 0.65393 0.63799 x 0.91449 0.68566 0.67433 0.8857 0.62505 0.5442 0.73715 0.95378 0.55708 0.90879 0.53734 x 0.76888 0.61387 0.76682 0.5199 0.97118 0.88342 0.85152 0.59687 0.66431 0.7149 0.99505 0.93709 0.9414 x 0.78623 0.52164 0.90963 0.57556 0.52837 0.51054 0.63027 0.77189 0.86639 0.64502 0.95555 0.51707
0.82371 0.77348 0.60777 0.84908 0.99127 x x 0.67359 0.62139 0.58425 0.92191 0.62597 0.91626 0.72004 0.73126 0.82818 0.91323 0.80117 0.51063 0.68334 0.84922 0.9435 0.78403 0.96493 0.94938 0.68968 0.93251 0.52184 0.73913 0.81318 0.5493 0.96336 0.60488 0.504 0.57781 0.88791 0.94564 0.93098 0.50058 0.64478 0.687 0.86932 0.61027 0.87762 0.62742 0.70448 0.89207 x x 0.66567
0.54497 0.69458 0.6558 0.56259 0.8004 0.6178 0.67359 x 0.88345 0.73398 0.62559 0.53511 0.56017 0.95004 0.72881 0.93356 0.99028 0.66073 0.68966 0.73826 0.62445 0.50879 0.82586 0.87293 0.64331 0.54896 0.93686 0.88477 0.70158 0.98645 0.70255 0.78439 0.72588 0.83271 0.81509 0.91789 0.86527 0.87602 0.55346 0.6834 0.88749 0.96604 0.57512 x 0.77526 0.86793 0.95845 0.55827 0.60431 0.5073
0.84863 0.8148 0.79334 0.80012 0.6534 0.53962 0.62139 0.88345 x 0.91227 0.93314 0.77073 0.71901 0.88447 0.53163 0.86845 0.56642 0.90623 0.953 0.68599 0.54185 0.5301 0.85224 0.776 0.87785 0.77998 0.81333 0.90094 0.70918 0.91856 0.97748 0.65744 0.92628 0.75267 0.78693 0.84053 x 0.77795 0.87299 0.53011 0.81573 0.90032 0.61309 0.87235 0.55005 0.74625 0.63419 0.68997 0.63749 0.67102
0.73617 0.94904 0.68703 0.5518 0.87474 0.65393 0.58425 0.73398 0.91227 x 0.71824 0.65308 0.52805 0.54996 0.85174 0.73539 0.9719 0.80371 x 0.75655 0.90305 0.53565 0.73589 0.62036 0.574 0.94246 0.53203 0.91245 0.76068 x 0.7785 0.53569 0.93231 0.62164 0.81484 0.96629 0.95357 0.63032 0.8833 0.78528 0.98844 0.7687 0.62968 0.85944 0.67754 0.82183 0.64672 0.5928 0.69636 0.60507
0.9755 0.77071 0.66599 0.76734 0.53709 0.63799 0.92191 0.62559 0.93314 0.71824 x 0.57028 0.72672 0.53241 0.72742 0.78043 0.5139 0.68022 0.53212 0.56224 0.56005 0.93582 0.95643 0.62418 0.56037 x 0.55492 0.57912 0.90219 0.52103 0.93559 0.74047 0.81877 0.79926 0.62158 0.69445 0.68185 0.71704 0.79801 0.51675 0.77521 0.97158 0.53666 0.69258 0.64007 0.6839 0.66031 0.56261 0.65341 0.69226
0.79512 0.51845 0.69066 0.85026 0.89528 x 0.62597 0.53511 0.77073 0.65308 0.57028 x 0.63135 0.61167 0.88245 0.88456 0.70602 0.91084 x 0.68945 0.6605 0.53006 x 0.53565 0.6889 0.63843 0.60585 0.53043 0.80482 0.68761 0.52555 0.70294 0.91371 0.54939 x 0.80351 0.51233 0.8289 0.67024 0.51174 0.77036 0.60995 0.5435 0.86357 0.86797 0.59458 0.50443 0.98763 0.51301 0.83464
0.89636 0.65909 0.61002 0.73399 0.67383 0.91449 0.91626 0.56017 0.71901 0.52805 0.72672 0.63135 x x 0.80137 0.5197 0.77167 0.753 0.80107 0.61562 0.66961 0.50731 0.63329 0.86707 0.76885 0.73274 0.85714 0.92545 0.98167 0.69252 0.59103 0.57795 0.64889 0.95162 0.55204 0.9692 0.54216 0.92278 0.80927 0.85288 0.85499 0.84316 0.83552 0.57738 0.5708 0.9468 0.84267 x 0.7406 0.70695
0.65809 0.95074 0.90789 0.84824 0.60942 0.68566 0.72004 0.95004 0.88447 0.54996 0.53241 0.61167 x x 0.59664 0.67028 0.78214 0.8743 0.83914 0.79996 0.6229 0.75705 0.75869 0.55576 0.69487 0.6285 0.95011 0.98092 0.8319 0.72725 0.89119 0.67747 0.77582 0.77721 0.6468 0.61578 0.56101 0.83834 0.55663 x 0.89871 x 0.75515 0.86552 x 0.96418 0.93875 0.80195 0.69637 0.84547
0.79167 0.7499 0.50112 0.59923 0.68937 0.67433 0.73126 0.72881 0.53163 0.85174 0.72742 0.88245 0.80137 0.59664 x 0.60567 0.71951 0.73765 0.80539 0.56651 0.827 0.80049 0.80912 0.85314 0.90799 0.96579 0.65544 0.51763 0.69478 0.82485 0.88792 0.89719 0.95567 0.84749 0.63959 0.57552 0.83689 0.94906 0.72703 0.94141 0.87675 0.70661 0.63363 0.92378 0.65509 0.76566 0.81933 0.97166 0.54684 0.91944
0.95901 0.85402 0.90025 0.57946 0.79143 0.8857 0.82818 0.93356 0.86845 0.73539 0.78043 0.88456 0.5197 0.67028 0.60567 x 0.59671 x 0.80596 0.91489 0.86678 0.60075 0.52155 0.94313 0.66891 0.63675 0.68797 0.78063 0.88524 0.80717 0.87489 0.68445 0.5056 0.52347 0.87924 0.90169 0.70925 0.8016 0.66984 0.59446 0.53535 0.5004 x 0.80464 0.93772 0.92258 0.88095 0.50004 0.65631 0.89541
0.68493 0.83028 0.74093 0.5835 0.77003 0.62505 0.91323 0.99028 0.56642 0.9719 0.5139 0.70602 0.77167 0.78214 0.71951 0.59671 x 0.82492 0.80439 0.98793 0.94242 0.86817 0.77875 0.82913 0.51342 0.93073 0.82209 0.52006 0.65765 0.60289 0.97777 0.5042 0.80041 0.88484 0.68539 0.91267 0.67034 0.73624 0.83647 0.74404 0.66269 0.73255 0.50481 0.64637 0.67768 0.95029 0.84021 0.59931 0.58274 0.64705
0.73843 0.62708 0.77142 0.93674 0.6684 0.5442 0.80117 0.66073 0.90623 0.80371 0.68022 0.91084 0.753 0.8743 0.73765 x 0.82492 x 0.91319 0.73084 x 0.97165 0.74615 0.54188 0.9193 0.98041 0.7674 0.8943 x 0.79863 0.68649 0.8329 0.7898 0.85832 0.92692 0.83983 0.88793 0.57355 0.87342 0.58698 0.97624 0.55952 0.74385 0.91458 0.76261 0.51719 0.91853 x 0.52124 0.82438
0.96757 0.86302 0.85063 0.70776 0.87014 0.73715 0.51063 0.68966 0.953 x 0.53212 x 0.80107 0.83914 0.80539 0.80596 0.80439 0.91319 x 0.81928 0.60111 0.90768 0.58734 0.65937 0.67942 0.76551 0.53621 0.57115 0.8275 0.75433 0.54914 0.82221 0.54622 0.79396 0.94754 0.94181 0.9433 0.55227 0.74732 0.99995 0.55633 0.94013 0.53602 0.5588 0.5677 0.54432 0.96911 0.62262 0.80848 0.93919
0.95264 0.69127 0.78778 0.92773 0.58897 0.95378 0.68334 0.73826 0.68599 0.75655 0.56224 0.68945 0.61562 0.79996 0.56651 0.91489 0.98793 0.73084 0.81928 x 0.54658 0.86672 0.59256 0.94159 0.898 0.89322 0.82941 0.65989 0.83997 0.7127 0.81756 0.97212 0.81784 0.63563 0.86969 0.92953 0.95001 0.91609 0.83681 0.93737 0.96948 x 0.64627 0.71918 0.7476 0.78853 0.63679 0.98542 0.58894 0.65975
0.63888 0.98667 0.54723 0.94211 0.65892 0.55708 0.84922 0.62445 0.54185 0.90305 0.56005 0.6605 0.66961 0.6229 0.827 0.86678 0.94242 x 0.60111 0.54658 x 0.54249 0.69797 0.81972 0.57744 0.60387 0.83946 0.79067 0.93197 0.74719 0.77909 0.60935 0.96203 0.66959 0.63362 0.82704 x 0.95947 0.93854 0.62795 0.98212 0.51246 0.79854 0.59216 0.50777 0.57768 x 0.74015 0.94617 0.60166
0.87956 0.78559 0.64041 0.57512 0.8389 0.90879 0.9435 0.50879 0.5301 0.53565 0.93582 0.53006 0.50731 0.75705 0.80049 0.60075 0.86817 0.97165 0.90768 0.86672 0.54249 x 0.56732 0.55919 0.74753 0.5478 x 0.77685 0.61874 0.59397 0.65193 0.74953 0.94817 0.94564 0.73439 0.98513 0.54628 0.59935 0.80039 x 0.7789 0.99089 0.74187 0.79834 0.71419 0.99495 0.59086 0.73923 0.72421 0.76891
0.78644 0.5082 0.68952 x 0.84671 0.53734 0.78403 0.82586 0.85224 0.73589 0.95643 x 0.63329 0.75869 0.80912 0.52155 0.77875 0.74615 0.58734 0.59256 0.69797 0.56732 x 0.98284 0.89544 0.9333 0.85318 0.85823 0.61434 0.99448 0.63379 0.71937 0.77769 0.53922 0.55735 0.87076 0.9929 0.57946 0.83235 0.91441 x 0.55093 0.69516 0.79795 0.70719 0.68508 0.88044 0.53964 0.6384 0.85129
0.94754 0.70625 0.98323 0.72161 0.65335 x 0.96493 0.87293 0.776 0.62036 0.62418 0.53565 0.86707 0.55576 0.85314 0.94313 0.82913 0.54188 0.65937 0.94159 0.81972 0.55919 0.98284 x 0.82656 0.55728 0.56292 0.96995 0.96216 0.55396 0.77256 0.68309 0.64627 0.51196 x 0.82292 0.94849 0.51893 x 0.54374 0.97739 0.60265 0.8587 0.73062 0.80825 0.52137 0.58265 0.87621 0.83754 0.65473
0.58254 0.65434 0.61908 0.85047 0.74471 0.76888 0.94938 0.64331 0.87785 0.574 0.56037 0.6889 0.76885 0.69487 0.90799 0.66891 0.51342 0.9193 0.67942 0.898 0.57744 0.74753 0.89544 0.82656 x 0.8586 0.90617 0.62178 0.98799 0.84933 0.60808 0.70808 0.67831 0.68639 0.90881 0.86743 0.50658 0.77412 0.79694 x 0.89163 0.66949 0.70578 0.88033 0.56954 0.98534 0.76446 0.79157 0.55763 0.50959
x 0.94864 0.9545 0.65247 0.72676 0.61387 0.68968 0.54896 0.77998 0.94246 x 0.63843 0.73274 0.6285 0.96579 0.63675 0.93073 0.98041 0.76551 0.89322 0.60387 0.5478 0.9333 0.55728 0.8586 x 0.53261 0.80597 0.92251 0.5149 0.91617 0.80978 0.6686 0.96066 0.73341 0.91903 0.66461 0.77011 0.51169 0.60567 x x 0.64382 0.51689 0.5093 0.8503 0.8786 0.89924 0.91453 0.75397
0.57449 0.67399 0.97683 x 0.78182 0.76682 0.93251 0.93686 0.81333 0.53203 0.55492 0.60585 0.85714 0.95011 0.65544 0.68797 0.82209 0.7674 0.53621 0.82941 0.83946 x 0.85318 0.56292 0.90617 0.53261 x 0.50554 x 0.95655 0.76647 0.61516 0.92799 0.73028 0.88771 0.71348 0.9818 0.7568 0.88694 0.96607 0.56089 0.65361 x 0.94709 0.96077 0.897 0.86009 0.58055 x 0.69819
0.91891 0.74117 0.83501 0.63749 0.85816 0.5199 0.52184 0.88477 0.90094 0.91245 0.57912 0.53043 0.92545 0.98092 0.51763 0.78063 0.52006 0.8943 0.57115 0.65989 0.79067 0.77685 0.85823 0.96995 0.62178 0.80597 0.50554 x 0.65632 0.78375 0.72085 0.54588 0.681 0.63271 0.62211 0.5114 0.69569 0.82019 0.51727 0.53679 0.73877 0.57778 0.92482 0.90688 0.71905 0.65534 0.56891 0.54037 0.56863 0.61523
0.59661 0.68264 0.71698 0.94006 0.9096 0.97118 0.73913 0.70158 0.70918 0.76068 0.90219 0.80482 0.98167 0.8319 0.69478 0.88524 0.65765 x 0.8275 0.83997 0.93197 0.61874 0.61434 0.96216 0.98799 0.92251 x 0.65632 x 0.82105 0.70444 0.73458 0.53993 0.96381 0.53755 x 0.78824 0.5857 0.64901 0.83573 0.65491 0.75851 0.64749 0.73764 0.5848 x 0.66491 0.73895 0.94136 0.53549
0.64437 0.62583 0.94507 0.59041 x 0.88342 0.81318 0.98645 0.91856 x 0.52103 0.68761 0.69252 0.72725 0.82485 0.80717 0.60289 0.79863 0.75433 0.7127 0.74719 0.59397 0.99448 0.55396 0.84933 0.5149 0.95655 0.78375 0.82105 x 0.85699 0.99838 0.98146 0.95905 0.9928 0.98228 0.6484 0.87885 0.73064 0.87819 0.85499 0.65876 0.87955 0.57545 0.82255 0.77096 0.95585 0.91009 0.97118 0.85054
0.62364 0.94312 0.52345 0.6665 0.78091 0.85152 0.5493 0.70255 0.97748 0.7785 0.93559 0.52555 0.59103 0.89119 0.88792 0.87489 0.97777 0.68649 0.54914 0.81756 0.77909 0.65193 0.63379 0.77256 0.60808 0.91617 0.76647 0.72085 0.70444 0.85699 x 0.57119 0.53723 0.95991 0.51857 x 0.85405 0.62663 0.52143 0.92102 0.70565 0.62998 0.84417 0.7629 x 0.51345 0.90734 0.82815 0.58407 0.7836
0.86875 0.79789 0.97788 0.91276 0.90972 0.59687 0.96336 0.78439 0.65744 0.53569 0.74047 0.70294 0.57795 0.67747 0.89719 0.68445 0.5042 0.8329 0.82221 0.97212 0.60935 0.74953 0.71937 0.68309 0.70808 0.80978 0.61516 0.54588 0.73458 0.99838 0.57119 x 0.61387 0.51855 0.6438 0.80277 0.87393 0.81854 0.55179 0.80065 0.67865 0.80353 0.75607 0.59776 0.57215 0.86591 x 0.55639 0.9878 0.78668
0.59833 0.9045 0.962 0.7065 0.68129 0.66431 0.60488 0.72588 0.92628 0.93231 0.81877 0.91371 0.64889 0.77582 0.95567 0.5056 0.80041 0.7898 0.54622 0.81784 0.96203 0.94817 0.77769 0.64627 0.67831 0.6686 0.92799 0.681 0.53993 0.98146 0.53723 0.61387 x 0.78133 0.85034 0.9566 0.51545 0.76919 0.71731 0.77624 0.86328 0.91708 0.55864 0.91876 0.70569 0.86512 0.94779 0.71714 0.52379 0.89222
0.67938 x 0.97784 0.70598 x 0.7149 0.504 0.83271 0.75267 0.62164 0.79926 0.54939 0.95162 0.77721 0.84749 0.52347 0.88484 0.85832 0.79396 0.63563 0.66959 0.94564 0.53922 0.51196 0.68639 0.96066 0.73028 0.63271 0.96381 0.95905 0.95991 0.51855 0.78133 x 0.73258 0.53133 0.54077 0.64901 0.88467 0.74508 0.62658 0.70549 0.54277 0.84973 0.64446 0.66349 0.54507 x 0.86895 0.58454
0.68357 0.81534 0.65514 0.70328 0.53004 0.99505 0.57781 0.81509 0.78693 0.81484 0.62158 x 0.55204 0.6468 0.63959 0.87924 0.68539 0.92692 0.94754 0.86969 0.63362 0.73439 0.55735 x 0.90881 0.73341 0.88771 0.62211 0.53755 0.9928 0.51857 0.6438 0.85034 0.73258 x 0.98 0.93523 0.57598 0.87982 0.60634 0.67397 0.74975 0.54876 0.76613 0.55618 0.54589 0.90805 0.74733 0.91705 0.94365
0.85081 0.64538 0.6606 0.71156 0.65979 0.93709 0.88791 0.91789 0.84053 0.96629 0.69445 0.80351 0.9692 0.61578 0.57552 0.90169 0.91267 0.83983 0.94181 0.92953 0.82704 0.98513 0.87076 0.82292 0.86743 0.91903 0.71348 0.5114 x 0.98228 x 0.80277 0.9566 0.53133 0.98 x 0.88231 0.6176 0.63297 0.99004 0.71044 0.8469 0.691 0.68167 0.98547 0.57447 x 0.76006 0.5284 x
0.87871 0.89704 0.54976 0.61133 0.56873 0.9414 0.94564 0.86527 x 0.95357 0.68185 0.51233 0.54216 0.56101 0.83689 0.70925 0.67034 0.88793 0.9433 0.95001 x 0.54628 0.9929 0.94849 0.50658 0.66461 0.9818 0.69569 0.78824 0.6484 0.85405 0.87393 0.51545 0.54077 0.93523 0.88231 x x 0.77611 0.9184 0.65111 0.61594 0.9945 0.90165 0.8343 0.98029 0.91577 0.62992 0.93526 0.94911
0.94481 0.68687 0.91749 0.74169 0.6779 x 0.93098 0.87602 0.77795 0.63032 0.71704 0.8289 0.92278 0.83834 0.94906 0.8016 0.73624 0.57355 0.55227 0.91609 0.95947 0.59935 0.57946 0.51893 0.77412 0.77011 0.7568 0.82019 0.5857 0.87885 0.62663 0.81854 0.76919 0.64901 0.57598 0.6176 x x 0.59662 0.55447 0.63886 0.79776 0.89182 0.65729 0.87207 0.51606 0.81139 0.61476 x 0.77318
0.64223 x 0.53314 0.96167 0.83066 0.78623 0.50058 0.55346 0.87299 0.8833 0.79801 0.67024 0.80927 0.55663 0.72703 0.66984 0.83647 0.87342 0.74732 0.83681 0.93854 0.80039 0.83235 x 0.79694 0.51169 0.88694 0.51727 0.64901 0.73064 0.52143 0.55179 0.71731 0.88467 0.87982 0.63297 0.77611 0.59662 x 0.59537 0.92903 0.50354 0.51207 0.60563 0.81471 0.87098 0.58732 x 0.81148 0.76772
0.82841 0.50579 0.57816 0.97975 0.58235 0.52164 0.64478 0.6834 0.53011 0.78528 0.51675 0.51174 0.85288 x 0.94141 0.59446 0.74404 0.58698 0.99995 0.93737 0.62795 x 0.91441 0.54374 x 0.60567 0.96607 0.53679 0.83573 0.87819 0.92102 0.80065 0.77624 0.74508 0.60634 0.99004 0.9184 0.55447 0.59537 x 0.95022 0.87996 0.67325 0.55683 0.77387 0.92847 0.79055 0.79631 x 0.67727
0.78132 0.55734 0.57292 0.69498 x 0.90963 0.687 0.88749 0.81573 0.98844 0.77521 0.77036 0.85499 0.89871 0.87675 0.53535 0.66269 0.97624 0.55633 0.96948 0.98212 0.7789 x 0.97739 0.89163 x 0.56089 0.73877 0.65491 0.85499 0.70565 0.67865 0.86328 0.62658 0.67397 0.71044 0.65111 0.63886 0.92903 0.95022 x 0.59696 0.51087 0.61238 0.8858 0.68106 0.56672 0.8518 0.85304 0.993
0.84068 0.52682 0.7081 x 0.54876 0.57556 0.86932 0.96604 0.90032 0.7687 0.97158 0.60995 0.84316 x 0.70661 0.5004 0.73255 0.55952 0.94013 x 0.51246 0.99089 0.55093 0.60265 0.66949 x 0.65361 0.57778 0.75851 0.65876 0.62998 0.80353 0.91708 0.70549 0.74975 0.8469 0.61594 0.79776 0.50354 0.87996 0.59696 x 0.77889 0.93218 0.62787 0.75506 0.77924 0.70679 0.67688 0.66049
0.64059 0.63629 0.72811 0.57809 0.96376 0.52837 0.61027 0.57512 0.61309 0.62968 0.53666 0.5435 0.83552 0.75515 0.63363 x 0.50481 0.74385 0.53602 0.64627 0.79854 0.74187 0.69516 0.8587 0.70578 0.64382 x 0.92482 0.64749 0.87955 0.84417 0.75607 0.55864 0.54277 0.54876 0.691 0.9945 0.89182 0.51207 0.67325 0.51087 0.77889 x 0.84871 0.82857 0.72852 0.98377 0.50464 0.54582 0.63979
0.58044 0.85285 0.85749 0.54454 0.89211 0.51054 0.87762 x 0.87235 0.85944 0.69258 0.86357 0.57738 0.86552 0.92378 0.80464 0.64637 0.91458 0.5588 0.71918 0.59216 0.79834 0.79795 0.73062 0.88033 0.51689 0.94709 0.90688 0.73764 0.57545 0.7629 0.59776 0.91876 0.84973 0.76613 0.68167 0.90165 0.65729 0.60563 0.55683 0.61238 0.93218 0.84871 x 0.70839 0.58489 0.54745 0.63339 0.76243 0.87276
0.6233 0.78437 0.77231 0.67496 0.75289 0.63027 0.62742 0.77526 0.55005 0.67754 0.64007 0.86797 0.5708 x 0.65509 0.93772 0.67768 0.76261 0.5677 0.7476 0.50777 0.71419 0.70719 0.80825 0.56954 0.5093 0.96077 0.71905 0.5848 0.82255 x 0.57215 0.70569 0.64446 0.55618 0.98547 0.8343 0.87207 0.81471 0.77387 0.8858 0.62787 0.82857 0.70839 x 0.66316 0.86934 0.80931 0.89843 0.52228
0.90076 0.98039 0.84347 0.80863 0.88841 0.77189 0.70448 0.86793 0.74625 0.82183 0.6839 0.59458 0.9468 0.96418 0.76566 0.92258 0.95029 0.51719 0.54432 0.78853 0.57768 0.99495 0.68508 0.52137 0.98534 0.8503 0.897 0.65534 x 0.77096 0.51345 0.86591 0.86512 0.66349 0.54589 0.57447 0.98029 0.51606 0.87098 0.92847 0.68106 0.75506 0.72852 0.58489 0.66316 x 0.79988 0.98735 0.89733 0.99141
0.77856 0.78099 x 0.90814 x 0.86639 0.89207 0.95845 0.63419 0.64672 0.66031 0.50443 0.84267 0.93875 0.81933 0.88095 0.84021 0.91853 0.96911 0.63679 x 0.59086 0.88044 0.58265 0.76446 0.8786 0.86009 0.56891 0.66491 0.95585 0.90734 x 0.94779 0.54507 0.90805 x 0.91577 0.81139 0.58732 0.79055 0.56672 0.77924 0.98377 0.54745 0.86934 0.79988 x 0.96697 0.73737 0.58361
0.8184 0.96572 0.68357 0.69197 0.93945 0.64502 x 0.55827 0.68997 0.5928 0.56261 0.98763 x 0.80195 0.97166 0.50004 0.59931 x 0.62262 0.98542 0.74015 0.73923 0.53964 0.87621 0.79157 0.89924 0.58055 0.54037 0.73895 0.91009 0.82815 0.55639 0.71714 x 0.74733 0.76006 0.62992 0.61476 x 0.79631 0.8518 0.70679 0.50464 0.63339 0.80931 0.98735 0.96697 x 0.87888 0.56393
0.54261 0.7319 0.9154 0.94773 0.9531 0.95555 x 0.60431 0.63749 0.69636 0.65341 0.51301 0.7406 0.69637 0.54684 0.65631 0.58274 0.52124 0.80848 0.58894 0.94617 0.72421 0.6384 0.83754 0.55763 0.91453 x 0.56863 0.94136 0.97118 0.58407 0.9878 0.52379 0.86895 0.91705 0.5284 0.93526 x 0.81148 x 0.85304 0.67688 0.54582 0.76243 0.89843 0.89733 0.73737 0.87888 x 0.82346
0.99279 0.65271 0.80642 0.98078 0.59256 0.51707 0.66567 0.5073 0.67102 0.60507 0.69226 0.83464 0.70695 0.84547 0.91944 0.89541 0.64705 0.82438 0.93919 0.65975 0.60166 0.76891 0.85129 0.65473 0.50959 0.75397 0.69819 0.61523 0.53549 0.85054 0.7836 0.78668 0.89222 0.58454 0.94365 x 0.94911 0.77318 0.76772 0.67727 0.993 0.66049 0.63979 0.87276 0.52228 0.99141 0.58361 0.56393 0.82346 x