50
25
0 1 2 3 4 5 6 7 8 9 10 11 12 13 14 15 16 17 18 19 20 21 22 23 24 25 26 27 28 29 30 31 32 33 34 35 36 37 38 39 40 41 42 43 44 45 46 47 48 49
30 41 8 47 45 6 46 4 19 5 10 34 9 48 31 27 20 36 0 28 26 12 32 42 18
0
x 0.81143 0.66206 0.54298 0.65812 0.65344 0.87569 0.68354 0.80804 0.51523 0.93112 x 0.63979 0.7281 0.72436 0.80887 0.69796 0.92179 0.81929 0.99512 0.86742 0.5244 0.63903 0.61496 0.63643 0.69654 0.81931 0.9487 0.51969 0.59514 0.67961 0.68805 0.87118 0.819 0.57844 0.92976 0.68882 x x 0.63204 0.94857 0.91922 0.902 0.53747 0.81456 0.64808 0.74709 0.59399 0.93189 0.69788
0.81143 x 0.77428 0.94278 0.89054 0.66167 0.79095 0.85947 0.70461 0.66413 0.61704 0.68636 0.54143 x 0.93087 0.96898 0.86084 0.66816 0.84483 x 0.84543 0.64578 0.6935 0.58499 0.56106 x 0.66169 0.62511 0.69952 0.69271 0.68601 0.73043 0.50799 0.55851 0.85014 0.50336 0.86247 0.83226 0.6402 0.63388 0.98042 0.75753 0.95964 0.57364 x 0.81181 0.55501 0.81376 0.89378 0.79253
0.66206 0.77428 x 0.61498 0.88651 0.83678 0.64223 0.98248 0.61232 0.62543 0.94331 0.92802 0.8669 0.73523 0.65332 0.76874 0.50223 0.77693 0.99001 0.80833 x 0.59466 0.79162 0.77289 0.74258 0.56926 0.57419 x 0.54739 0.86416 0.53727 0.6843 0.78122 0.58321 0.78872 0.61608 0.6925 0.87349 0.95395 0.66452 0.80934 0.86565 0.60058 0.52086 0.63806 0.61174 0.57846 0.98105 0.65694 0.52562
0.54298 0.94278 0.61498 x 0.77452 0.7919 0.89444 0.87411 0.87705 0.73277 0.87626 0.71405 0.99362 0.90374 0.9028 0.58568 0.93953 0.87019 0.89765 0.57436 0.56314 0.55537 0.96213 0.65268 0.55677 0.50294 0.53163 0.95526 0.793 0.88179 0.85378 0.68194 0.77686 0.98227 0.81893 0.54687 0.76249 0.63499 0.60594 0.57071 0.82406 x 0.59191 0.97608 0.78461 0.7814 0.55402 0.53384 0.50748 0.70419
0.65812 0.89054 0.88651 0.77452 x 0.98481 0.82559 0.75623 0.54978 0.78583 x 0.99397 0.54166 0.8628 0.74351 0.95581 0.70639 0.65776 0.64102 0.5828 0.90093 0.77125 0.99675 0.93376 0.72103 0.82898 0.61238 0.96947 0.5137 0.93563 0.65335 0.96223 0.62048 0.93339 0.98637 0.95128 0.7983 0.50607 0.87806 0.51992 0.93799 0.7783 0.71579 0.8418 0.55192 0.76649 0.79657 0.58626 0.89535 0.72733
0.65344 0.66167 0.83678 0.7919 0.98481 x 0.54383 0.65272 0.91661 0.57798 0.60703 0.96913 0.57121 0.76333 x 0.81082 0.72698 0.63197 0.62515 0.80607 0.65127 0.52758 0.7506 0.88389 0.67374 0.91384 0.84267 0.7013 0.87562 0.96353 0.94305 0.65989 0.70788 0.62358 0.73073 0.92449 0.72135 0.59651 0.52431 0.72888 0.71185 0.53891 0.86788 0.6342 0.68576 0.8428 0.86778 0.83807 0.83465 0.6526
0.87569 0.79095 0.64223 0.89444 0.82559 0.54383 x 0.87422 x 0.58404 0.51891 0.57252 0.89811 0.94829 0.75997 x 0.77982 0.97479 0.84706 0.86481 0.61892 0.80139 0.64042 0.933 0.71193 0.51569 0.9021 0.82402 x 0.88657 x 0.79654 0.68126 0.62795 0.64504 0.84775 0.66942 0.53123 0.64225 0.51335 0.53183 0.76909 0.97312 0.6388 0.5148 0.61667 0.96891 0.98808 0.71287 0.65576
0.68354 0.85947 0.98248 0.87411 0.75623 0.65272 0.87422 x 0.80235 0.70632 0.95981 0.91752 0.59131 0.50427 0.71287 0.99632 0.5076 0.91569 0.77344 0.84735 x 0.92589 0.94211 0.68063 0.75426 0.51835 0.64268 0.58281 0.57483 0.73794 0.81584 0.56033 0.52471 0.51818 0.85507 0.75981 0.79345 0.81047 0.66107 0.61825 0.6921 0.73291 0.80882 0.75739 0.73679 0.6034 0.96376 0.86634 x 0.8142
0.80804 0.70461 0.61232 0.87705 0.54978 0.91661 x 0.80235 x 0.5732 0.60297 0.76615 0.88444 0.80758 0.5926 0.50263 0.74304 0.92424 0.75626 0.60761 0.74494 0.5936 0.99758 0.64985 0.74424 0.77031 0.51853 0.86795 0.89208 0.72109 0.89423 0.93246 0.55403 0.65963 0.5409 0.74548 0.8112 0.94263 0.88903 0.60361 0.64932 0.82181 0.98322 0.6523 0.84653 0.76012 0.97731 0.77005 0.80602 0.75645
0.51523 0.66413 0.62543 0.73277 0.78583 0.57798 0.58404 0.70632 0.5732 x 0.82735 0.66899 0.98169 0.82516 0.92599 0.76565 0.53742 0.58939 0.85215 x 0.60568 0.51682 0.84761 0.74624 0.53718 0.78817 0.76675 0.51958 0.69572 0.72621 x 0.82406 0.99515 0.56557 0.78882 0.6544 0.64405 0.63014 0.78961 0.80944 0.52038 0.61783 0.70612 0.75525 0.87975 0.64123 0.62824 0.6836 0.79911 0.56059
0.93112 0.61704 0.94331 0.87626 x 0.60703 0.51891 0.95981 0.60297 0.82735 x 0.95358 0.96906 0.5123 0.88192 0.52901 0.60831 0.99739 0.91049 0.56433 0.83228 0.51413 0.79842 0.79286 0.79228 0.65461 0.83064 0.9811 x 0.79993 0.831 0.52028 0.6102 0.73483 0.67764 0.76555 0.59342 0.61979 0.96136 x 0.94228 0.7208 0.61904 0.554 0.83146 0.9628 0.75945 0.84491 x 0.61847
x 0.68636 0.92802 0.71405 0.99397 0.96913 0.57252 0.91752 0.76615 0.66899 0.95358 x 0.6347 0.88519 0.75066 0.51316 0.71804 0.61241 0.77238 0.63572 0.63949 0.91879 0.60431 0.74296 0.95827 0.55277 0.78426 0.67179 0.9419 0.87896 0.52947 0.73726 0.63103 0.58393 x 0.91531 0.78967 0.56575 0.96257 0.94388 0.72375 0.70478 0.87804 0.81437 0.77831 0.96941 0.94551 0.81966 0.64933 0.7305
0.63979 0.54143 0.8669 0.99362 0.54166 0.57121 0.89811 0.59131 0.88444 0.98169 0.96906 0.6347 x 0.87717 0.59184 0.88228 0.50597 0.82716 0.59745 0.84208 0.5973 0.78772 0.95279 0.86303 0.66838 0.95133 0.94461 x 0.54103 0.62021 0.72832 0.58527 0.61134 0.82927 0.77491 0.94431 0.6435 x 0.64112 0.72104 0.93062 0.9052 0.68361 0.56781 0.92231 0.74901 0.6847 0.60092 0.68674 0.66968
0.7281 x 0.73523 0.90374 0.8628 0.76333 0.94829 0.50427 0.80758 0.82516 0.5123 0.88519 0.87717 x 0.73603 0.90215 0.56642 0.80075 0.92066 0.96937 0.6307 0.93097 0.55106 0.68603 0.70388 0.76023 0.9671 0.84922 0.74091 0.73985 0.72844 0.77047 0.94698 0.81134 0.61648 0.91741 0.91185 0.5655 0.75012 0.64537 0.81744 0.63911 0.51365 0.83918 0.98498 0.69901 x 0.79048 0.62058 0.62463
0.72436 0.93087 0.65332 0.9028 0.74351 x 0.75997 0.71287 0.5926 0.92599 0.88192 0.75066 0.59184 0.73603 x 0.81115 0.94851 0.93306 0.82716 0.58783 0.98895 0.50237 0.55189 0.70539 0.93243 0.84954 0.79475 0.60845 0.54697 x 0.76689 0.87818 0.72626 0.70104 0.82305 0.68903 0.86503 0.91036 x 0.50886 0.76514 0.6688 0.9996 0.87672 x 0.7667 0.70315 0.71337 0.96029 0.54442
0.80887 0.96898 0.76874 0.58568 0.95581 0.81082 x 0.99632 0.50263 0.76565 0.52901 0.51316 0.88228 0.90215 0.81115 x 0.65724 0.7242 0.82534 0.56306 0.55774 0.74254 0.6461 0.59096 0.80835 0.8253 0.95148 0.80893 0.80669 0.8699 0.79386 0.98361 0.82963 0.68143 0.63787 0.83355 x 0.83788 0.57299 0.93105 0.51416 x 0.92391 0.77522 0.5082 0.7885 0.74331 0.88647 0.8381 0.9942
0.69796 0.86084 0.50223 0.93953 0.70639 0.72698 0.77982 0.5076 0.74304 0.53742 0.60831 0.71804 0.50597 0.56642 0.94851 0.65724 x 0.68902 0.82376 0.96775 0.92844 0.52296 0.7681 0.98255 x 0.82032 x 0.84093 0.83763 0.78134 0.84745 0.65604 x 0.88428 0.75478 0.83405 0.77837 0.59483 0.84256 0.54268 0.53861 0.89405 0.93491 0.53777 0.7183 x 0.53474 0.88285 0.70345 0.71965
0.92179 0.66816 0.77693 0.87019 0.65776 0.63197 0.97479 0.91569 0.92424 0.58939 0.99739 0.61241 0.82716 0.80075 0.93306 0.7242 0.68902 x 0.87068 0.99157 0.5039 0.56161 0.86905 0.56977 0.81949 0.94232 0.70287 x 0.9773 0.65212 0.53786 0.5975 0.91789 0.85238 0.60305 0.91851 0.51642 0.99229 0.91441 0.87888 x 0.55518 0.799 0.91087 0.87914 0.61722 0.80379 0.74785 0.96829 0.9584
0.81929 0.84483 0.99001 0.89765 0.64102 0.62515 0.84706 0.77344 0.75626 0.85215 0.91049 0.77238 0.59745 0.92066 0.82716 0.82534 0.82376 0.87068 x 0.61903 0.86196 0.89131 0.6497 0.62416 0.58945 0.76057 0.68245 x 0.74718 0.58614 0.52808 0.51557 0.70391 0.54339 0.52275 0.93105 0.689 0.57737 0.82169 0.96386 x 0.52648 0.91329 x 0.94667 0.84744 0.87321 0.71985 0.59881 0.57496
0.99512 x 0.80833 0.57436 0.5828 0.80607 0.86481 0.84735 0.60761 x 0.56433 0.63572 0.84208 0.96937 0.58783 0.56306 0.96775 0.99157 0.61903 x 0.96735 0.65555 0.61328 0.50195 0.7501 0.97453 0.8088 0.62142 0.96707 0.98482 0.91277 0.94158 0.7247 0.9398 0.53364 0.80138 0.83839 0.80429 0.75259 0.85116 0.59522 0.61479 x 0.65218 0.82243 0.52766 0.58876 0.68061 0.75868 0.56032
0.86742 0.84543 x 0.56314 0.90093 0.65127 0.61892 x 0.74494 0.60568 0.83228 0.63949 0.5973 0.6307 0.98895 0.55774 0.92844 0.5039 0.86196 0.96735 x 0.69003 0.98713 0.53484 0.93931 0.78371 0.6862 0.71802 0.65853 0.64317 0.62429 0.52536 0.82767 0.54278 0.62456 0.51337 0.79175 0.66378 0.70466 0.53357 0.99463 0.76363 0.77235 0.64963 0.8542 0.67406 0.85026 0.70874 0.80729 0.71821
0.5244 0.64578 0.59466 0.55537 0.77125 0.52758 0.80139 0.92589 0.5936 0.51682 0.51413 0.91879 0.78772 0.93097 0.50237 0.74254 0.52296 0.56161 0.89131 0.65555 0.69003 x 0.50726 0.64771 0.81727 0.55784 0.63736 0.67992 0.96804 x 0.93741 0.89928 0.57635 0.5752 0.56903 0.75334 x 0.67696 0.87131 0.69867 0.51457 0.7752 0.84634 0.81728 0.51953 x 0.87674 0.64581 0.60968 0.83373
0.63903 0.6935 0.79162 0.96213 0.99675 0.7506 0.64042 0.94211 0.99758 0.84761 0.79842 0.60431 0.95279 0.55106 0.55189 0.6461 0.7681 0.86905 0.6497 0.61328 0.98713 0.50726 x 0.92339 0.59739 0.50757 0.72607 x 0.99575 0.56183 0.85801 0.81269 0.85671 0.54803 0.92811 0.66253 0.64703 0.83625 0.62884 0.61704 0.66376 0.60431 0.60272 0.73556 0.52385 0.64493 0.95761 0.78851 0.56732 0.98627
0.61496 0.58499 0.77289 0.65268 0.93376 0.88389 0.933 0.68063 0.64985 0.74624 0.79286 0.74296 0.86303 0.68603 0.70539 0.59096 0.98255 0.56977 0.62416 0.50195 0.53484 0.64771 0.92339 x 0.56296 0.82406 0.59099 0.80611 0.53182 0.61357 0.55819 0.56055 x 0.94786 0.86844 0.91288 0.82418 0.98501 0.63351 0.85315 0.95136 0.93753 0.96384 0.92043 0.76761 0.54095 0.87234 0.96616 0.727 0.82673
0.63643 0.56106 0.74258 0.55677 0.72103 0.67374 0.71193 0.75426 0.74424 0.53718 0.79228 0.95827 0.66838 0.70388 0.93243 0.80835 x 0.81949 0.58945 0.7501 0.93931 0.81727 0.59739 0.56296 x 0.68898 0.95661 0.87717 0.70322 0.55571 0.84711 0.94392 0.82021 0.699 0.75779 0.85705 0.61226 0.63189 0.94793 0.98968 0.92877 0.96559 0.82294 0.6444 0.70874 0.60212 0.54827 0.82193 x 0.73727
0.69654 x 0.56926 0.50294 0.82898 0.91384 0.51569 0.51835 0.77031 0.78817 0.65461 0.55277 0.95133 0.76023 0.84954 0.8253 0.82032 0.94232 0.76057 0.97453 0.78371 0.55784 0.50757 0.82406 0.68898 x 0.90127 0.87953 0.89675 0.51621 x 0.76427 0.88181 0.90094 0.81105 0.5866 0.63815 0.82113 0.56835 0.86195 0.67989 0.5025 x 0.59295 x 0.80162 0.50465 0.94844 0.76234 0.55543
0.81931 0.66169 0.57419 0.53163 0.61238 0.84267 0.9021 0.64268 0.51853 0.76675 0.83064 0.78426 0.94461 0.9671 0.79475 0.95148 x 0.70287 0.68245 0.8088 0.6862 0.63736 0.72607 0.59099 0.95661 0.90127 x 0.58841 0.64191 0.84776 0.60753 0.50768 0.56191 0.93118 0.55903 0.82482 0.52629 0.54244 0.99441 0.58469 0.70162 0.71438 0.8245 0.99048 0.78857 0.58315 0.55627 0.72565 0.78434 0.51294
0.9487 0.62511 x 0.95526 0.96947 0.7013 0.82402 0.58281 0.86795 0.51958 0.9811 0.67179 x 0.84922 0.60845 0.80893 0.84093 x x 0.62142 0.71802 0.67992 x 0.80611 0.87717 0.87953 0.58841 x 0.9333 0.69058 0.7932 0.99062 0.7074 0.5882 0.78307 0.80027 0.67319 0.96322 0.52746 0.56567 0.65439 0.7468 x 0.90595 0.97361 0.70692 0.68998 0.74141 0.89502 0.86741
0.51969 0.69952 0.54739 0.793 0.5137 0.87562 x 0.57483 0.89208 0.69572 x 0.9419 0.54103 0.74091 0.54697 0.80669 0.83763 0.9773 0.74718 0.96707 0.65853 0.96804 0.99575 0.53182 0.70322 0.89675 0.64191 0.9333 x 0.69571 0.8442 0.88633 0.85913 0.81183 0.67498 0.70005 0.91675 x 0.70415 0.81181 0.68289 0.58781 0.93161 0.60874 0.91057 0.57522 0.69159 x 0.90045 0.71143
0.59514 0.69271 0.86416 0.88179 0.93563 0.96353 0.88657 0.73794 0.72109 0.72621 0.79993 0.87896 0.62021 0.73985 x 0.8699 0.78134 0.65212 0.58614 0.98482 0.64317 x 0.56183 0.61357 0.55571 0.51621 0.84776 0.69058 0.69571 x 0.97616 0.74272 0.95116 0.58415 0.63509 0.78323 0.61094 0.73708 0.94463 0.80848 0.80978 0.84645 0.95556 0.93599 0.8299 x 0.72153 0.74088 0.98703 0.6572
0.67961 0.68601 0.53727 0.85378 0.65335 0.94305 x 0.81584 0.89423 x 0.831 0.52947 0.72832 0.72844 0.76689 0.79386 0.84745 0.53786 0.52808 0.91277 0.62429 0.93741 0.85801 0.55819 0.84711 x 0.60753 0.7932 0.8442 0.97616 x 0.97458 0.62575 0.65709 0.76153 0.63764 0.73897 0.52831 0.57678 0.6269 0.88609 0.55372 0.65214 0.65191 0.60188 0.64753 0.82037 0.91788 0.67949 0.76861
0.68805 0.73043 0.6843 0.68194 0.96223 0.65989 0.79654 0.56033 0.93246 0.82406 0.52028 0.73726 0.58527 0.77047 0.87818 0.98361 0.65604 0.5975 0.51557 0.94158 0.52536 0.89928 0.81269 0.56055 0.94392 0.76427 0.50768 0.99062 0.88633 0.74272 0.97458 x 0.5716 0.98474 0.79438 0.52028 0.9885 0.59244 0.86707 0.76049 0.83913 0.503 0.97772 0.58845 0.73043 0.66467 0.70856 0.86874 0.61895 0.72724
0.87118 0.50799 0.78122 0.77686 0.62048 0.70788 0.68126 0.52471 0.55403 0.99515 0.6102 0.63103 0.61134 0.94698 0.72626 0.82963 x 0.91789 0.70391 0.7247 0.82767 0.57635 0.85671 x 0.82021 0.88181 0.56191 0.7074 0.85913 0.95116 0.62575 0.5716 x 0.99941 0.74453 0.70671 0.75001 0.55862 0.60013 x 0.92707 0.96779 x 0.93599 0.79023 0.67035 0.77111 0.97225 0.56482 0.78593
0.819 0.55851 0.58321 0.98227 0.93339 0.62358 0.62795 0.51818 0.65963 0.56557 0.73483 0.58393 0.82927 0.81134 0.70104 0.68143 0.88428 0.85238 0.54339 0.9398 0.54278 0.5752 0.54803 0.94786 0.699 0.90094 0.93118 0.5882 0.81183 0.58415 0.65709 0.98474 0.99941 x x 0.60075 0.98466 0.54346 0.65328 0.7339 0.77907 0.82931 0.96129 0.81397 0.9878 0.51034 0.5518 0.93829 0.81145 0.74366
0.57844 0.85014 0.78872 0.81893 0.98637 0.73073 0.64504 0.85507 0.5409 0.78882 0.67764 x 0.77491 0.61648 0.82305 0.63787 0.75478 0.60305 0.52275 0.53364 0.62456 0.56903 0.92811 0.86844 0.75779 0.81105 0.55903 0.78307 0.67498 0.63509 0.76153 0.79438 0.74453 x x 0.67629 0.77526 0.93724 0.53474 0.6878 0.51817 0.86804 0.79338 x x 0.74815 0.54134 0.78704 0.86217 0.66928
0.92976 0.50336 0.61608 0.54687 0.95128 0.92449 0.84775 0.75981 0.74548 0.6544 0.76555 0.91531 0.94431 0.91741 0.68903 0.83355 0.83405 0.91851 0.93105 0.80138 0.51337 0.75334 0.66253 0.91288 0.85705 0.5866 0.82482 0.80027 0.70005 0.78323 0.63764 0.52028 0.70671 0.60075 0.67629 x 0.7367 0.70252 0.87435 0.86382 0.88447 0.75864 0.92168 0.72129 0.64495 x 0.61412 0.54585 0.91508 0.76337
0.68882 0.86247 0.6925 0.76249 0.7983 0.72135 0.66942 0.79345 0.8112 0.64405 0.59342 0.78967 0.6435 0.91185 0.86503 x 0.77837 0.51642 0.689 0.83839 0.79175 x 0.64703 0.82418 0.61226 0.63815 0.52629 0.67319 0.91675 0.61094 0.73897 0.9885 0.75001 0.98466 0.77526 0.7367 x 0.60859 0.99171 0.56974 0.7484 0.7565 x 0.64422 0.95288 0.97165 0.52824 0.59102 0.59283 0.74254
x 0.83226 0.87349 0.63499 0.50607 0.59651 0.53123 0.81047 0.94263 0.63014 0.61979 0.56575 x 0.5655 0.91036 0.83788 0.59483 0.99229 0.57737 0.80429 0.66378 0.67696 0.83625 0.98501 0.63189 0.82113 0.54244 0.96322 x 0.73708 0.52831 0.59244 0.55862 0.54346 0.93724 0.70252 0.60859 x x 0.88296 0.6042 0.5647 x 0.66139 0.75002 0.83171 0.90338 x 0.62361 0.79817
x 0.6402 0.95395 0.60594 0.87806 0.52431 0.64225 0.66107 0.88903 0.78961 0.96136 0.96257 0.64112 0.75012 x 0.57299 0.84256 0.91441 0.82169 0.75259 0.70466 0.87131 0.62884 0.63351 0.94793 0.56835 0.99441 0.52746 0.70415 0.94463 0.57678 0.86707 0.60013 0.65328 0.53474 0.87435 0.99171 x x 0.80736 0.53462 0.89123 0.90343 0.5586 0.6367 0.63782 0.73182 0.89838 0.86068 0.73828
0.63204 0.63388 0.66452 0.57071 0.51992 0.72888 0.51335 0.61825 0.60361 0.80944 x 0.94388 0.72104 0.64537 0.50886 0.93105 0.54268 0.87888 0.96386 0.85116 0.53357 0.69867 0.61704 0.85315 0.98968 0.86195 0.58469 0.56567 0.81181 0.80848 0.6269 0.76049 x 0.7339 0.6878 0.86382 0.56974 0.88296 0.80736 x 0.87341 0.6004 0.83971 0.76951 0.60154 0.57159 0.69118 0.92484 0.56388 0.57252
0.94857 0.98042 0.80934 0.82406 0.93799 0.71185 0.53183 0.6921 0.64932 0.52038 0.94228 0.72375 0.93062 0.81744 0.76514 0.51416 0.53861 x x 0.59522 0.99463 0.51457 0.66376 0.95136 0.92877 0.67989 0.70162 0.65439 0.68289 0.80978 0.88609 0.83913 0.92707 0.77907 0.51817 0.88447 0.7484 0.6042 0.53462 0.87341 x 0.54817 0.84667 0.55531 0.91357 0.68782 0.77081 0.78972 0.7388 0.57805
0.91922 0.75753 0.86565 x 0.7783 0.53891 0.76909 0.73291 0.82181 0.61783 0.7208 0.70478 0.9052 0.63911 0.6688 x 0.89405 0.55518 0.52648 0.61479 0.76363 0.7752 0.60431 0.93753 0.96559 0.5025 0.71438 0.7468 0.58781 0.84645 0.55372 0.503 0.96779 0.82931 0.86804 0.75864 0.7565 0.5647 0.89123 0.6004 0.54817 x 0.58318 0.79316 0.94879 0.95817 0.75232 0.53855 0.95311 0.61682
0.902 0.95964 0.60058 0.59191 0.71579 0.86788 0.97312 0.80882 0.98322 0.70612 0.61904 0.87804 0.68361 0.51365 0.9996 0.92391 0.93491 0.799 0.91329 x 0.77235 0.84634 0.60272 0.96384 0.82294 x 0.8245 x 0.93161 0.95556 0.65214 0.97772 x 0.96129 0.79338 0.92168 x x 0.90343 0.83971 0.84667 0.58318 x 0.85419 0.87494 0.95525 0.51346 0.83029 0.9718 0.95635
0.53747 0.57364 0.52086 0.97608 0.8418 0.6342 0.6388 0.75739 0.6523 0.75525 0.554 0.81437 0.56781 0.83918 0.87672 0.77522 0.53777 0.91087 x 0.65218 0.64963 0.81728 0.73556 0.92043 0.6444 0.59295 0.99048 0.90595 0.60874 0.93599 0.65191 0.58845 0.93599 0.81397 x 0.72129 0.64422 0.66139 0.5586 0.76951 0.55531 0.79316 0.85419 x 0.7309 0.62668 0.52899 0.79027 0.73646 0.66275
0.81456 x 0.63806 0.78461 0.55192 0.68576 0.5148 0.73679 0.84653 0.87975 0.83146 0.77831 0.92231 0.98498 x 0.5082 0.7183 0.87914 0.94667 0.82243 0.8542 0.51953 0.52385 0.76761 0.70874 x 0.78857 0.97361 0.91057 0.8299 0.60188 0.73043 0.79023 0.9878 x 0.64495 0.95288 0.75002 0.6367 0.60154 0.91357 0.94879 0.87494 0.7309 x 0.63894 0.8643 0.91534 0.64659 0.94692
0.64808 0.81181 0.61174 0.7814 0.76649 0.8428 0.61667 0.6034 0.76012 0.64123 0.9628 0.96941 0.74901 0.69901 0.7667 0.7885 x 0.61722 0.84744 0.52766 0.67406 x 0.64493 0.54095 0.60212 0.80162 0.58315 0.70692 0.57522 x 0.64753 0.66467 0.67035 0.51034 0.74815 x 0.97165 0.83171 0.63782 0.57159 0.68782 0.95817 0.95525 0.62668 0.63894 x 0.63361 0.53295 0.56074 0.77214
0.74709 0.55501 0.57846 0.55402 0.79657 0.86778 0.96891 0.96376 0.97731 0.62824 0.75945 0.94551 0.6847 x 0.70315 0.74331 0.53474 0.80379 0.87321 0.58876 0.85026 0.87674 0.95761 0.87234 0.54827 0.50465 0.55627 0.68998 0.69159 0.72153 0.82037 0.70856 0.77111 0.5518 0.54134 0.61412 0.52824 0.90338 0.73182 0.69118 0.77081 0.75232 0.51346 0.52899 0.8643 0.63361 x 0.87475 0.53054 0.80338
0.59399 0.81376 0.98105 0.53384 0.58626 0.83807 0.98808 0.86634 0.77005 0.6836 0.84491 0.81966 0.60092 0.79048 0.71337 0.88647 0.88285 0.74785 0.71985 0.68061 0.70874 0.64581 0.78851 0.96616 0.82193 0.94844 0.72565 0.74141 x 0.74088 0.91788 0.86874 0.97225 0.93829 0.78704 0.54585 0.59102 x 0.89838 0.92484 0.78972 0.53855 0.83029 0.79027 0.91534 0.53295 0.87475 x 0.6602 x
0.93189 0.89378 0.65694 0.50748 0.89535 0.83465 0.71287 x 0.80602 0.79911 x 0.64933 0.68674 0.62058 0.96029 0.8381 0.70345 0.96829 0.59881 0.75868 0.80729 0.60968 0.56732 0.727 x 0.76234 0.78434 0.89502 0.90045 0.98703 0.67949 0.61895 0.56482 0.81145 0.86217 0.91508 0.59283 0.62361 0.86068 0.56388 0.7388 0.95311 0.9718 0.73646 0.64659 0.56074 0.53054 0.6602 x 0.91116
0.69788 0.79253 0.52562 0.70419 0.72733 0.6526 0.65576 0.8142 0.75645 0.56059 0.61847 0.7305 0.66968 0.62463 0.54442 0.9942 0.71965 0.9584 0.57496 0.56032 0.71821 0.83373 0.98627 0.82673 0.73727 0.55543 0.51294 0.86741 0.71143 0.6572 0.76861 0.72724 0.78593 0.74366 0.66928 0.76337 0.74254 0.79817 0.73828 0.57252 0.57805 0.61682 0.95635 0.66275 0.94692 0.77214 0.80338 x 0.91116 x