50
25
0 1 2 3 4 5 6 7 8 9 10 11 12 13 14 15 16 17 18 19 20 21 22 23 24 25 26 27 28 29 30 31 32 33 34 35 36 37 38 39 40 41 42 43 44 45 46 47 48 49
35 30 27 14 16 45 32 31 25 4 11 49 9 33 10 39 17 41 13 12 24 21 23 6 40
0
x 0.82102 0.6971 0.50137 0.8317 0.80434 0.89426 0.56909 0.55861 0.60436 0.7051 0.86995 0.88106 0.54031 0.52022 0.86105 0.78302 0.51272 0.67364 0.61388 0.79803 0.51594 0.54892 0.69449 0.61849 0.97619 0.97054 0.69695 0.85477 0.64724 0.6391 0.67291 0.74095 0.70628 0.89859 0.90667 0.90448 0.93062 0.60978 0.85351 0.62708 0.56248 0.89935 0.51593 0.94157 0.80192 0.52592 x 0.51535 0.58922
0.82102 x 0.65766 0.99275 0.71112 0.56572 0.74703 0.59826 0.83201 0.65427 0.59659 0.78031 0.71501 0.71701 0.56112 0.62673 0.9785 0.59384 0.9957 0.6817 0.81259 0.95886 0.75831 0.5104 0.66109 0.97253 0.64001 0.50191 0.91477 0.58052 0.54344 0.96437 0.6444 0.80481 0.63515 0.97961 0.93616 0.86007 0.57911 0.85222 0.77011 0.7594 0.95609 0.72817 0.5843 0.98967 0.97827 x 0.8811 0.62946
0.6971 0.65766 x 0.66512 0.58167 0.70729 0.70611 0.69328 0.70759 x x 0.84618 0.64706 0.63642 0.73553 0.5312 0.62402 0.59819 0.9203 x 0.77291 0.56571 0.88108 0.86563 0.96573 0.89316 0.54688 0.77266 0.61202 0.87592 0.91311 0.9321 0.97576 0.84262 0.71329 0.79174 0.93471 0.87007 0.52993 0.89089 0.55444 0.94368 0.74661 0.67713 0.84796 0.50131 0.78296 0.67692 0.70102 0.59087
0.50137 0.99275 0.66512 x 0.99903 0.9982 0.92028 0.88135 0.95589 0.88555 0.53202 0.8545 0.97359 0.82189 0.51458 0.76826 0.98202 0.55841 0.58713 0.60307 0.85313 0.65716 0.61461 0.80044 0.97113 0.56342 0.70028 0.89853 0.55267 0.73609 0.64455 0.658 x 0.86828 0.82187 0.65073 0.90914 0.6434 0.92868 0.71416 0.86375 0.94287 0.96231 0.6513 0.75786 0.91912 0.7384 0.84365 x 0.86157
0.8317 0.71112 0.58167 0.99903 x 0.72484 0.91733 0.92908 0.9375 0.5145 0.74624 0.74758 0.68543 0.81833 0.70578 0.59002 x 0.67113 0.95665 0.81294 x 0.56081 0.53062 0.57381 0.68029 0.79287 0.88941 0.79771 0.58597 0.64748 0.82558 0.90922 0.56207 0.85561 0.67595 0.62755 0.55107 0.6616 0.76068 0.83259 0.61121 0.59049 0.5253 0.96231 0.93752 0.88594 0.50194 x 0.69882 0.53163
0.80434 0.56572 0.70729 0.9982 0.72484 x 0.68297 0.68372 0.79454 0.64486 0.60694 0.79815 0.66095 0.63773 0.98266 0.99109 0.81099 0.79533 0.90423 0.99047 0.90197 0.71964 0.86515 0.86662 0.9024 0.84924 0.86159 0.81121 0.87571 x x x 0.91481 0.96888 0.68996 0.88589 0.61241 0.50619 0.98018 0.66155 0.80318 0.87461 0.88605 0.6276 0.6732 0.5748 0.54177 0.8899 0.63814 0.59225
0.89426 0.74703 0.70611 0.92028 0.91733 0.68297 x 0.97035 0.74811 0.69349 0.83578 0.99793 0.58744 0.66483 0.90514 0.59298 x 0.55666 0.84138 0.65964 0.76594 0.57019 0.89886 0.81416 0.85857 0.8229 0.89818 0.83729 0.81151 0.8247 0.67953 0.73938 0.82539 0.83388 0.88266 0.67982 0.72951 0.54374 0.79573 0.61492 0.52558 0.99992 0.59479 0.91085 0.57455 0.74033 0.9257 0.93181 0.8179 0.64072
0.56909 0.59826 0.69328 0.88135 0.92908 0.68372 0.97035 x 0.91881 0.89632 0.76603 0.76096 0.69738 0.61983 0.78595 0.87349 0.83978 0.95732 0.83434 0.90382 0.75481 x 0.93015 0.91726 0.84187 0.97847 0.57123 0.73089 0.59635 0.95604 0.96085 0.50064 0.61462 0.61584 0.80677 0.74283 0.99905 0.67258 0.77249 0.56751 0.68046 0.75528 0.87302 0.75523 x 0.7498 0.69407 0.9839 0.8683 0.99047
0.55861 0.83201 0.70759 0.95589 0.9375 0.79454 0.74811 0.91881 x 0.73452 0.50991 0.85173 0.52393 0.61486 0.92004 0.66668 0.5648 0.95024 0.55258 0.93556 0.82789 0.71108 0.57777 0.94824 0.80489 0.92874 0.61277 0.66357 0.82596 0.90362 0.78722 0.8368 0.60278 0.57766 0.81945 0.63814 0.85887 0.87026 0.85777 0.71319 0.92314 0.8261 0.84343 0.72929 0.96037 0.65373 0.68687 0.86328 0.6788 x
0.60436 0.65427 x 0.88555 0.5145 0.64486 0.69349 0.89632 0.73452 x 0.58592 0.86892 0.72688 0.71025 x 0.61629 0.57045 x 0.50108 0.85448 0.52895 0.85689 0.77856 0.5655 0.97205 0.9405 0.54912 0.72334 x 0.9694 0.92538 0.70257 x 0.63834 0.96189 0.95384 0.52803 0.54273 0.60018 0.74431 0.97482 0.51367 0.7844 0.71044 0.62374 0.80718 0.74807 0.95131 0.98792 0.58385
0.7051 0.59659 x 0.53202 0.74624 0.60694 0.83578 0.76603 0.50991 0.58592 x 0.68623 0.89596 0.66269 0.98 0.68851 0.63409 0.90876 0.92376 0.96247 0.89016 0.91432 0.60342 0.92455 0.66024 0.66635 0.93261 0.90866 0.98366 0.69204 x 0.61245 0.63121 x 0.74092 0.62781 0.7842 0.71747 0.53612 0.62856 0.86456 0.55232 0.93628 0.97949 0.61705 x 0.83892 0.82054 0.65517 0.87855
0.86995 0.78031 0.84618 0.8545 0.74758 0.79815 0.99793 0.76096 0.85173 0.86892 0.68623 x 0.81994 0.99843 0.99442 0.68706 0.94736 0.82796 0.74126 0.52416 0.59375 0.81368 0.50229 0.94369 0.62576 0.98505 0.7251 0.61206 0.64871 0.52527 0.67349 0.7116 0.86617 0.53989 0.73732 0.90222 0.54798 0.79911 0.63155 x 0.52118 0.64455 0.90934 0.80097 0.84269 0.92124 0.60225 0.92295 x 0.74104
0.88106 0.71501 0.64706 0.97359 0.68543 0.66095 0.58744 0.69738 0.52393 0.72688 0.89596 0.81994 x 0.7904 0.90606 0.62606 0.89642 0.6505 0.62284 0.90862 0.6949 0.74082 0.57051 0.50135 0.80984 0.68069 0.845 0.79622 0.63414 0.92734 0.6851 0.84993 0.86877 0.81881 0.71342 x 0.87686 0.648 0.53193 0.798 0.72304 0.66634 0.74067 0.77738 0.88173 x 0.56071 0.77434 0.75807 0.87319
0.54031 0.71701 0.63642 0.82189 0.81833 0.63773 0.66483 0.61983 0.61486 0.71025 0.66269 0.99843 0.7904 x 0.84537 x 0.55813 0.77476 x 0.65832 0.68129 0.78553 0.5941 0.73344 0.81945 0.71791 0.66291 0.71217 0.52564 0.58958 0.6103 0.58397 0.58046 0.52809 0.70128 0.77797 0.56146 0.78457 0.69929 0.665 0.91375 0.65426 0.56169 0.65544 0.60901 0.74823 0.50327 0.7897 0.70121 0.50693
0.52022 0.56112 0.73553 0.51458 0.70578 0.98266 0.90514 0.78595 0.92004 x 0.98 0.99442 0.90606 0.84537 x x 0.58854 0.99937 0.63758 0.53453 0.57606 0.72573 0.58755 0.75358 0.57582 0.93375 0.58634 0.74807 0.58412 0.84541 0.59833 0.67672 0.90116 0.82794 0.82386 0.81887 0.86567 0.66215 0.73251 0.9129 0.80594 0.67258 0.74429 0.65871 0.75332 0.95908 x 0.81931 0.72527 0.76952
0.86105 0.62673 0.5312 0.76826 0.59002 0.99109 0.59298 0.87349 0.66668 0.61629 0.68851 0.68706 0.62606 x x x 0.50202 0.83512 0.71945 0.92634 0.53899 0.70343 0.91697 0.98863 0.98148 0.84308 0.70473 0.72715 0.51702 0.94417 0.92348 0.70007 0.93428 0.677 0.52579 0.88185 0.92657 0.60743 0.77112 0.69705 0.50092 0.63118 0.58842 0.94189 0.99345 0.77052 0.91267 0.56384 0.71519 0.86687
0.78302 0.9785 0.62402 0.98202 x 0.81099 x 0.83978 0.5648 0.57045 0.63409 0.94736 0.89642 0.55813 0.58854 0.50202 x 0.99908 0.94781 0.73501 0.91252 0.92614 0.9757 0.70023 0.98009 0.7185 0.81078 0.63252 0.71884 0.85454 0.88414 0.55877 0.58954 0.51127 x 0.56318 0.86868 0.92281 x 0.906 0.72719 0.60692 0.99269 0.7748 0.90312 0.69535 0.55156 0.85611 0.8967 0.80245
0.51272 0.59384 0.59819 0.55841 0.67113 0.79533 0.55666 0.95732 0.95024 x 0.90876 0.82796 0.6505 0.77476 0.99937 0.83512 0.99908 x 0.94058 0.75564 0.9085 0.65061 0.72693 0.83398 0.92886 0.57919 0.77924 0.83709 0.58549 0.90294 0.79767 0.94326 0.61782 0.8436 0.73144 0.57658 0.78626 x 0.92627 0.64619 0.97187 0.88496 0.78701 0.57185 0.85515 0.97966 0.73911 0.84558 0.61487 0.58615
0.67364 0.9957 0.9203 0.58713 0.95665 0.90423 0.84138 0.83434 0.55258 0.50108 0.92376 0.74126 0.62284 x 0.63758 0.71945 0.94781 0.94058 x 0.92975 0.85214 0.70853 0.81331 0.91901 0.91109 0.86101 0.91019 0.57984 0.9139 0.8982 0.96997 0.83784 0.83465 0.60933 0.91156 0.91101 0.84287 0.56677 0.63492 0.77222 0.85546 0.86068 0.5574 0.97375 0.89984 0.81713 0.96835 0.92594 0.54539 0.79737
0.61388 0.6817 x 0.60307 0.81294 0.99047 0.65964 0.90382 0.93556 0.85448 0.96247 0.52416 0.90862 0.65832 0.53453 0.92634 0.73501 0.75564 0.92975 x 0.941 0.72471 0.71014 0.81082 0.8213 0.53941 0.87513 0.70199 0.9926 0.56298 0.99929 0.73833 0.94775 0.61363 0.80426 0.60544 0.95541 0.91419 0.61326 0.916 0.74542 0.76449 0.61167 0.66651 0.59667 0.55106 0.71802 0.74685 0.50081 0.83909
0.79803 0.81259 0.77291 0.85313 x 0.90197 0.76594 0.75481 0.82789 0.52895 0.89016 0.59375 0.6949 0.68129 0.57606 0.53899 0.91252 0.9085 0.85214 0.941 x 0.59396 0.61036 0.70171 0.61335 0.50476 0.55343 0.74823 0.51995 0.53015 0.55556 0.86232 0.84728 0.80539 0.69728 0.54876 0.78732 0.78416 0.81173 0.8283 0.65659 0.88148 0.51077 0.73053 x 0.92626 0.94602 0.85484 0.64995 0.89538
0.51594 0.95886 0.56571 0.65716 0.56081 0.71964 0.57019 x 0.71108 0.85689 0.91432 0.81368 0.74082 0.78553 0.72573 0.70343 0.92614 0.65061 0.70853 0.72471 0.59396 x x 0.8486 0.92168 0.53237 0.51847 x x 0.58757 0.5881 0.92488 0.82261 0.93548 0.67464 0.73133 0.65873 0.70091 0.63826 0.57268 0.62272 0.51543 0.50706 0.91873 0.99538 0.74521 0.98123 0.82793 0.85445 0.81233
0.54892 0.75831 0.88108 0.61461 0.53062 0.86515 0.89886 0.93015 0.57777 0.77856 0.60342 0.50229 0.57051 0.5941 0.58755 0.91697 0.9757 0.72693 0.81331 0.71014 0.61036 x x 0.58127 0.51035 0.89976 0.61616 0.97676 0.57812 x x 0.8809 0.87656 0.92604 0.96976 0.58556 0.93696 0.96648 0.85981 0.96638 0.94802 0.81189 0.99417 x 0.57455 0.94615 0.78193 x 0.75476 0.65953
0.69449 0.5104 0.86563 0.80044 0.57381 0.86662 0.81416 0.91726 0.94824 0.5655 0.92455 0.94369 0.50135 0.73344 0.75358 0.98863 0.70023 0.83398 0.91901 0.81082 0.70171 0.8486 0.58127 x 0.72645 0.80296 0.99219 0.70294 0.62945 0.76542 0.9643 0.95612 0.83747 0.96755 0.94397 0.83567 0.77884 0.63246 0.81033 0.70147 0.62327 0.67632 0.83195 0.86592 0.74089 0.61133 0.73897 0.85911 0.99798 0.60275
0.61849 0.66109 0.96573 0.97113 0.68029 0.9024 0.85857 0.84187 0.80489 0.97205 0.66024 0.62576 0.80984 0.81945 0.57582 0.98148 0.98009 0.92886 0.91109 0.8213 0.61335 0.92168 0.51035 0.72645 x 0.50003 0.72423 0.68223 0.61278 0.81755 0.63833 0.61784 0.89297 0.61033 0.74946 x 0.74651 0.97815 0.53183 0.59111 0.58674 0.50265 0.69736 0.87982 0.62217 0.6632 0.57452 x 0.99652 0.65141
0.97619 0.97253 0.89316 0.56342 0.79287 0.84924 0.8229 0.97847 0.92874 0.9405 0.66635 0.98505 0.68069 0.71791 0.93375 0.84308 0.7185 0.57919 0.86101 0.53941 0.50476 0.53237 0.89976 0.80296 0.50003 x 0.75834 x 0.57418 0.53903 0.95469 0.73633 0.96645 0.93816 0.96387 0.63491 0.82354 0.59427 0.5512 0.66974 0.99809 0.56695 0.59354 0.92034 0.54001 0.78435 0.71942 0.70751 0.8362 0.88005
0.97054 0.64001 0.54688 0.70028 0.88941 0.86159 0.89818 0.57123 0.61277 0.54912 0.93261 0.7251 0.845 0.66291 0.58634 0.70473 0.81078 0.77924 0.91019 0.87513 0.55343 0.51847 0.61616 0.99219 0.72423 0.75834 x 0.57167 0.76951 0.68361 0.9043 0.99049 0.73617 0.97662 0.9166 0.57448 0.67905 0.80068 0.96767 0.6421 0.91374 0.79762 0.53423 0.87445 0.72051 0.87522 0.98652 0.85589 0.97063 0.96152
0.69695 0.50191 0.77266 0.89853 0.79771 0.81121 0.83729 0.73089 0.66357 0.72334 0.90866 0.61206 0.79622 0.71217 0.74807 0.72715 0.63252 0.83709 0.57984 0.70199 0.74823 x 0.97676 0.70294 0.68223 x 0.57167 x 0.81719 0.78704 0.56513 0.74345 0.99858 0.94007 0.7684 0.88948 0.63062 0.94657 0.50704 0.66157 0.83901 x 0.54824 0.99998 0.7388 0.58659 0.8385 0.57358 0.97967 0.62973
0.85477 0.91477 0.61202 0.55267 0.58597 0.87571 0.81151 0.59635 0.82596 x 0.98366 0.64871 0.63414 0.52564 0.58412 0.51702 0.71884 0.58549 0.9139 0.9926 0.51995 x 0.57812 0.62945 0.61278 0.57418 0.76951 0.81719 x 0.69562 0.91531 0.54335 0.72135 0.88393 0.84428 0.87813 0.92006 0.64475 0.7276 0.84573 0.6629 0.56563 0.90199 0.51064 0.97782 0.86511 0.64081 0.81065 0.80201 0.62819
0.64724 0.58052 0.87592 0.73609 0.64748 x 0.8247 0.95604 0.90362 0.9694 0.69204 0.52527 0.92734 0.58958 0.84541 0.94417 0.85454 0.90294 0.8982 0.56298 0.53015 0.58757 x 0.76542 0.81755 0.53903 0.68361 0.78704 0.69562 x 0.51483 0.7649 0.6076 0.74022 0.63567 0.68667 0.64135 0.85853 0.73216 0.73865 x 0.57155 0.7542 0.82673 0.93732 0.90341 0.88802 0.63879 0.94652 0.66395
0.6391 0.54344 0.91311 0.64455 0.82558 x 0.67953 0.96085 0.78722 0.92538 x 0.67349 0.6851 0.6103 0.59833 0.92348 0.88414 0.79767 0.96997 0.99929 0.55556 0.5881 x 0.9643 0.63833 0.95469 0.9043 0.56513 0.91531 0.51483 x 0.95381 0.72159 0.71432 0.75279 0.5592 0.87023 0.68852 0.72629 0.79826 0.51678 0.63267 0.9865 0.58654 0.66852 0.95524 0.63939 0.55445 0.67569 0.97181
0.67291 0.96437 0.9321 0.658 0.90922 x 0.73938 0.50064 0.8368 0.70257 0.61245 0.7116 0.84993 0.58397 0.67672 0.70007 0.55877 0.94326 0.83784 0.73833 0.86232 0.92488 0.8809 0.95612 0.61784 0.73633 0.99049 0.74345 0.54335 0.7649 0.95381 x 0.74145 0.75624 0.55776 0.58236 0.67254 0.8177 0.84355 0.64694 0.57411 0.68096 0.95452 0.81171 0.93279 0.95311 0.5062 0.74745 0.50397 0.87125
0.74095 0.6444 0.97576 x 0.56207 0.91481 0.82539 0.61462 0.60278 x 0.63121 0.86617 0.86877 0.58046 0.90116 0.93428 0.58954 0.61782 0.83465 0.94775 0.84728 0.82261 0.87656 0.83747 0.89297 0.96645 0.73617 0.99858 0.72135 0.6076 0.72159 0.74145 x 0.68781 0.59894 0.68968 0.78726 x 0.80622 0.77974 0.54561 0.94658 0.51113 0.68229 0.94534 0.72737 0.56144 0.82748 0.8307 0.63777
0.70628 0.80481 0.84262 0.86828 0.85561 0.96888 0.83388 0.61584 0.57766 0.63834 x 0.53989 0.81881 0.52809 0.82794 0.677 0.51127 0.8436 0.60933 0.61363 0.80539 0.93548 0.92604 0.96755 0.61033 0.93816 0.97662 0.94007 0.88393 0.74022 0.71432 0.75624 0.68781 x 0.6697 0.84239 0.9609 0.70965 0.92266 0.83043 0.72729 0.95686 x 0.66653 0.54062 0.60756 0.92921 0.94557 0.76252 0.51411
0.89859 0.63515 0.71329 0.82187 0.67595 0.68996 0.88266 0.80677 0.81945 0.96189 0.74092 0.73732 0.71342 0.70128 0.82386 0.52579 x 0.73144 0.91156 0.80426 0.69728 0.67464 0.96976 0.94397 0.74946 0.96387 0.9166 0.7684 0.84428 0.63567 0.75279 0.55776 0.59894 0.6697 x 0.55019 0.52343 0.84616 0.5704 0.64973 0.67404 0.92294 0.67299 0.51494 0.59529 0.75294 0.81191 0.52638 0.94344 0.65448
0.90667 0.97961 0.79174 0.65073 0.62755 0.88589 0.67982 0.74283 0.63814 0.95384 0.62781 0.90222 x 0.77797 0.81887 0.88185 0.56318 0.57658 0.91101 0.60544 0.54876 0.73133 0.58556 0.83567 x 0.63491 0.57448 0.88948 0.87813 0.68667 0.5592 0.58236 0.68968 0.84239 0.55019 x 0.54209 0.8778 0.74905 0.65298 0.81144 0.58714 0.83535 0.57768 0.78091 0.93057 0.89926 0.77734 0.86074 0.69558
0.90448 0.93616 0.93471 0.90914 0.55107 0.61241 0.72951 0.99905 0.85887 0.52803 0.7842 0.54798 0.87686 0.56146 0.86567 0.92657 0.86868 0.78626 0.84287 0.95541 0.78732 0.65873 0.93696 0.77884 0.74651 0.82354 0.67905 0.63062 0.92006 0.64135 0.87023 0.67254 0.78726 0.9609 0.52343 0.54209 x 0.81717 x 0.72507 0.53627 0.85652 0.82133 0.83372 0.99983 0.91463 0.76763 x 0.52913 0.54456
0.93062 0.86007 0.87007 0.6434 0.6616 0.50619 0.54374 0.67258 0.87026 0.54273 0.71747 0.79911 0.648 0.78457 0.66215 0.60743 0.92281 x 0.56677 0.91419 0.78416 0.70091 0.96648 0.63246 0.97815 0.59427 0.80068 0.94657 0.64475 0.85853 0.68852 0.8177 x 0.70965 0.84616 0.8778 0.81717 x 0.52587 0.55406 0.6259 0.75654 0.50924 0.71415 0.50128 0.59634 0.70208 0.88277 0.8116 0.73514
0.60978 0.57911 0.52993 0.92868 0.76068 0.98018 0.79573 0.77249 0.85777 0.60018 0.53612 0.63155 0.53193 0.69929 0.73251 0.77112 x 0.92627 0.63492 0.61326 0.81173 0.63826 0.85981 0.81033 0.53183 0.5512 0.96767 0.50704 0.7276 0.73216 0.72629 0.84355 0.80622 0.92266 0.5704 0.74905 x 0.52587 x 0.58684 0.92583 0.64063 0.80502 0.80681 0.98529 0.5316 0.69149 0.9153 0.97833 x
0.85351 0.85222 0.89089 0.71416 0.83259 0.66155 0.61492 0.56751 0.71319 0.74431 0.62856 x 0.798 0.665 0.9129 0.69705 0.906 0.64619 0.77222 0.916 0.8283 0.57268 0.96638 0.70147 0.59111 0.66974 0.6421 0.66157 0.84573 0.73865 0.79826 0.64694 0.77974 0.83043 0.64973 0.65298 0.72507 0.55406 0.58684 x 0.55766 0.81264 0.6548 0.8524 0.52712 0.87474 0.75736 0.79543 0.72065 x
0.62708 0.77011 0.55444 0.86375 0.61121 0.80318 0.52558 0.68046 0.92314 0.97482 0.86456 0.52118 0.72304 0.91375 0.80594 0.50092 0.72719 0.97187 0.85546 0.74542 0.65659 0.62272 0.94802 0.62327 0.58674 0.99809 0.91374 0.83901 0.6629 x 0.51678 0.57411 0.54561 0.72729 0.67404 0.81144 0.53627 0.6259 0.92583 0.55766 x 0.83465 0.65646 0.51102 0.81878 0.94768 x 0.76941 0.59246 0.85106
0.56248 0.7594 0.94368 0.94287 0.59049 0.87461 0.99992 0.75528 0.8261 0.51367 0.55232 0.64455 0.66634 0.65426 0.67258 0.63118 0.60692 0.88496 0.86068 0.76449 0.88148 0.51543 0.81189 0.67632 0.50265 0.56695 0.79762 x 0.56563 0.57155 0.63267 0.68096 0.94658 0.95686 0.92294 0.58714 0.85652 0.75654 0.64063 0.81264 0.83465 x 0.94894 0.716 0.71592 0.68435 0.66738 0.51311 0.79961 0.66052
0.89935 0.95609 0.74661 0.96231 0.5253 0.88605 0.59479 0.87302 0.84343 0.7844 0.93628 0.90934 0.74067 0.56169 0.74429 0.58842 0.99269 0.78701 0.5574 0.61167 0.51077 0.50706 0.99417 0.83195 0.69736 0.59354 0.53423 0.54824 0.90199 0.7542 0.9865 0.95452 0.51113 x 0.67299 0.83535 0.82133 0.50924 0.80502 0.6548 0.65646 0.94894 x 0.72602 0.65681 0.98379 0.7892 0.82197 0.59742 0.78384
0.51593 0.72817 0.67713 0.6513 0.96231 0.6276 0.91085 0.75523 0.72929 0.71044 0.97949 0.80097 0.77738 0.65544 0.65871 0.94189 0.7748 0.57185 0.97375 0.66651 0.73053 0.91873 x 0.86592 0.87982 0.92034 0.87445 0.99998 0.51064 0.82673 0.58654 0.81171 0.68229 0.66653 0.51494 0.57768 0.83372 0.71415 0.80681 0.8524 0.51102 0.716 0.72602 x 0.58257 0.65006 0.80098 0.58135 0.61395 0.92399
0.94157 0.5843 0.84796 0.75786 0.93752 0.6732 0.57455 x 0.96037 0.62374 0.61705 0.84269 0.88173 0.60901 0.75332 0.99345 0.90312 0.85515 0.89984 0.59667 x 0.99538 0.57455 0.74089 0.62217 0.54001 0.72051 0.7388 0.97782 0.93732 0.66852 0.93279 0.94534 0.54062 0.59529 0.78091 0.99983 0.50128 0.98529 0.52712 0.81878 0.71592 0.65681 0.58257 x 0.59045 0.84008 0.74171 0.70795 0.96599
0.80192 0.98967 0.50131 0.91912 0.88594 0.5748 0.74033 0.7498 0.65373 0.80718 x 0.92124 x 0.74823 0.95908 0.77052 0.69535 0.97966 0.81713 0.55106 0.92626 0.74521 0.94615 0.61133 0.6632 0.78435 0.87522 0.58659 0.86511 0.90341 0.95524 0.95311 0.72737 0.60756 0.75294 0.93057 0.91463 0.59634 0.5316 0.87474 0.94768 0.68435 0.98379 0.65006 0.59045 x 0.99208 0.8026 0.87511 0.83314
0.52592 0.97827 0.78296 0.7384 0.50194 0.54177 0.9257 0.69407 0.68687 0.74807 0.83892 0.60225 0.56071 0.50327 x 0.91267 0.55156 0.73911 0.96835 0.71802 0.94602 0.98123 0.78193 0.73897 0.57452 0.71942 0.98652 0.8385 0.64081 0.88802 0.63939 0.5062 0.56144 0.92921 0.81191 0.89926 0.76763 0.70208 0.69149 0.75736 x 0.66738 0.7892 0.80098 0.84008 0.99208 x 0.57814 0.81921 0.97672
x x 0.67692 0.84365 x 0.8899 0.93181 0.9839 0.86328 0.95131 0.82054 0.92295 0.77434 0.7897 0.81931 0.56384 0.85611 0.84558 0.92594 0.74685 0.85484 0.82793 x 0.85911 x 0.70751 0.85589 0.57358 0.81065 0.63879 0.55445 0.74745 0.82748 0.94557 0.52638 0.77734 x 0.88277 0.9153 0.79543 0.76941 0.51311 0.82197 0.58135 0.74171 0.8026 0.57814 x 0.55789 0.5479
0.51535 0.8811 0.70102 x 0.69882 0.63814 0.8179 0.8683 0.6788 0.98792 0.65517 x 0.75807 0.70121 0.72527 0.71519 0.8967 0.61487 0.54539 0.50081 0.64995 0.85445 0.75476 0.99798 0.99652 0.8362 0.97063 0.97967 0.80201 0.94652 0.67569 0.50397 0.8307 0.76252 0.94344 0.86074 0.52913 0.8116 0.97833 0.72065 0.59246 0.79961 0.59742 0.61395 0.70795 0.87511 0.81921 0.55789 x 0.70363
0.58922 0.62946 0.59087 0.86157 0.53163 0.59225 0.64072 0.99047 x 0.58385 0.87855 0.74104 0.87319 0.50693 0.76952 0.86687 0.80245 0.58615 0.79737 0.83909 0.89538 0.81233 0.65953 0.60275 0.65141 0.88005 0.96152 0.62973 0.62819 0.66395 0.97181 0.87125 0.63777 0.51411 0.65448 0.69558 0.54456 0.73514 x x 0.85106 0.66052 0.78384 0.92399 0.96599 0.83314 0.97672 0.5479 0.70363 x