50
25
0 1 2 3 4 5 6 7 8 9 10 11 12 13 14 15 16 17 18 19 20 21 22 23 24 25 26 27 28 29 30 31 32 33 34 35 36 37 38 39 40 41 42 43 44 45 46 47 48 49
17 49 14 26 4 45 38 5 47 33 11 41 39 13 44 2 6 7 9 27 46 34 0 10 42
0
x x 0.58269 0.79963 0.75729 0.66265 0.56503 0.53918 0.82931 0.56085 0.99105 x 0.78512 0.9403 0.59079 0.7696 0.81334 0.60064 0.6313 x 0.79449 x 0.55615 0.6909 0.98986 0.90871 0.78792 x x 0.80082 0.7518 x 0.8212 0.59353 0.71335 x 0.90339 0.50757 0.8651 0.73495 0.76622 0.76979 x 0.54952 0.75092 0.95286 0.53867 0.57981 0.58067 0.55163
x x 0.9589 0.56116 0.77552 0.65124 0.6245 x 0.89776 0.91621 0.85829 0.71806 0.76516 0.94277 x 0.95885 0.93618 0.74774 x 0.5431 0.89344 x 0.76767 0.76544 x 0.9095 0.76548 0.53538 0.89514 0.85686 0.85741 0.75631 0.79603 x 0.99938 0.70422 0.86663 0.73107 0.68261 x x x 0.87722 0.64511 0.91787 x 0.56562 x x x
0.58269 0.9589 x 0.97279 0.51313 0.5028 0.50563 0.92004 0.54851 0.75111 x 0.56174 0.9666 x x x 0.92306 0.96955 0.89273 0.86473 0.86452 0.86804 x x 0.9022 0.92576 0.50989 0.68104 0.67198 0.69482 x x 0.57184 x 0.88234 0.82224 0.59393 0.8853 0.91054 x 0.68724 0.5852 x 0.56236 0.95238 0.81225 0.72374 0.79389 0.71238 0.72719
0.79963 0.56116 0.97279 x 0.90547 x 0.61154 0.70479 0.99485 x 0.85081 0.97791 0.54575 0.84221 0.66941 0.65983 0.78367 0.59342 0.78182 x 0.83162 0.67804 0.51595 0.74555 0.85615 0.85719 0.55458 0.74854 0.71437 x 0.51035 0.7689 x 0.71124 0.899 x 0.8418 0.9205 0.6616 0.70675 x 0.62274 x 0.79469 0.7377 0.87942 x 0.67264 0.52163 0.65102
0.75729 0.77552 0.51313 0.90547 x 0.54229 x 0.91188 0.93149 0.77877 0.92069 0.52157 x x x 0.90032 x 0.99371 0.84697 0.81295 0.64997 0.84196 x 0.65408 x x 0.50146 0.56194 0.83188 x x 0.50419 0.6669 x 0.82462 0.54596 0.54078 0.92795 0.84144 0.98266 x 0.84007 0.62717 0.93118 x 0.7114 x 0.73221 0.57015 x
0.66265 0.65124 0.5028 x 0.54229 x 0.63088 x x 0.54399 x 0.75498 x 0.76444 0.66424 0.75258 0.94802 0.59199 0.63014 x 0.81155 0.95977 0.54356 0.77576 x 0.69152 0.98734 0.88783 0.87079 x 0.89619 0.66701 x 0.84159 0.68948 0.76659 0.96795 0.9652 x 0.93417 0.99391 0.96174 x 0.58551 0.58181 0.59677 0.63989 0.58036 0.50916 0.53297
0.56503 0.6245 0.50563 0.61154 x 0.63088 x x x 0.58862 0.70404 0.65793 0.78944 0.85302 0.61414 x 0.7576 0.94745 x 0.83382 x 0.84943 0.9854 0.51697 0.94235 x x 0.96016 0.83335 0.9084 0.68035 0.92928 0.74271 0.77378 0.64875 x 0.90714 x 0.81701 0.53823 0.51158 0.60055 0.8408 x 0.75475 0.62793 0.75484 0.7532 0.95461 0.90332
0.53918 x 0.92004 0.70479 0.91188 x x x x 0.8645 0.94021 0.54654 0.53088 0.89968 0.88026 0.83237 0.92233 0.54335 0.76821 0.9286 0.76717 0.54459 x 0.83411 0.80459 0.9354 0.90593 x 0.52803 0.84635 0.58504 0.51694 0.98633 0.9738 0.58527 0.80686 0.9222 0.91689 0.96602 x x 0.69116 x x 0.94443 x 0.95269 0.69653 0.71987 0.90666
0.82931 0.89776 0.54851 0.99485 0.93149 x x x x 0.9429 0.56369 0.8276 0.77905 0.53039 0.65322 0.50067 0.52569 0.5764 0.87487 x x 0.79165 0.51146 0.72783 0.86061 0.51866 x 0.63457 0.75444 0.9178 x x 0.68265 0.98945 0.84809 x 0.6804 x x 0.86484 0.71502 x 0.84604 0.64598 0.58779 0.92607 x 0.93449 x 0.98947
0.56085 0.91621 0.75111 x 0.77877 0.54399 0.58862 0.8645 0.9429 x 0.76971 0.74403 x x 0.61806 0.64903 0.52205 0.5153 0.73006 x 0.83847 x 0.69384 0.65233 0.55713 x 0.92121 x 0.76193 0.54459 0.85829 0.66121 0.88659 0.71831 x x 0.53055 x 0.73682 0.50066 x 0.69664 0.76872 x 0.68363 0.62284 0.91546 x x 0.704
0.99105 0.85829 x 0.85081 0.92069 x 0.70404 0.94021 0.56369 0.76971 x 0.91945 0.96878 0.70413 0.93657 0.90511 0.90451 0.595 0.9263 0.89349 0.54982 0.85484 x 0.95673 0.94897 0.58015 0.52774 0.78291 0.65644 0.73232 0.59294 0.60787 0.77785 0.54496 0.69522 0.54875 0.76512 0.9014 0.6648 0.54592 0.96339 0.71593 0.9241 0.9619 x 0.53377 x x 0.84179 0.85643
x 0.71806 0.56174 0.97791 0.52157 0.75498 0.65793 0.54654 0.8276 0.74403 0.91945 x 0.90473 0.7379 x 0.99529 0.71486 0.86367 x 0.98087 0.96126 0.72953 x 0.89557 0.74465 x 0.80559 0.79799 0.80829 0.69775 x 0.71332 0.96488 0.88587 0.58018 0.82784 0.91254 0.586 0.76778 x 0.54665 0.66473 0.63189 0.97119 0.72302 0.81103 x 0.83203 0.62138 0.56322
0.78512 0.76516 0.9666 0.54575 x x 0.78944 0.53088 0.77905 x 0.96878 0.90473 x 0.98753 0.95194 x 0.82561 0.61152 0.5568 0.56074 0.62918 0.57862 0.96112 0.86547 x 0.79988 0.52015 0.79598 x 0.85642 x 0.56631 0.72474 0.68967 0.67774 0.79847 0.51663 x 0.50456 0.73846 0.80197 0.65775 0.51669 0.93369 x 0.89876 0.97142 x 0.88148 0.76969
0.9403 0.94277 x 0.84221 x 0.76444 0.85302 0.89968 0.53039 x 0.70413 0.7379 0.98753 x 0.52717 0.9979 0.80347 x 0.85724 x 0.81257 x x 0.90093 0.99328 x 0.55306 0.77737 0.94009 0.53536 0.52885 0.95628 0.80773 0.79718 0.68777 0.97475 0.57037 x x 0.85982 0.75889 0.5949 x 0.91469 0.55985 0.80613 0.82641 0.74055 0.89708 x
0.59079 x x 0.66941 x 0.66424 0.61414 0.88026 0.65322 0.61806 0.93657 x 0.95194 0.52717 x 0.85079 0.89739 x 0.89837 0.55816 0.54049 0.70269 0.98443 0.67008 0.50842 0.53477 0.89222 0.64665 x 0.62642 x x 0.87211 0.82172 0.83761 0.52494 0.63987 0.88948 0.71777 0.61499 0.62662 0.69649 x 0.53062 0.67667 0.83432 0.98562 0.70608 x 0.97442
0.7696 0.95885 x 0.65983 0.90032 0.75258 x 0.83237 0.50067 0.64903 0.90511 0.99529 x 0.9979 0.85079 x 0.78168 x 0.97547 0.84135 x 0.60087 x 0.82207 0.71861 0.99679 0.97738 0.78406 x x 0.89002 0.55359 0.69318 0.67401 0.85577 0.83613 0.6495 x 0.86399 0.97157 0.51317 x 0.76884 0.88286 0.95125 0.59654 0.93398 0.78679 0.85022 0.60748
0.81334 0.93618 0.92306 0.78367 x 0.94802 0.7576 0.92233 0.52569 0.52205 0.90451 0.71486 0.82561 0.80347 0.89739 0.78168 x 0.93901 0.73857 0.87872 0.82696 0.7948 0.91848 0.73606 x x 0.87684 0.55571 0.93587 0.53385 0.74784 0.88087 0.53289 0.71466 x 0.73324 0.77416 0.60345 x 0.53382 0.67999 x 0.53199 x 0.67711 0.94155 0.88964 0.59166 0.92261 x
0.60064 0.74774 0.96955 0.59342 0.99371 0.59199 0.94745 0.54335 0.5764 0.5153 0.595 0.86367 0.61152 x x x 0.93901 x 0.70753 0.67979 0.62279 0.51484 0.54086 0.88972 0.8706 x 0.51837 x x x 0.6908 0.84045 0.55874 0.82614 0.52172 x 0.54717 0.81675 0.60961 0.65108 0.82037 0.79022 0.86025 0.86649 0.75502 x 0.70308 x 0.70025 x
0.6313 x 0.89273 0.78182 0.84697 0.63014 x 0.76821 0.87487 0.73006 0.9263 x 0.5568 0.85724 0.89837 0.97547 0.73857 0.70753 x x 0.6947 0.93568 0.97528 0.80808 x 0.98879 0.9167 0.89601 0.55528 0.94332 x 0.82533 0.82673 0.76497 x 0.927 0.68603 0.65125 0.78811 x 0.78641 0.55558 0.55251 0.72049 0.68575 0.55432 x x 0.65273 0.78449
x 0.5431 0.86473 x 0.81295 x 0.83382 0.9286 x x 0.89349 0.98087 0.56074 x 0.55816 0.84135 0.87872 0.67979 x x 0.55325 x 0.72 0.51703 0.86994 x 0.51085 0.91461 0.60176 0.57878 0.96156 0.91458 0.67882 0.56715 0.66909 0.68855 x 0.52979 x 0.80196 0.5391 0.86881 x 0.99621 0.88585 0.89892 0.79453 0.79459 x 0.8426
0.79449 0.89344 0.86452 0.83162 0.64997 0.81155 x 0.76717 x 0.83847 0.54982 0.96126 0.62918 0.81257 0.54049 x 0.82696 0.62279 0.6947 0.55325 x 0.87761 0.55964 0.51007 x 0.83461 0.75508 0.59675 0.66704 0.78294 x 0.70001 0.91746 x 0.79593 0.55833 0.54991 x 0.69033 0.90919 0.57266 0.64782 x 0.93077 0.72937 0.54051 0.72209 0.56007 0.72591 0.73146
x x 0.86804 0.67804 0.84196 0.95977 0.84943 0.54459 0.79165 x 0.85484 0.72953 0.57862 x 0.70269 0.60087 0.7948 0.51484 0.93568 x 0.87761 x 0.82326 0.54109 0.57255 x 0.52091 0.9846 0.78488 0.97404 0.58362 0.69222 0.74353 0.94873 0.52289 0.61906 0.87719 0.54132 0.7502 0.519 x 0.8756 0.68099 0.63577 0.56153 0.81028 0.94329 x 0.99122 0.68041
0.55615 0.76767 x 0.51595 x 0.54356 0.9854 x 0.51146 0.69384 x x 0.96112 x 0.98443 x 0.91848 0.54086 0.97528 0.72 0.55964 0.82326 x 0.59519 x 0.937 0.85909 x x x 0.76994 0.72742 0.87132 0.89165 0.99851 0.62991 0.69897 0.55943 0.72602 x 0.54295 0.72215 x 0.96917 0.68786 x 0.69735 x 0.62632 0.69951
0.6909 0.76544 x 0.74555 0.65408 0.77576 0.51697 0.83411 0.72783 0.65233 0.95673 0.89557 0.86547 0.90093 0.67008 0.82207 0.73606 0.88972 0.80808 0.51703 0.51007 0.54109 0.59519 x x 0.6568 0.57225 0.53728 0.54019 0.72581 0.91118 x 0.70524 x 0.72942 0.63195 0.987 0.56453 0.68045 0.652 0.68463 0.57887 0.71519 0.76937 0.76914 0.83898 0.58073 0.7279 0.60523 0.73697
0.98986 x 0.9022 0.85615 x x 0.94235 0.80459 0.86061 0.55713 0.94897 0.74465 x 0.99328 0.50842 0.71861 x 0.8706 x 0.86994 x 0.57255 x x x 0.56812 0.91852 0.78887 0.92699 0.79455 0.92183 0.69995 0.61213 x 0.66175 0.91972 0.89458 0.56523 0.85923 0.83025 0.93702 x 0.91803 0.50289 0.77459 0.5756 0.61313 x 0.76401 x
0.90871 0.9095 0.92576 0.85719 x 0.69152 x 0.9354 0.51866 x 0.58015 x 0.79988 x 0.53477 0.99679 x x 0.98879 x 0.83461 x 0.937 0.6568 0.56812 x 0.85639 x 0.99922 0.85813 0.83152 x x 0.97547 0.9083 x x 0.72997 x 0.81709 x 0.84923 0.60714 0.62517 0.89717 0.99354 0.90547 0.87879 0.79749 0.85049
0.78792 0.76548 0.50989 0.55458 0.50146 0.98734 x 0.90593 x 0.92121 0.52774 0.80559 0.52015 0.55306 0.89222 0.97738 0.87684 0.51837 0.9167 0.51085 0.75508 0.52091 0.85909 0.57225 0.91852 0.85639 x 0.81942 x 0.95713 0.98369 0.9196 0.59062 0.51388 0.55682 0.55768 x 0.95737 x 0.81812 0.64434 0.76296 0.88152 0.58052 0.96485 0.58411 x 0.5969 0.64728 0.82383
x 0.53538 0.68104 0.74854 0.56194 0.88783 0.96016 x 0.63457 x 0.78291 0.79799 0.79598 0.77737 0.64665 0.78406 0.55571 x 0.89601 0.91461 0.59675 0.9846 x 0.53728 0.78887 x 0.81942 x 0.79368 x 0.97726 x 0.91662 0.8927 0.86029 x 0.67582 x x 0.6558 0.73792 x 0.67969 0.8719 0.80778 0.57029 0.76188 x x 0.76649
x 0.89514 0.67198 0.71437 0.83188 0.87079 0.83335 0.52803 0.75444 0.76193 0.65644 0.80829 x 0.94009 x x 0.93587 x 0.55528 0.60176 0.66704 0.78488 x 0.54019 0.92699 0.99922 x 0.79368 x 0.59492 0.53523 x 0.66939 x 0.69101 0.62125 0.81667 x 0.9527 0.83573 0.54648 0.69 x 0.81914 0.65311 0.95936 0.70429 0.62321 0.57789 0.92978
0.80082 0.85686 0.69482 x x x 0.9084 0.84635 0.9178 0.54459 0.73232 0.69775 0.85642 0.53536 0.62642 x 0.53385 x 0.94332 0.57878 0.78294 0.97404 x 0.72581 0.79455 0.85813 0.95713 x 0.59492 x 0.87456 0.55706 x 0.93554 0.63394 0.89242 0.55987 0.79609 0.55582 0.96845 0.72442 0.66856 0.66703 x x x 0.94009 x x 0.87365
0.7518 0.85741 x 0.51035 x 0.89619 0.68035 0.58504 x 0.85829 0.59294 x x 0.52885 x 0.89002 0.74784 0.6908 x 0.96156 x 0.58362 0.76994 0.91118 0.92183 0.83152 0.98369 0.97726 0.53523 0.87456 x 0.78372 0.86302 0.88893 0.89012 0.56 0.79509 x 0.72043 x 0.72899 0.86093 0.73209 0.65683 x 0.83811 0.88347 0.90945 0.75418 0.64313
x 0.75631 x 0.7689 0.50419 0.66701 0.92928 0.51694 x 0.66121 0.60787 0.71332 0.56631 0.95628 x 0.55359 0.88087 0.84045 0.82533 0.91458 0.70001 0.69222 0.72742 x 0.69995 x 0.9196 x x 0.55706 0.78372 x 0.90964 0.67705 0.58113 0.95153 x 0.53326 x 0.81137 0.5003 x 0.69723 x 0.67382 0.93434 0.9031 0.63233 0.73182 x
0.8212 0.79603 0.57184 x 0.6669 x 0.74271 0.98633 0.68265 0.88659 0.77785 0.96488 0.72474 0.80773 0.87211 0.69318 0.53289 0.55874 0.82673 0.67882 0.91746 0.74353 0.87132 0.70524 0.61213 x 0.59062 0.91662 0.66939 x 0.86302 0.90964 x 0.84048 0.86813 0.50907 0.89498 x x 0.87514 x x 0.98687 0.94906 0.85253 0.70637 0.94884 0.50624 0.7109 0.81988
0.59353 x x 0.71124 x 0.84159 0.77378 0.9738 0.98945 0.71831 0.54496 0.88587 0.68967 0.79718 0.82172 0.67401 0.71466 0.82614 0.76497 0.56715 x 0.94873 0.89165 x x 0.97547 0.51388 0.8927 x 0.93554 0.88893 0.67705 0.84048 x 0.68739 x 0.7509 x 0.82916 0.64487 0.77152 0.77649 0.57968 0.51496 x x x 0.95278 0.99358 x
0.71335 0.99938 0.88234 0.899 0.82462 0.68948 0.64875 0.58527 0.84809 x 0.69522 0.58018 0.67774 0.68777 0.83761 0.85577 x 0.52172 x 0.66909 0.79593 0.52289 0.99851 0.72942 0.66175 0.9083 0.55682 0.86029 0.69101 0.63394 0.89012 0.58113 0.86813 0.68739 x x 0.54719 x 0.88636 0.51497 0.85337 0.60655 0.85616 x x x 0.73932 0.51859 0.79546 0.96443
x 0.70422 0.82224 x 0.54596 0.76659 x 0.80686 x x 0.54875 0.82784 0.79847 0.97475 0.52494 0.83613 0.73324 x 0.927 0.68855 0.55833 0.61906 0.62991 0.63195 0.91972 x 0.55768 x 0.62125 0.89242 0.56 0.95153 0.50907 x x x 0.6726 0.77217 0.65968 0.95441 x 0.99861 0.94488 0.97823 0.83495 0.82829 0.67756 0.80862 0.91716 0.55385
0.90339 0.86663 0.59393 0.8418 0.54078 0.96795 0.90714 0.9222 0.6804 0.53055 0.76512 0.91254 0.51663 0.57037 0.63987 0.6495 0.77416 0.54717 0.68603 x 0.54991 0.87719 0.69897 0.987 0.89458 x x 0.67582 0.81667 0.55987 0.79509 x 0.89498 0.7509 0.54719 0.6726 x 0.64977 0.63967 0.88951 x 0.90325 0.83148 0.8345 x x 0.63433 0.5796 x 0.50649
0.50757 0.73107 0.8853 0.9205 0.92795 0.9652 x 0.91689 x x 0.9014 0.586 x x 0.88948 x 0.60345 0.81675 0.65125 0.52979 x 0.54132 0.55943 0.56453 0.56523 0.72997 0.95737 x x 0.79609 x 0.53326 x x x 0.77217 0.64977 x 0.50843 0.67373 0.54659 x 0.85067 0.60534 0.93854 0.58307 0.55056 x 0.89358 0.53027
0.8651 0.68261 0.91054 0.6616 0.84144 x 0.81701 0.96602 x 0.73682 0.6648 0.76778 0.50456 x 0.71777 0.86399 x 0.60961 0.78811 x 0.69033 0.7502 0.72602 0.68045 0.85923 x x x 0.9527 0.55582 0.72043 x x 0.82916 0.88636 0.65968 0.63967 0.50843 x 0.81834 0.94978 x 0.57035 0.66319 0.99229 x 0.83237 0.57944 0.81988 0.53257
0.73495 x x 0.70675 0.98266 0.93417 0.53823 x 0.86484 0.50066 0.54592 x 0.73846 0.85982 0.61499 0.97157 0.53382 0.65108 x 0.80196 0.90919 0.519 x 0.652 0.83025 0.81709 0.81812 0.6558 0.83573 0.96845 x 0.81137 0.87514 0.64487 0.51497 0.95441 0.88951 0.67373 0.81834 x 0.51787 0.72158 0.8684 0.9784 0.75423 0.84268 0.82606 0.76833 0.83447 x
0.76622 x 0.68724 x x 0.99391 0.51158 x 0.71502 x 0.96339 0.54665 0.80197 0.75889 0.62662 0.51317 0.67999 0.82037 0.78641 0.5391 0.57266 x 0.54295 0.68463 0.93702 x 0.64434 0.73792 0.54648 0.72442 0.72899 0.5003 x 0.77152 0.85337 x x 0.54659 0.94978 0.51787 x 0.77123 0.75439 0.90578 x x 0.70033 0.86659 0.54521 x
0.76979 x 0.5852 0.62274 0.84007 0.96174 0.60055 0.69116 x 0.69664 0.71593 0.66473 0.65775 0.5949 0.69649 x x 0.79022 0.55558 0.86881 0.64782 0.8756 0.72215 0.57887 x 0.84923 0.76296 x 0.69 0.66856 0.86093 x x 0.77649 0.60655 0.99861 0.90325 x x 0.72158 0.77123 x 0.83305 x x 0.86105 x 0.97097 x 0.72232
x 0.87722 x x 0.62717 x 0.8408 x 0.84604 0.76872 0.9241 0.63189 0.51669 x x 0.76884 0.53199 0.86025 0.55251 x x 0.68099 x 0.71519 0.91803 0.60714 0.88152 0.67969 x 0.66703 0.73209 0.69723 0.98687 0.57968 0.85616 0.94488 0.83148 0.85067 0.57035 0.8684 0.75439 0.83305 x 0.92604 0.6438 0.68327 0.9854 x 0.58782 0.79836
0.54952 0.64511 0.56236 0.79469 0.93118 0.58551 x x 0.64598 x 0.9619 0.97119 0.93369 0.91469 0.53062 0.88286 x 0.86649 0.72049 0.99621 0.93077 0.63577 0.96917 0.76937 0.50289 0.62517 0.58052 0.8719 0.81914 x 0.65683 x 0.94906 0.51496 x 0.97823 0.8345 0.60534 0.66319 0.9784 0.90578 x 0.92604 x 0.84853 x 0.79627 0.95156 x 0.99657
0.75092 0.91787 0.95238 0.7377 x 0.58181 0.75475 0.94443 0.58779 0.68363 x 0.72302 x 0.55985 0.67667 0.95125 0.67711 0.75502 0.68575 0.88585 0.72937 0.56153 0.68786 0.76914 0.77459 0.89717 0.96485 0.80778 0.65311 x x 0.67382 0.85253 x x 0.83495 x 0.93854 0.99229 0.75423 x x 0.6438 0.84853 x 0.78218 0.6497 x 0.73377 x
0.95286 x 0.81225 0.87942 0.7114 0.59677 0.62793 x 0.92607 0.62284 0.53377 0.81103 0.89876 0.80613 0.83432 0.59654 0.94155 x 0.55432 0.89892 0.54051 0.81028 x 0.83898 0.5756 0.99354 0.58411 0.57029 0.95936 x 0.83811 0.93434 0.70637 x x 0.82829 x 0.58307 x 0.84268 x 0.86105 0.68327 x 0.78218 x 0.82108 0.64557 0.6856 0.74276
0.53867 0.56562 0.72374 x x 0.63989 0.75484 0.95269 x 0.91546 x x 0.97142 0.82641 0.98562 0.93398 0.88964 0.70308 x 0.79453 0.72209 0.94329 0.69735 0.58073 0.61313 0.90547 x 0.76188 0.70429 0.94009 0.88347 0.9031 0.94884 x 0.73932 0.67756 0.63433 0.55056 0.83237 0.82606 0.70033 x 0.9854 0.79627 0.6497 0.82108 x 0.73479 0.7264 0.85059
0.57981 x 0.79389 0.67264 0.73221 0.58036 0.7532 0.69653 0.93449 x x 0.83203 x 0.74055 0.70608 0.78679 0.59166 x x 0.79459 0.56007 x x 0.7279 x 0.87879 0.5969 x 0.62321 x 0.90945 0.63233 0.50624 0.95278 0.51859 0.80862 0.5796 x 0.57944 0.76833 0.86659 0.97097 x 0.95156 x 0.64557 0.73479 x 0.82844 0.63806
0.58067 x 0.71238 0.52163 0.57015 0.50916 0.95461 0.71987 x x 0.84179 0.62138 0.88148 0.89708 x 0.85022 0.92261 0.70025 0.65273 x 0.72591 0.99122 0.62632 0.60523 0.76401 0.79749 0.64728 x 0.57789 x 0.75418 0.73182 0.7109 0.99358 0.79546 0.91716 x 0.89358 0.81988 0.83447 0.54521 x 0.58782 x 0.73377 0.6856 0.7264 0.82844 x 0.89825
0.55163 x 0.72719 0.65102 x 0.53297 0.90332 0.90666 0.98947 0.704 0.85643 0.56322 0.76969 x 0.97442 0.60748 x x 0.78449 0.8426 0.73146 0.68041 0.69951 0.73697 x 0.85049 0.82383 0.76649 0.92978 0.87365 0.64313 x 0.81988 x 0.96443 0.55385 0.50649 0.53027 0.53257 x x 0.72232 0.79836 0.99657 x 0.74276 0.85059 0.63806 0.89825 x