50
25
0 1 2 3 4 5 6 7 8 9 10 11 12 13 14 15 16 17 18 19 20 21 22 23 24 25 26 27 28 29 30 31 32 33 34 35 36 37 38 39 40 41 42 43 44 45 46 47 48 49
47 41 4 12 8 44 11 24 40 9 19 7 23 45 1 28 32 20 14 31 27 18 26 21 17
0
x x x 0.87026 0.71961 0.91973 0.96466 0.6433 0.90449 0.82135 0.90152 0.74975 0.58818 0.93651 0.56388 0.64192 0.62151 0.51672 0.60163 0.67441 x 0.86284 0.74482 0.6273 0.65667 0.53105 0.87736 0.70285 0.76298 0.76584 x x x 0.59081 x 0.77045 0.54034 0.73698 0.94415 0.8742 0.82091 0.54538 0.93306 0.53888 0.76216 0.63113 x 0.54416 0.51758 0.76206
x x 0.55147 0.68177 0.69316 0.59618 x x 0.77879 0.94136 0.78039 0.51762 0.59386 x 0.90233 0.73372 0.69807 x 0.65 0.54227 x 0.80975 0.64659 0.90173 0.77473 0.83807 x x 0.94111 0.95767 0.77863 0.57824 0.80565 x 0.87206 0.69149 0.58361 0.63679 0.86794 x 0.76772 x 0.91227 0.96547 0.76529 0.74037 0.775 x 0.63419 0.71242
x 0.55147 x x x 0.72839 0.95833 0.95072 0.65926 0.7421 0.83355 x x 0.66498 x 0.63352 0.7258 0.67191 0.83048 0.64994 0.52185 0.86667 0.60218 x 0.67315 x 0.6969 0.92997 0.71002 0.67554 x 0.96443 0.62841 x 0.81691 0.64381 0.56706 0.65735 0.51974 0.79025 0.58329 0.80578 0.93311 0.52797 x 0.545 0.53092 0.58113 0.65408 0.69474
0.87026 0.68177 x x x x 0.51331 0.61466 0.97106 0.55675 0.5376 0.75483 x x x 0.90517 0.65301 0.89693 0.83538 0.75232 0.76487 0.63087 0.96957 0.88114 0.67044 x 0.51325 0.93622 0.59049 0.57825 x 0.67034 0.75286 0.78592 0.75842 x 0.63577 0.5706 0.67399 0.69079 x 0.94863 0.5629 0.88943 0.74398 0.69985 0.82343 0.77097 0.68462 0.54439
0.71961 0.69316 x x x 0.77739 0.55708 0.59809 0.61413 0.60638 0.79226 0.71243 x 0.59247 0.62353 0.59321 0.88306 x 0.54326 0.86699 0.59675 0.97652 0.69797 0.64586 0.75552 0.95378 x 0.86616 0.84192 0.81989 0.9923 x 0.88718 0.80595 0.56992 0.91889 x x 0.77795 0.65524 0.53253 x x x 0.59861 0.50226 0.62058 0.78606 0.82902 0.71638
0.91973 0.59618 0.72839 x 0.77739 x 0.96175 0.97333 x 0.76573 0.60719 0.60092 0.89995 0.98061 0.6474 0.8202 0.53042 0.56851 0.92471 0.92594 x 0.97093 0.62559 0.97126 0.96503 x 0.83962 x 0.81723 0.5153 0.57161 x 0.75154 0.77864 0.56009 0.92613 x x 0.5023 0.95531 0.90198 0.63104 0.63764 0.60694 0.57536 0.77805 0.63785 0.96199 x 0.97114
0.96466 x 0.95833 0.51331 0.55708 0.96175 x 0.81953 0.82447 0.68436 0.52934 0.71962 x x 0.98715 0.71236 0.81216 0.70843 0.88124 x 0.72179 0.56733 0.779 0.92633 0.80915 0.89115 x x 0.97998 0.90011 0.59262 0.93005 0.9033 0.71744 0.76238 0.99785 0.74284 0.79973 0.62286 x 0.57437 0.61646 x 0.86139 0.60611 0.8993 0.94721 0.79279 0.93758 x
0.6433 x 0.95072 0.61466 0.59809 0.97333 0.81953 x x 0.92402 x 0.81317 0.79982 0.93718 0.5532 0.81293 0.99415 0.93862 0.86341 0.70152 x 0.82962 x 0.79621 x 0.66051 0.78372 0.73683 0.68864 0.88289 0.84294 0.72603 0.6524 0.79271 0.69765 0.98059 0.80951 0.71661 x 0.62082 0.51829 0.71832 0.89664 0.55886 0.86299 0.76372 x 0.89006 0.85284 0.50169
0.90449 0.77879 0.65926 0.97106 0.61413 x 0.82447 x x 0.60148 0.91122 0.85817 0.69468 0.7011 0.89402 0.71229 0.88187 0.91539 0.79352 0.9949 0.71246 0.91203 0.70211 0.5845 0.96652 0.99111 0.62843 0.59062 x 0.82994 0.6522 0.54032 0.84318 0.60659 x 0.61295 0.91453 0.64387 0.86232 0.64185 0.75448 0.886 0.77523 0.69975 0.99603 0.90714 0.54329 0.70676 x 0.86091
0.82135 0.94136 0.7421 0.55675 0.60638 0.76573 0.68436 0.92402 0.60148 x 0.90721 0.91586 0.97708 0.70487 x 0.93976 0.74876 0.63208 0.7869 0.56032 x x x x 0.65219 0.67611 0.94566 0.59181 0.58542 x 0.63966 0.68201 x 0.52244 0.99721 0.65631 0.53544 0.87247 0.55094 0.64872 x 0.92845 0.8049 x x 0.89087 0.82487 0.75576 0.96623 0.50917
0.90152 0.78039 0.83355 0.5376 0.79226 0.60719 0.52934 x 0.91122 0.90721 x 0.62296 x 0.86755 0.64844 0.7036 0.95208 0.62919 x 0.83292 0.58211 0.6572 x 0.84147 0.93545 0.51486 0.78906 x 0.79001 0.62882 0.98532 0.94999 0.77996 0.79061 0.51062 0.63846 x 0.56763 0.91741 0.73278 0.51212 0.84688 0.98263 0.95432 x 0.9937 0.81476 x 0.84478 x
0.74975 0.51762 x 0.75483 0.71243 0.60092 0.71962 0.81317 0.85817 0.91586 0.62296 x 0.91966 0.8527 0.89955 0.70624 0.82438 x x 0.83615 0.94745 0.88261 0.54 x 0.66708 0.52347 0.91674 0.67169 0.88715 0.58445 0.82733 0.61166 0.53803 x 0.91834 x 0.84233 0.68838 x x 0.75776 0.72374 0.69691 0.69276 0.96425 0.9841 0.59496 0.57324 0.50222 0.90304
0.58818 0.59386 x x x 0.89995 x 0.79982 0.69468 0.97708 x 0.91966 x 0.67462 0.54721 x 0.68967 0.57368 0.65693 0.53915 0.78184 x 0.8977 0.64896 0.52428 x x 0.57266 0.85157 0.80933 0.92582 0.82151 0.86919 0.92732 0.51942 0.89203 0.52823 0.95419 0.8 0.76748 0.54024 0.70123 0.90351 0.5529 0.67275 0.80406 0.7036 0.9709 x 0.74701
0.93651 x 0.66498 x 0.59247 0.98061 x 0.93718 0.7011 0.70487 0.86755 0.8527 0.67462 x 0.70081 0.91107 0.9774 0.81723 0.63079 0.83972 0.81892 0.67045 0.85849 x 0.75339 0.80814 0.56188 0.90193 x 0.5659 0.57133 0.97271 0.769 0.75433 0.78978 x 0.59852 x 0.92318 0.8233 0.83388 x 0.51521 0.79426 0.97697 0.90276 x x 0.75705 0.81397
0.56388 0.90233 x x 0.62353 0.6474 0.98715 0.5532 0.89402 x 0.64844 0.89955 0.54721 0.70081 x 0.9212 x x 0.93509 0.58347 0.64957 0.96951 0.5885 x 0.87785 x 0.98038 0.81349 0.51414 0.8373 0.55093 0.67309 0.73938 0.71888 0.59697 0.74613 x 0.70889 0.76134 0.56888 x 0.92412 0.77072 0.95297 0.80578 0.73058 0.84848 0.53714 x 0.98989
0.64192 0.73372 0.63352 0.90517 0.59321 0.8202 0.71236 0.81293 0.71229 0.93976 0.7036 0.70624 x 0.91107 0.9212 x 0.91152 0.58854 0.92625 0.905 0.69599 0.61427 0.57393 0.83145 0.92086 0.86002 0.95716 x 0.87708 0.75469 0.61694 0.7612 0.82968 0.56671 0.9387 0.95121 0.78795 0.72868 x 0.71903 0.84373 0.68862 0.92898 0.65992 0.58462 0.64587 0.76344 0.97404 x 0.70048
0.62151 0.69807 0.7258 0.65301 0.88306 0.53042 0.81216 0.99415 0.88187 0.74876 0.95208 0.82438 0.68967 0.9774 x 0.91152 x 0.7088 0.77565 x 0.90049 0.60332 0.72566 0.7163 0.93559 0.95009 0.58144 0.62423 x 0.56447 0.79995 0.81292 0.57368 0.67603 0.90545 0.79929 x 0.60972 0.88543 0.83438 0.84971 0.83191 0.53495 0.71603 x x 0.80549 0.85449 x 0.98123
0.51672 x 0.67191 0.89693 x 0.56851 0.70843 0.93862 0.91539 0.63208 0.62919 x 0.57368 0.81723 x 0.58854 0.7088 x 0.674 0.99554 0.90286 0.97513 0.85658 x 0.99862 0.63612 0.57126 x 0.75823 0.81699 0.71427 0.85835 0.5561 x x 0.87402 0.70387 0.80461 0.88261 0.77052 0.95644 0.78938 x 0.69734 0.7438 0.71501 0.56975 0.86142 0.85398 0.52303
0.60163 0.65 0.83048 0.83538 0.54326 0.92471 0.88124 0.86341 0.79352 0.7869 x x 0.65693 0.63079 0.93509 0.92625 0.77565 0.674 x 0.64645 0.94339 0.84045 0.8726 x 0.69571 0.79708 0.88798 x 0.9484 0.64838 x 0.85714 x 0.69883 x 0.89545 0.51678 0.88293 0.92448 0.92957 x 0.98393 x x 0.96791 0.60272 0.79854 0.53986 0.57194 0.93025
0.67441 0.54227 0.64994 0.75232 0.86699 0.92594 x 0.70152 0.9949 0.56032 0.83292 0.83615 0.53915 0.83972 0.58347 0.905 x 0.99554 0.64645 x 0.79977 0.7202 0.61757 0.58347 0.80041 0.82466 0.6007 0.74447 0.55026 0.63218 0.80714 x 0.76423 0.52557 x 0.76363 0.83688 x 0.93112 0.52632 x x 0.7574 0.80605 0.50907 0.87558 0.77442 0.58812 0.79736 x
x x 0.52185 0.76487 0.59675 x 0.72179 x 0.71246 x 0.58211 0.94745 0.78184 0.81892 0.64957 0.69599 0.90049 0.90286 0.94339 0.79977 x 0.92897 0.51843 0.95615 x x 0.83214 0.59215 0.6145 0.698 0.55341 0.77077 0.69343 0.52227 0.86749 0.77025 0.87928 0.76855 0.51464 0.54535 0.74591 0.51544 0.61163 0.89337 0.51945 0.90708 0.75489 0.59633 0.97582 0.63995
0.86284 0.80975 0.86667 0.63087 0.97652 0.97093 0.56733 0.82962 0.91203 x 0.6572 0.88261 x 0.67045 0.96951 0.61427 0.60332 0.97513 0.84045 0.7202 0.92897 x 0.82663 0.62497 0.68718 0.6899 0.76754 0.85001 0.96917 0.96464 0.55856 0.93952 0.59923 0.713 0.731 0.81159 0.51931 0.67023 x 0.6139 0.51472 x 0.55968 0.73283 0.62283 0.51448 0.59819 x x 0.63345
0.74482 0.64659 0.60218 0.96957 0.69797 0.62559 0.779 x 0.70211 x x 0.54 0.8977 0.85849 0.5885 0.57393 0.72566 0.85658 0.8726 0.61757 0.51843 0.82663 x 0.66766 0.92214 0.75466 x 0.90077 0.90228 0.68532 x 0.5915 0.98642 0.75274 0.93905 0.94615 0.76842 0.84364 0.7838 x 0.61398 0.88647 0.83103 0.70911 0.74591 0.79531 x 0.50517 0.80802 0.52019
0.6273 0.90173 x 0.88114 0.64586 0.97126 0.92633 0.79621 0.5845 x 0.84147 x 0.64896 x x 0.83145 0.7163 x x 0.58347 0.95615 0.62497 0.66766 x 0.67317 0.54944 0.63586 0.63515 0.91972 x 0.91132 0.92822 0.59291 x 0.96634 x x x 0.52253 0.74889 0.54247 0.81685 x 0.91142 0.56903 x 0.82427 0.78835 0.90592 0.54567
0.65667 0.77473 0.67315 0.67044 0.75552 0.96503 0.80915 x 0.96652 0.65219 0.93545 0.66708 0.52428 0.75339 0.87785 0.92086 0.93559 0.99862 0.69571 0.80041 x 0.68718 0.92214 0.67317 x 0.73746 0.5285 0.73142 0.94049 0.96798 0.63164 x x 0.99442 0.99585 x 0.73285 0.8081 0.66888 0.66852 0.93581 0.85319 x 0.69252 0.51867 x 0.56323 0.72405 0.52129 0.59036
0.53105 0.83807 x x 0.95378 x 0.89115 0.66051 0.99111 0.67611 0.51486 0.52347 x 0.80814 x 0.86002 0.95009 0.63612 0.79708 0.82466 x 0.6899 0.75466 0.54944 0.73746 x x x 0.98805 0.83755 x 0.62871 0.6175 0.8801 0.58512 0.81466 x 0.87519 0.62593 0.95343 x 0.75871 0.96614 0.96942 0.57126 0.65266 0.51832 x 0.93335 0.7917
0.87736 x 0.6969 0.51325 x 0.83962 x 0.78372 0.62843 0.94566 0.78906 0.91674 x 0.56188 0.98038 0.95716 0.58144 0.57126 0.88798 0.6007 0.83214 0.76754 x 0.63586 0.5285 x x 0.55306 0.57418 0.85329 x 0.76097 0.71928 0.61422 0.50908 0.50043 0.96038 0.7733 0.53984 0.61158 x 0.62273 0.5874 0.68636 0.50338 0.86958 0.96045 0.64204 0.79202 0.64427
0.70285 x 0.92997 0.93622 0.86616 x x 0.73683 0.59062 0.59181 x 0.67169 0.57266 0.90193 0.81349 x 0.62423 x x 0.74447 0.59215 0.85001 0.90077 0.63515 0.73142 x 0.55306 x 0.55877 x 0.70111 x 0.52327 0.62678 0.93121 x 0.60116 0.68637 0.76423 0.89537 0.59704 0.55718 0.57014 x 0.59573 0.62922 0.93962 x 0.61819 0.97667
0.76298 0.94111 0.71002 0.59049 0.84192 0.81723 0.97998 0.68864 x 0.58542 0.79001 0.88715 0.85157 x 0.51414 0.87708 x 0.75823 0.9484 0.55026 0.6145 0.96917 0.90228 0.91972 0.94049 0.98805 0.57418 0.55877 x 0.53127 0.52067 x 0.84917 0.84619 0.61917 x 0.95439 0.68689 0.88761 0.90845 0.831 0.85204 x 0.59431 x 0.79629 0.68558 0.61117 0.85126 0.91839
0.76584 0.95767 0.67554 0.57825 0.81989 0.5153 0.90011 0.88289 0.82994 x 0.62882 0.58445 0.80933 0.5659 0.8373 0.75469 0.56447 0.81699 0.64838 0.63218 0.698 0.96464 0.68532 x 0.96798 0.83755 0.85329 x 0.53127 x 0.83151 0.69492 0.66994 0.76268 0.78118 0.59444 0.87515 x x 0.59691 0.69754 0.76484 0.62136 x x x 0.77793 x 0.87712 x
x 0.77863 x x 0.9923 0.57161 0.59262 0.84294 0.6522 0.63966 0.98532 0.82733 0.92582 0.57133 0.55093 0.61694 0.79995 0.71427 x 0.80714 0.55341 0.55856 x 0.91132 0.63164 x x 0.70111 0.52067 0.83151 x 0.54612 0.92797 0.76408 0.69202 x x 0.53418 0.72797 0.74022 x x 0.6759 0.83164 x 0.92598 0.76202 0.87634 0.69781 0.93107
x 0.57824 0.96443 0.67034 x x 0.93005 0.72603 0.54032 0.68201 0.94999 0.61166 0.82151 0.97271 0.67309 0.7612 0.81292 0.85835 0.85714 x 0.77077 0.93952 0.5915 0.92822 x 0.62871 0.76097 x x 0.69492 0.54612 x 0.56263 0.5574 0.85562 0.61088 0.55224 0.94584 0.53409 x 0.65024 x 0.78817 x 0.57152 0.51234 0.60444 0.75457 0.60067 x
x 0.80565 0.62841 0.75286 0.88718 0.75154 0.9033 0.6524 0.84318 x 0.77996 0.53803 0.86919 0.769 0.73938 0.82968 0.57368 0.5561 x 0.76423 0.69343 0.59923 0.98642 0.59291 x 0.6175 0.71928 0.52327 0.84917 0.66994 0.92797 0.56263 x 0.99564 x 0.84737 0.81438 0.6882 0.98993 0.98342 0.50005 0.65118 0.98914 0.5158 0.5966 0.75198 0.93466 0.58124 0.59416 0.69325
0.59081 x x 0.78592 0.80595 0.77864 0.71744 0.79271 0.60659 0.52244 0.79061 x 0.92732 0.75433 0.71888 0.56671 0.67603 x 0.69883 0.52557 0.52227 0.713 0.75274 x 0.99442 0.8801 0.61422 0.62678 0.84619 0.76268 0.76408 0.5574 0.99564 x 0.83764 0.93059 x x 0.80098 0.57225 0.90631 x 0.9842 0.65473 0.87688 0.72397 0.72272 x 0.99984 0.72805
x 0.87206 0.81691 0.75842 0.56992 0.56009 0.76238 0.69765 x 0.99721 0.51062 0.91834 0.51942 0.78978 0.59697 0.9387 0.90545 x x x 0.86749 0.731 0.93905 0.96634 0.99585 0.58512 0.50908 0.93121 0.61917 0.78118 0.69202 0.85562 x 0.83764 x 0.66296 0.62159 0.67404 0.52065 x 0.64075 0.98816 0.57288 0.82081 x 0.951 x 0.83274 0.88793 0.65723
0.77045 0.69149 0.64381 x 0.91889 0.92613 0.99785 0.98059 0.61295 0.65631 0.63846 x 0.89203 x 0.74613 0.95121 0.79929 0.87402 0.89545 0.76363 0.77025 0.81159 0.94615 x x 0.81466 0.50043 x x 0.59444 x 0.61088 0.84737 0.93059 0.66296 x x 0.76201 0.50205 0.96249 0.57784 x 0.99309 0.78904 0.54792 x x 0.87319 0.63996 0.94533
0.54034 0.58361 0.56706 0.63577 x x 0.74284 0.80951 0.91453 0.53544 x 0.84233 0.52823 0.59852 x 0.78795 x 0.70387 0.51678 0.83688 0.87928 0.51931 0.76842 x 0.73285 x 0.96038 0.60116 0.95439 0.87515 x 0.55224 0.81438 x 0.62159 x x 0.91925 0.59147 0.76209 0.69214 0.60664 x 0.79304 0.58425 0.79395 0.76397 0.80496 x 0.98601
0.73698 0.63679 0.65735 0.5706 x x 0.79973 0.71661 0.64387 0.87247 0.56763 0.68838 0.95419 x 0.70889 0.72868 0.60972 0.80461 0.88293 x 0.76855 0.67023 0.84364 x 0.8081 0.87519 0.7733 0.68637 0.68689 x 0.53418 0.94584 0.6882 x 0.67404 0.76201 0.91925 x x 0.98028 0.58073 0.73022 0.90686 0.52901 x 0.85598 0.83929 0.80739 0.72403 0.77816
0.94415 0.86794 0.51974 0.67399 0.77795 0.5023 0.62286 x 0.86232 0.55094 0.91741 x 0.8 0.92318 0.76134 x 0.88543 0.88261 0.92448 0.93112 0.51464 x 0.7838 0.52253 0.66888 0.62593 0.53984 0.76423 0.88761 x 0.72797 0.53409 0.98993 0.80098 0.52065 0.50205 0.59147 x x 0.69749 0.91663 0.79266 0.84256 x 0.61107 0.74807 0.78066 0.69746 0.98751 0.94457
0.8742 x 0.79025 0.69079 0.65524 0.95531 x 0.62082 0.64185 0.64872 0.73278 x 0.76748 0.8233 0.56888 0.71903 0.83438 0.77052 0.92957 0.52632 0.54535 0.6139 x 0.74889 0.66852 0.95343 0.61158 0.89537 0.90845 0.59691 0.74022 x 0.98342 0.57225 x 0.96249 0.76209 0.98028 0.69749 x 0.76651 0.52393 0.63254 x 0.8735 0.62489 0.96715 x 0.54754 0.90944
0.82091 0.76772 0.58329 x 0.53253 0.90198 0.57437 0.51829 0.75448 x 0.51212 0.75776 0.54024 0.83388 x 0.84373 0.84971 0.95644 x x 0.74591 0.51472 0.61398 0.54247 0.93581 x x 0.59704 0.831 0.69754 x 0.65024 0.50005 0.90631 0.64075 0.57784 0.69214 0.58073 0.91663 0.76651 x 0.75753 0.74824 0.87041 0.97777 x 0.97493 0.93206 0.9277 0.92174
0.54538 x 0.80578 0.94863 x 0.63104 0.61646 0.71832 0.886 0.92845 0.84688 0.72374 0.70123 x 0.92412 0.68862 0.83191 0.78938 0.98393 x 0.51544 x 0.88647 0.81685 0.85319 0.75871 0.62273 0.55718 0.85204 0.76484 x x 0.65118 x 0.98816 x 0.60664 0.73022 0.79266 0.52393 0.75753 x 0.83273 x 0.57788 0.5201 x 0.69831 0.92514 0.5023
0.93306 0.91227 0.93311 0.5629 x 0.63764 x 0.89664 0.77523 0.8049 0.98263 0.69691 0.90351 0.51521 0.77072 0.92898 0.53495 x x 0.7574 0.61163 0.55968 0.83103 x x 0.96614 0.5874 0.57014 x 0.62136 0.6759 0.78817 0.98914 0.9842 0.57288 0.99309 x 0.90686 0.84256 0.63254 0.74824 0.83273 x 0.96009 0.97423 0.71174 0.82356 0.64963 0.9769 x
0.53888 0.96547 0.52797 0.88943 x 0.60694 0.86139 0.55886 0.69975 x 0.95432 0.69276 0.5529 0.79426 0.95297 0.65992 0.71603 0.69734 x 0.80605 0.89337 0.73283 0.70911 0.91142 0.69252 0.96942 0.68636 x 0.59431 x 0.83164 x 0.5158 0.65473 0.82081 0.78904 0.79304 0.52901 x x 0.87041 x 0.96009 x 0.87903 0.59604 x 0.66731 0.52941 0.56424
0.76216 0.76529 x 0.74398 0.59861 0.57536 0.60611 0.86299 0.99603 x x 0.96425 0.67275 0.97697 0.80578 0.58462 x 0.7438 0.96791 0.50907 0.51945 0.62283 0.74591 0.56903 0.51867 0.57126 0.50338 0.59573 x x x 0.57152 0.5966 0.87688 x 0.54792 0.58425 x 0.61107 0.8735 0.97777 0.57788 0.97423 0.87903 x 0.74322 0.57308 0.75565 0.66498 0.68749
0.63113 0.74037 0.545 0.69985 0.50226 0.77805 0.8993 0.76372 0.90714 0.89087 0.9937 0.9841 0.80406 0.90276 0.73058 0.64587 x 0.71501 0.60272 0.87558 0.90708 0.51448 0.79531 x x 0.65266 0.86958 0.62922 0.79629 x 0.92598 0.51234 0.75198 0.72397 0.951 x 0.79395 0.85598 0.74807 0.62489 x 0.5201 0.71174 0.59604 0.74322 x 0.51174 0.58237 0.51273 0.97212
x 0.775 0.53092 0.82343 0.62058 0.63785 0.94721 x 0.54329 0.82487 0.81476 0.59496 0.7036 x 0.84848 0.76344 0.80549 0.56975 0.79854 0.77442 0.75489 0.59819 x 0.82427 0.56323 0.51832 0.96045 0.93962 0.68558 0.77793 0.76202 0.60444 0.93466 0.72272 x x 0.76397 0.83929 0.78066 0.96715 0.97493 x 0.82356 x 0.57308 0.51174 x 0.70751 0.68103 0.80133
0.54416 x 0.58113 0.77097 0.78606 0.96199 0.79279 0.89006 0.70676 0.75576 x 0.57324 0.9709 x 0.53714 0.97404 0.85449 0.86142 0.53986 0.58812 0.59633 x 0.50517 0.78835 0.72405 x 0.64204 x 0.61117 x 0.87634 0.75457 0.58124 x 0.83274 0.87319 0.80496 0.80739 0.69746 x 0.93206 0.69831 0.64963 0.66731 0.75565 0.58237 0.70751 x 0.59859 0.50933
0.51758 0.63419 0.65408 0.68462 0.82902 x 0.93758 0.85284 x 0.96623 0.84478 0.50222 x 0.75705 x x x 0.85398 0.57194 0.79736 0.97582 x 0.80802 0.90592 0.52129 0.93335 0.79202 0.61819 0.85126 0.87712 0.69781 0.60067 0.59416 0.99984 0.88793 0.63996 x 0.72403 0.98751 0.54754 0.9277 0.92514 0.9769 0.52941 0.66498 0.51273 0.68103 0.59859 x 0.91599
0.76206 0.71242 0.69474 0.54439 0.71638 0.97114 x 0.50169 0.86091 0.50917 x 0.90304 0.74701 0.81397 0.98989 0.70048 0.98123 0.52303 0.93025 x 0.63995 0.63345 0.52019 0.54567 0.59036 0.7917 0.64427 0.97667 0.91839 x 0.93107 x 0.69325 0.72805 0.65723 0.94533 0.98601 0.77816 0.94457 0.90944 0.92174 0.5023 x 0.56424 0.68749 0.97212 0.80133 0.50933 0.91599 x