50
25
0 1 2 3 4 5 6 7 8 9 10 11 12 13 14 15 16 17 18 19 20 21 22 23 24 25 26 27 28 29 30 31 32 33 34 35 36 37 38 39 40 41 42 43 44 45 46 47 48 49
27 18 38 11 2 7 41 44 46 0 12 24 19 15 14 1 43 5 33 16 32 26 34 17 23
0
x x 0.54931 0.92693 0.99771 0.85412 0.60341 x 0.97431 0.67112 0.92671 0.95226 0.53983 0.54169 0.78611 0.80637 0.85361 0.83299 0.77364 0.94238 0.57052 0.77979 0.95876 0.65906 0.60499 0.5182 0.52875 0.92661 0.88018 0.85366 0.86261 0.79042 0.88009 x 0.99606 0.95926 0.87133 0.70244 0.8555 0.74739 0.69848 0.91876 0.68312 0.73124 x 0.89211 0.78937 0.69122 0.74247 0.92752
x x 0.92348 0.63564 0.84737 0.54437 0.63078 0.76514 0.58325 0.73738 0.64033 0.99205 0.53107 0.61539 0.58202 0.59358 0.59081 0.53204 0.88281 0.99028 0.5904 0.69968 0.93239 0.94985 0.72659 0.61155 0.89439 0.69903 0.98915 0.96192 0.76946 0.89929 0.82646 0.5738 0.79012 0.64769 0.54399 0.97105 0.50502 0.64731 0.7121 0.89778 0.65773 0.64548 0.67076 0.93186 0.66052 0.50567 0.65708 0.88883
0.54931 0.92348 x 0.91456 0.94712 0.74026 0.53621 0.96991 0.98655 0.52607 0.59596 0.73617 0.98019 0.79789 0.8251 0.61839 0.92488 0.87243 0.96825 0.90794 0.95251 0.91196 0.85344 0.579 0.85751 0.71155 0.53882 0.59682 0.51799 0.9435 0.79422 x 0.6886 0.87212 0.934 0.74737 0.76675 0.77117 0.61803 0.93218 0.92731 0.57151 0.67471 0.52463 0.58107 0.92125 0.84184 0.90818 0.9394 0.70953
0.92693 0.63564 0.91456 x 0.84362 0.94324 0.57603 x 0.73942 0.93432 0.86839 0.63284 0.9521 0.82346 0.72084 0.61282 0.85049 0.63447 0.95744 0.94769 0.641 0.52609 0.74368 0.78997 0.60391 0.85855 0.68701 0.72966 0.74047 0.80033 0.56343 0.5919 0.83404 0.95157 0.79937 0.70533 0.83691 0.54399 0.51571 0.99111 0.7397 0.73083 0.70151 0.79749 0.51115 0.83727 0.77335 0.67587 0.52389 0.89808
0.99771 0.84737 0.94712 0.84362 x 0.54323 0.68852 0.7417 0.73172 0.53966 0.98637 0.79184 0.95601 0.52075 0.99186 0.82769 0.84749 0.72088 0.70801 0.72972 0.50317 0.74657 x 0.88486 0.96581 0.67459 0.88226 0.92293 0.61564 0.66761 0.62429 0.85578 x 0.86298 0.83357 0.89547 0.81481 0.80244 0.98323 0.54426 0.74219 0.97089 0.72413 0.7555 0.93903 0.97038 0.94545 0.53396 0.86774 0.68553
0.85412 0.54437 0.74026 0.94324 0.54323 x 0.96592 0.56922 0.81852 0.59875 0.65035 0.92619 0.53232 0.54823 0.71156 0.86276 0.74694 0.79808 x 0.51832 0.60602 0.84015 0.82326 0.97831 0.71276 0.96379 0.71209 0.86631 0.9531 0.88216 0.88802 0.943 0.85147 0.55539 0.60343 0.57607 0.78476 0.99211 x 0.6854 0.57781 0.96851 0.54871 0.65364 0.92791 x 0.62881 0.65583 0.9562 0.91551
0.60341 0.63078 0.53621 0.57603 0.68852 0.96592 x 0.94019 0.89906 0.53535 0.52415 0.82366 0.77738 0.61992 0.66208 0.64514 x 0.95643 0.76353 0.76419 0.92466 0.5555 0.52252 0.76927 0.98219 0.82476 0.51417 0.81876 0.67364 0.6052 0.56527 0.95888 0.88704 0.99731 0.66167 0.82391 0.67264 0.74611 0.78646 0.60233 0.5668 0.51907 0.84174 0.50411 0.95312 0.75965 0.79758 0.84742 0.75606 0.57861
x 0.76514 0.96991 x 0.7417 0.56922 0.94019 x 0.53409 0.80782 0.61147 0.86518 0.69818 0.8227 0.72855 0.74616 0.69968 0.56827 0.76219 0.91793 0.57682 0.56615 0.50654 0.57066 0.53896 0.59293 0.59191 0.8868 0.86495 0.74062 0.75127 0.503 0.73974 0.97346 0.54948 0.58626 0.65504 0.89003 0.58527 0.55358 0.60765 0.87783 0.84853 x 0.93749 0.68935 0.98418 0.93864 0.6713 0.69913
0.97431 0.58325 0.98655 0.73942 0.73172 0.81852 0.89906 0.53409 x 0.83448 0.82281 0.94801 0.92032 0.93616 0.8768 0.80203 0.90212 0.79196 0.56985 0.78272 0.99761 0.58638 x 0.63406 0.96599 0.62145 0.97357 0.97651 0.97089 0.54703 0.66447 0.62665 0.94057 0.54378 x 0.58436 0.65367 0.97294 0.67233 0.5335 0.54679 0.9274 0.66634 0.61899 0.6694 0.95836 x 0.56428 0.77063 0.85162
0.67112 0.73738 0.52607 0.93432 0.53966 0.59875 0.53535 0.80782 0.83448 x 0.59052 0.90049 0.61441 x 0.6366 0.53515 0.87707 0.75773 0.67862 0.7757 0.61317 0.976 0.83524 0.71881 0.82507 0.76929 0.71454 0.95046 0.60796 x x 0.97565 0.67374 0.58426 0.84433 0.83827 0.89968 0.92962 0.78743 0.56259 0.69635 0.61884 0.67829 0.59959 0.69108 0.69517 0.96958 0.9725 0.70476 0.96177
0.92671 0.64033 0.59596 0.86839 0.98637 0.65035 0.52415 0.61147 0.82281 0.59052 x 0.99456 0.99859 0.98574 0.86715 0.85011 0.74542 0.97997 0.73414 0.829 0.58442 0.59055 0.75054 0.89815 0.7403 0.65484 0.70269 0.84611 0.81806 0.99761 0.81673 0.53298 0.87645 0.53576 0.88338 0.5443 0.68971 0.91329 0.5195 0.77796 0.60729 0.93498 0.9195 0.76352 0.54183 0.94404 0.74025 0.77228 0.76962 x
0.95226 0.99205 0.73617 0.63284 0.79184 0.92619 0.82366 0.86518 0.94801 0.90049 0.99456 x 0.701 0.96527 0.67001 0.62042 0.68004 0.5047 0.59073 0.50786 0.57634 x 0.66241 0.79764 0.64207 0.79717 0.5728 0.5208 0.97931 0.978 0.80001 0.77173 0.9796 0.72906 0.54652 x 0.98449 0.65388 0.78262 0.54827 0.97198 0.52832 0.74821 x 0.58043 0.99062 0.83631 0.84842 0.98749 0.52982
0.53983 0.53107 0.98019 0.9521 0.95601 0.53232 0.77738 0.69818 0.92032 0.61441 0.99859 0.701 x 0.74523 x 0.61159 0.73291 0.97564 0.788 0.68405 0.87649 0.98707 0.82946 0.98537 0.87381 0.78987 0.66256 0.63711 0.56989 0.64302 0.53023 0.91024 0.64975 0.51529 0.90587 0.69405 0.88262 0.79782 0.83844 0.58302 0.74319 0.79875 0.56354 0.80727 0.7891 0.99471 0.68275 0.81416 0.59653 0.52613
0.54169 0.61539 0.79789 0.82346 0.52075 0.54823 0.61992 0.8227 0.93616 x 0.98574 0.96527 0.74523 x 0.71327 0.97829 0.76419 0.81071 0.8317 0.85506 0.76735 0.59497 0.89032 0.94128 0.80935 0.92496 0.9628 0.56737 0.62718 0.5889 0.68107 0.83227 0.64964 0.84188 0.99991 0.52516 0.61645 0.78605 0.63709 0.63112 0.93762 0.50809 0.75665 0.90771 0.76101 0.83714 0.69208 0.79439 0.68497 0.54914
0.78611 0.58202 0.8251 0.72084 0.99186 0.71156 0.66208 0.72855 0.8768 0.6366 0.86715 0.67001 x 0.71327 x 0.79122 0.86486 0.77695 0.80263 0.84909 0.70419 0.71351 0.77277 0.68867 0.96946 x 0.98224 0.59369 0.75626 0.90274 x 0.56613 0.54205 0.66807 0.78388 0.61836 0.93131 0.99129 0.55567 0.54491 0.57175 0.90536 0.81131 0.54646 0.78006 0.86128 0.80348 0.67211 0.69753 0.97655
0.80637 0.59358 0.61839 0.61282 0.82769 0.86276 0.64514 0.74616 0.80203 0.53515 0.85011 0.62042 0.61159 0.97829 0.79122 x 0.83176 0.53806 x 0.98101 0.84809 0.83265 0.75713 x 0.76646 0.75598 x 0.97268 0.53163 0.98111 0.9784 0.91206 x 0.93842 0.91938 0.67322 0.75422 0.73672 0.57956 0.5918 0.80682 0.54507 x 0.91326 0.85635 0.87445 0.86388 0.86987 0.50303 0.77884
0.85361 0.59081 0.92488 0.85049 0.84749 0.74694 x 0.69968 0.90212 0.87707 0.74542 0.68004 0.73291 0.76419 0.86486 0.83176 x 0.99241 0.8011 0.58492 0.78647 0.72623 0.8742 0.74457 0.94005 0.92409 0.89246 0.88709 0.95084 x 0.8774 0.68314 0.5029 0.60691 0.73361 0.56706 x 0.68484 0.51595 0.58789 0.87665 0.72407 0.95454 0.85571 0.53337 0.64305 0.91717 0.81796 0.70672 0.96975
0.83299 0.53204 0.87243 0.63447 0.72088 0.79808 0.95643 0.56827 0.79196 0.75773 0.97997 0.5047 0.97564 0.81071 0.77695 0.53806 0.99241 x 0.9492 0.5954 0.61239 0.7044 0.72129 0.70861 0.8692 0.58726 0.88669 0.72229 0.81578 0.61153 0.98402 0.54616 0.72517 0.66426 0.79072 0.66876 x 0.94402 0.53514 0.63059 0.69317 0.60675 0.80982 0.97667 0.75303 0.79321 0.75129 x 0.57876 0.96052
0.77364 0.88281 0.96825 0.95744 0.70801 x 0.76353 0.76219 0.56985 0.67862 0.73414 0.59073 0.788 0.8317 0.80263 x 0.8011 0.9492 x 0.80621 0.78682 x 0.66797 0.53026 0.6381 0.88612 0.70449 0.66697 0.89444 0.52525 0.66965 0.89669 0.99522 0.87515 0.81996 0.68729 0.63986 0.62475 0.72184 0.89199 0.79528 0.81165 0.54412 0.97317 0.7622 0.7383 0.96554 0.89743 0.80807 0.7734
0.94238 0.99028 0.90794 0.94769 0.72972 0.51832 0.76419 0.91793 0.78272 0.7757 0.829 0.50786 0.68405 0.85506 0.84909 0.98101 0.58492 0.5954 0.80621 x 0.56191 0.74118 0.8243 0.96893 0.73032 0.67183 0.96088 0.78122 0.98954 0.74973 0.91611 0.88289 0.90693 0.53791 0.76445 0.56068 0.83881 0.9419 0.58711 0.62054 0.649 0.81667 0.98141 x 0.83817 x 0.55103 0.54879 0.97287 0.93
0.57052 0.5904 0.95251 0.641 0.50317 0.60602 0.92466 0.57682 0.99761 0.61317 0.58442 0.57634 0.87649 0.76735 0.70419 0.84809 0.78647 0.61239 0.78682 0.56191 x 0.51023 0.92138 0.83317 0.61281 0.82763 0.78599 0.96171 0.63727 0.69214 0.53934 0.50215 0.7883 0.93985 0.76586 0.80242 0.90984 0.88485 0.99225 0.98362 0.54548 0.59142 0.62514 0.73969 0.57965 0.92366 0.99973 0.58971 0.77523 0.65842
0.77979 0.69968 0.91196 0.52609 0.74657 0.84015 0.5555 0.56615 0.58638 0.976 0.59055 x 0.98707 0.59497 0.71351 0.83265 0.72623 0.7044 x 0.74118 0.51023 x 0.7924 0.89528 0.60442 0.59743 0.8926 0.77745 0.75024 0.96285 0.80027 0.99758 0.83174 0.65289 x 0.75017 0.65378 0.68645 0.8085 0.84535 0.72387 0.68152 0.77418 0.79646 0.60114 0.66744 0.70184 0.96907 0.92543 0.87465
0.95876 0.93239 0.85344 0.74368 x 0.82326 0.52252 0.50654 x 0.83524 0.75054 0.66241 0.82946 0.89032 0.77277 0.75713 0.8742 0.72129 0.66797 0.8243 0.92138 0.7924 x 0.63311 0.85085 0.80386 0.89973 0.94844 0.74411 0.81905 0.50346 0.75569 0.74907 0.79272 0.90413 0.86948 0.93737 0.51298 0.64102 0.92022 0.58199 0.90616 0.52306 x 0.96447 0.93981 0.8211 0.67893 0.58598 0.97124
0.65906 0.94985 0.579 0.78997 0.88486 0.97831 0.76927 0.57066 0.63406 0.71881 0.89815 0.79764 0.98537 0.94128 0.68867 x 0.74457 0.70861 0.53026 0.96893 0.83317 0.89528 0.63311 x x 0.53284 x 0.91113 0.62707 0.84327 0.55943 0.76952 0.8693 0.71094 0.59736 0.91422 0.85327 0.55068 0.64118 0.52032 0.72929 0.73585 0.87022 0.79975 0.7451 0.79606 0.81056 0.89638 0.62348 0.60793
0.60499 0.72659 0.85751 0.60391 0.96581 0.71276 0.98219 0.53896 0.96599 0.82507 0.7403 0.64207 0.87381 0.80935 0.96946 0.76646 0.94005 0.8692 0.6381 0.73032 0.61281 0.60442 0.85085 x x 0.78265 0.96705 0.54114 0.53547 0.69836 0.70641 0.64906 0.72781 x 0.75392 0.68809 0.93526 0.8893 0.78101 0.66871 0.60994 0.82358 0.97506 0.6084 0.58817 0.86641 x 0.61747 0.69359 0.646
0.5182 0.61155 0.71155 0.85855 0.67459 0.96379 0.82476 0.59293 0.62145 0.76929 0.65484 0.79717 0.78987 0.92496 x 0.75598 0.92409 0.58726 0.88612 0.67183 0.82763 0.59743 0.80386 0.53284 0.78265 x 0.9489 0.90084 0.69179 0.8289 0.64327 0.77667 0.71891 0.98345 0.87793 0.53516 0.8158 0.9319 0.61523 0.53328 0.5103 0.7304 0.84875 0.84042 0.52229 0.93486 0.59662 0.87077 0.82261 0.92758
0.52875 0.89439 0.53882 0.68701 0.88226 0.71209 0.51417 0.59191 0.97357 0.71454 0.70269 0.5728 0.66256 0.9628 0.98224 x 0.89246 0.88669 0.70449 0.96088 0.78599 0.8926 0.89973 x 0.96705 0.9489 x 0.59212 0.94592 0.81936 0.67603 0.84211 0.82009 0.98087 0.85998 0.79991 0.65503 0.62104 0.78327 x 0.73801 0.96233 0.8039 0.95213 0.74223 0.56635 0.65797 0.83397 0.59036 0.83059
0.92661 0.69903 0.59682 0.72966 0.92293 0.86631 0.81876 0.8868 0.97651 0.95046 0.84611 0.5208 0.63711 0.56737 0.59369 0.97268 0.88709 0.72229 0.66697 0.78122 0.96171 0.77745 0.94844 0.91113 0.54114 0.90084 0.59212 x 0.7171 0.77405 0.66544 0.68064 0.78528 0.72451 0.85124 0.90829 0.80766 0.56756 0.51596 0.65375 0.71511 0.62131 0.86829 0.92601 0.51981 x 0.85028 0.78989 0.73905 0.62948
0.88018 0.98915 0.51799 0.74047 0.61564 0.9531 0.67364 0.86495 0.97089 0.60796 0.81806 0.97931 0.56989 0.62718 0.75626 0.53163 0.95084 0.81578 0.89444 0.98954 0.63727 0.75024 0.74411 0.62707 0.53547 0.69179 0.94592 0.7171 x 0.62642 0.53161 x 0.87618 0.72468 0.85539 0.58301 0.74247 0.63414 0.82779 0.59552 0.81433 0.66031 0.80444 0.98709 0.95108 0.50386 0.87347 0.53383 0.51053 0.82051
0.85366 0.96192 0.9435 0.80033 0.66761 0.88216 0.6052 0.74062 0.54703 x 0.99761 0.978 0.64302 0.5889 0.90274 0.98111 x 0.61153 0.52525 0.74973 0.69214 0.96285 0.81905 0.84327 0.69836 0.8289 0.81936 0.77405 0.62642 x 0.55431 0.61001 0.54526 0.72276 0.72505 0.71581 0.52449 0.67834 0.62233 0.71939 0.95466 0.799 0.74908 0.743 0.50856 0.6242 0.8727 0.85103 0.6847 0.98624
0.86261 0.76946 0.79422 0.56343 0.62429 0.88802 0.56527 0.75127 0.66447 x 0.81673 0.80001 0.53023 0.68107 x 0.9784 0.8774 0.98402 0.66965 0.91611 0.53934 0.80027 0.50346 0.55943 0.70641 0.64327 0.67603 0.66544 0.53161 0.55431 x 0.50441 0.8789 0.81474 0.5519 x 0.5156 0.94231 0.50359 0.61278 0.72345 0.88078 0.7136 0.5072 0.95086 0.5518 0.59877 x x 0.9227
0.79042 0.89929 x 0.5919 0.85578 0.943 0.95888 0.503 0.62665 0.97565 0.53298 0.77173 0.91024 0.83227 0.56613 0.91206 0.68314 0.54616 0.89669 0.88289 0.50215 0.99758 0.75569 0.76952 0.64906 0.77667 0.84211 0.68064 x 0.61001 0.50441 x 0.55623 0.76069 0.57117 0.59321 0.69149 0.70326 0.9262 0.53579 0.92127 0.7427 0.58696 0.90075 0.91895 0.8554 0.64505 0.78781 0.8999 0.93896
0.88009 0.82646 0.6886 0.83404 x 0.85147 0.88704 0.73974 0.94057 0.67374 0.87645 0.9796 0.64975 0.64964 0.54205 x 0.5029 0.72517 0.99522 0.90693 0.7883 0.83174 0.74907 0.8693 0.72781 0.71891 0.82009 0.78528 0.87618 0.54526 0.8789 0.55623 x 0.66 0.93597 0.97878 0.64206 0.62921 0.61144 0.92868 0.87765 0.59733 0.71672 0.80098 0.94297 x 0.95695 0.60603 0.82605 0.84347
x 0.5738 0.87212 0.95157 0.86298 0.55539 0.99731 0.97346 0.54378 0.58426 0.53576 0.72906 0.51529 0.84188 0.66807 0.93842 0.60691 0.66426 0.87515 0.53791 0.93985 0.65289 0.79272 0.71094 x 0.98345 0.98087 0.72451 0.72468 0.72276 0.81474 0.76069 0.66 x 0.5094 0.52127 0.95467 0.55421 0.8865 0.83019 0.92819 0.89237 0.59194 0.98756 0.94309 0.94846 0.6606 0.87591 0.53006 0.64817
0.99606 0.79012 0.934 0.79937 0.83357 0.60343 0.66167 0.54948 x 0.84433 0.88338 0.54652 0.90587 0.99991 0.78388 0.91938 0.73361 0.79072 0.81996 0.76445 0.76586 x 0.90413 0.59736 0.75392 0.87793 0.85998 0.85124 0.85539 0.72505 0.5519 0.57117 0.93597 0.5094 x 0.7129 0.56647 0.61879 0.62228 0.60898 0.68494 0.99388 0.67953 0.64829 0.68854 0.99631 0.89019 0.54633 0.98519 0.86508
0.95926 0.64769 0.74737 0.70533 0.89547 0.57607 0.82391 0.58626 0.58436 0.83827 0.5443 x 0.69405 0.52516 0.61836 0.67322 0.56706 0.66876 0.68729 0.56068 0.80242 0.75017 0.86948 0.91422 0.68809 0.53516 0.79991 0.90829 0.58301 0.71581 x 0.59321 0.97878 0.52127 0.7129 x 0.90717 0.63013 0.96868 0.98205 0.85256 0.52646 0.90738 0.62762 0.77759 0.5552 0.51992 0.86498 0.81965 0.73496
0.87133 0.54399 0.76675 0.83691 0.81481 0.78476 0.67264 0.65504 0.65367 0.89968 0.68971 0.98449 0.88262 0.61645 0.93131 0.75422 x x 0.63986 0.83881 0.90984 0.65378 0.93737 0.85327 0.93526 0.8158 0.65503 0.80766 0.74247 0.52449 0.5156 0.69149 0.64206 0.95467 0.56647 0.90717 x 0.94451 0.71252 0.9256 0.65089 0.52406 0.9482 0.9924 0.94855 0.86883 0.52844 0.82845 0.83121 0.63342
0.70244 0.97105 0.77117 0.54399 0.80244 0.99211 0.74611 0.89003 0.97294 0.92962 0.91329 0.65388 0.79782 0.78605 0.99129 0.73672 0.68484 0.94402 0.62475 0.9419 0.88485 0.68645 0.51298 0.55068 0.8893 0.9319 0.62104 0.56756 0.63414 0.67834 0.94231 0.70326 0.62921 0.55421 0.61879 0.63013 0.94451 x 0.55432 0.70505 0.58623 0.57375 x 0.60681 0.71521 0.93138 0.78935 0.99469 0.80851 0.79361
0.8555 0.50502 0.61803 0.51571 0.98323 x 0.78646 0.58527 0.67233 0.78743 0.5195 0.78262 0.83844 0.63709 0.55567 0.57956 0.51595 0.53514 0.72184 0.58711 0.99225 0.8085 0.64102 0.64118 0.78101 0.61523 0.78327 0.51596 0.82779 0.62233 0.50359 0.9262 0.61144 0.8865 0.62228 0.96868 0.71252 0.55432 x 0.80283 0.71332 0.89345 0.94562 0.53904 0.86275 0.81865 0.64079 0.54937 0.82011 0.84173
0.74739 0.64731 0.93218 0.99111 0.54426 0.6854 0.60233 0.55358 0.5335 0.56259 0.77796 0.54827 0.58302 0.63112 0.54491 0.5918 0.58789 0.63059 0.89199 0.62054 0.98362 0.84535 0.92022 0.52032 0.66871 0.53328 x 0.65375 0.59552 0.71939 0.61278 0.53579 0.92868 0.83019 0.60898 0.98205 0.9256 0.70505 0.80283 x 0.91576 0.63939 0.85394 0.75379 0.75197 x 0.79761 0.52984 0.81691 0.53044
0.69848 0.7121 0.92731 0.7397 0.74219 0.57781 0.5668 0.60765 0.54679 0.69635 0.60729 0.97198 0.74319 0.93762 0.57175 0.80682 0.87665 0.69317 0.79528 0.649 0.54548 0.72387 0.58199 0.72929 0.60994 0.5103 0.73801 0.71511 0.81433 0.95466 0.72345 0.92127 0.87765 0.92819 0.68494 0.85256 0.65089 0.58623 0.71332 0.91576 x 0.62365 0.7172 0.88237 0.79727 0.99715 0.91688 0.85446 0.5624 0.56117
0.91876 0.89778 0.57151 0.73083 0.97089 0.96851 0.51907 0.87783 0.9274 0.61884 0.93498 0.52832 0.79875 0.50809 0.90536 0.54507 0.72407 0.60675 0.81165 0.81667 0.59142 0.68152 0.90616 0.73585 0.82358 0.7304 0.96233 0.62131 0.66031 0.799 0.88078 0.7427 0.59733 0.89237 0.99388 0.52646 0.52406 0.57375 0.89345 0.63939 0.62365 x 0.51191 0.53333 0.91371 0.90267 0.87838 0.84029 0.68986 0.85817
0.68312 0.65773 0.67471 0.70151 0.72413 0.54871 0.84174 0.84853 0.66634 0.67829 0.9195 0.74821 0.56354 0.75665 0.81131 x 0.95454 0.80982 0.54412 0.98141 0.62514 0.77418 0.52306 0.87022 0.97506 0.84875 0.8039 0.86829 0.80444 0.74908 0.7136 0.58696 0.71672 0.59194 0.67953 0.90738 0.9482 x 0.94562 0.85394 0.7172 0.51191 x 0.94299 0.99082 0.65429 0.59755 x 0.60247 x
0.73124 0.64548 0.52463 0.79749 0.7555 0.65364 0.50411 x 0.61899 0.59959 0.76352 x 0.80727 0.90771 0.54646 0.91326 0.85571 0.97667 0.97317 x 0.73969 0.79646 x 0.79975 0.6084 0.84042 0.95213 0.92601 0.98709 0.743 0.5072 0.90075 0.80098 0.98756 0.64829 0.62762 0.9924 0.60681 0.53904 0.75379 0.88237 0.53333 0.94299 x 0.84311 0.74093 0.93269 0.69409 0.56955 0.92989
x 0.67076 0.58107 0.51115 0.93903 0.92791 0.95312 0.93749 0.6694 0.69108 0.54183 0.58043 0.7891 0.76101 0.78006 0.85635 0.53337 0.75303 0.7622 0.83817 0.57965 0.60114 0.96447 0.7451 0.58817 0.52229 0.74223 0.51981 0.95108 0.50856 0.95086 0.91895 0.94297 0.94309 0.68854 0.77759 0.94855 0.71521 0.86275 0.75197 0.79727 0.91371 0.99082 0.84311 x 0.92467 0.75501 0.84259 0.84034 0.75887
0.89211 0.93186 0.92125 0.83727 0.97038 x 0.75965 0.68935 0.95836 0.69517 0.94404 0.99062 0.99471 0.83714 0.86128 0.87445 0.64305 0.79321 0.7383 x 0.92366 0.66744 0.93981 0.79606 0.86641 0.93486 0.56635 x 0.50386 0.6242 0.5518 0.8554 x 0.94846 0.99631 0.5552 0.86883 0.93138 0.81865 x 0.99715 0.90267 0.65429 0.74093 0.92467 x 0.52689 0.95218 0.82861 0.82388
0.78937 0.66052 0.84184 0.77335 0.94545 0.62881 0.79758 0.98418 x 0.96958 0.74025 0.83631 0.68275 0.69208 0.80348 0.86388 0.91717 0.75129 0.96554 0.55103 0.99973 0.70184 0.8211 0.81056 x 0.59662 0.65797 0.85028 0.87347 0.8727 0.59877 0.64505 0.95695 0.6606 0.89019 0.51992 0.52844 0.78935 0.64079 0.79761 0.91688 0.87838 0.59755 0.93269 0.75501 0.52689 x 0.50501 0.70054 0.69377
0.69122 0.50567 0.90818 0.67587 0.53396 0.65583 0.84742 0.93864 0.56428 0.9725 0.77228 0.84842 0.81416 0.79439 0.67211 0.86987 0.81796 x 0.89743 0.54879 0.58971 0.96907 0.67893 0.89638 0.61747 0.87077 0.83397 0.78989 0.53383 0.85103 x 0.78781 0.60603 0.87591 0.54633 0.86498 0.82845 0.99469 0.54937 0.52984 0.85446 0.84029 x 0.69409 0.84259 0.95218 0.50501 x 0.78726 0.78943
0.74247 0.65708 0.9394 0.52389 0.86774 0.9562 0.75606 0.6713 0.77063 0.70476 0.76962 0.98749 0.59653 0.68497 0.69753 0.50303 0.70672 0.57876 0.80807 0.97287 0.77523 0.92543 0.58598 0.62348 0.69359 0.82261 0.59036 0.73905 0.51053 0.6847 x 0.8999 0.82605 0.53006 0.98519 0.81965 0.83121 0.80851 0.82011 0.81691 0.5624 0.68986 0.60247 0.56955 0.84034 0.82861 0.70054 0.78726 x 0.65316
0.92752 0.88883 0.70953 0.89808 0.68553 0.91551 0.57861 0.69913 0.85162 0.96177 x 0.52982 0.52613 0.54914 0.97655 0.77884 0.96975 0.96052 0.7734 0.93 0.65842 0.87465 0.97124 0.60793 0.646 0.92758 0.83059 0.62948 0.82051 0.98624 0.9227 0.93896 0.84347 0.64817 0.86508 0.73496 0.63342 0.79361 0.84173 0.53044 0.56117 0.85817 x 0.92989 0.75887 0.82388 0.69377 0.78943 0.65316 x