50
25
0 1 2 3 4 5 6 7 8 9 10 11 12 13 14 15 16 17 18 19 20 21 22 23 24 25 26 27 28 29 30 31 32 33 34 35 36 37 38 39 40 41 42 43 44 45 46 47 48 49
27 20 36 14 32 46 2 4 6 33 9 48 47 23 39 21 12 17 37 13 28 18 30 24 22
0
x 0.8845 0.67199 0.83534 0.61337 0.82809 0.97538 0.85488 0.8838 0.76545 0.82719 0.54848 0.67533 0.95475 0.66397 0.66016 x 0.54006 0.82761 0.84204 0.90803 0.70182 0.90689 0.52169 0.87251 0.83785 0.95141 0.80861 0.52053 0.63053 0.66632 0.97513 0.98874 0.55592 0.97549 0.75461 0.79466 0.88155 x 0.66208 0.59756 0.97861 0.89264 0.77938 0.53885 0.66557 0.91065 0.59975 0.72619 0.62694
0.8845 x 0.6581 0.51631 0.51041 0.55666 0.8788 x 0.59203 0.83835 0.52807 0.80674 0.61999 0.61261 0.79193 0.7621 0.60472 0.52759 0.69707 0.93622 0.94305 0.87313 0.63434 0.74304 0.8914 0.94389 0.96061 0.51463 0.72374 0.59534 0.50935 0.87879 0.83769 0.75647 0.5975 0.54687 0.88051 0.74156 0.97437 0.50891 0.52984 0.67554 0.85355 0.66336 0.69041 0.53585 0.88605 0.62255 0.82945 0.76427
0.67199 0.6581 x 0.75845 0.54837 0.92217 0.69423 0.75221 0.97976 0.99984 0.79999 0.54015 0.67 0.56885 0.66084 0.95172 0.52414 0.53589 0.67423 0.66046 0.96711 0.76329 0.7044 0.99937 0.87911 0.78969 0.71432 0.99822 0.9798 0.80934 0.78071 0.58885 0.55235 0.55984 0.50501 0.6102 0.64253 0.76063 0.87921 0.99382 0.82708 0.74818 0.63949 0.73867 0.62932 0.51349 0.66829 0.73535 0.7606 0.88062
0.83534 0.51631 0.75845 x 0.66272 0.60938 0.56297 0.57027 0.69684 0.67935 x 0.6177 0.80248 0.92449 0.91269 0.64176 0.79725 0.71933 0.76972 0.73684 0.56411 0.76239 0.76236 0.63769 0.51488 0.7767 0.94101 0.98838 0.64004 0.66361 0.99756 0.64791 0.82274 x 0.6605 0.92166 0.91487 0.89872 0.68269 0.93802 0.95554 0.58366 0.79095 0.73959 0.9015 0.89372 0.70779 0.82104 0.78077 0.66498
0.61337 0.51041 0.54837 0.66272 x 0.70334 0.79242 0.65689 0.66786 0.93222 0.72292 0.5473 0.86476 0.85957 0.91641 0.75436 0.94746 x 0.86918 0.61886 0.78214 0.84484 0.85087 0.7045 0.87689 0.97788 0.70897 0.74178 0.84704 0.99949 0.8947 0.62632 0.80538 0.79957 0.94809 0.73591 0.59017 0.6034 0.61703 0.74549 0.83821 0.64242 0.8983 0.63705 0.61604 0.85549 0.67174 0.65752 0.9083 0.9965
0.82809 0.55666 0.92217 0.60938 0.70334 x 0.63398 0.70788 0.7411 0.9706 0.86744 0.56774 0.8716 0.63716 0.7778 0.6768 0.50274 0.77009 0.75676 0.91819 x 0.68128 0.57993 0.76422 0.70636 x 0.53853 0.62346 0.74222 0.67141 0.80144 0.54407 0.6179 0.89569 0.84922 0.59819 0.96394 0.92956 0.57038 0.80582 0.54744 0.7724 0.58665 0.88976 0.56863 0.95816 0.63196 0.89182 0.55546 0.85507
0.97538 0.8788 0.69423 0.56297 0.79242 0.63398 x 0.66295 0.94919 0.83598 0.59114 0.83566 0.66527 0.6779 0.82052 0.65575 0.61166 0.62664 0.65551 0.58721 0.64312 0.50819 x 0.84933 0.7787 0.63347 0.75241 0.73331 0.59627 0.58745 0.98301 0.98882 0.79891 0.66438 0.95866 0.65449 0.65285 0.527 0.51913 0.81638 0.76623 0.74708 0.94008 0.77074 0.68518 0.8369 0.99825 0.80684 0.76643 0.58029
0.85488 x 0.75221 0.57027 0.65689 0.70788 0.66295 x 0.95797 0.5554 0.53178 x 0.65909 0.84286 0.66445 0.65116 0.71539 0.90868 0.84826 0.75114 0.79968 0.86894 0.74799 0.95409 0.91143 0.78375 0.88919 0.74871 0.99774 0.96877 x 0.9483 0.74609 0.97047 0.63441 0.62439 0.9375 0.7971 0.70631 0.58885 0.65014 0.52015 0.9562 0.8667 0.92023 0.78199 0.55571 0.56789 0.83605 0.53075
0.8838 0.59203 0.97976 0.69684 0.66786 0.7411 0.94919 0.95797 x 0.50824 0.59241 0.60874 0.91779 0.53843 0.66723 0.87324 x 0.91407 0.75974 0.75049 0.99321 0.58365 0.50941 0.95169 0.57353 0.94422 x 0.7876 0.58946 0.74748 0.82071 0.92615 0.9374 0.82276 0.74576 0.65266 0.69299 0.76468 x 0.88618 0.52356 0.92427 0.75351 0.7072 0.92042 0.63379 0.69674 0.90926 0.67207 0.70312
0.76545 0.83835 0.99984 0.67935 0.93222 0.9706 0.83598 0.5554 0.50824 x 0.8514 0.76128 0.57377 0.8949 0.97725 0.57383 0.57664 0.71243 0.92784 0.7785 0.66588 0.72577 0.66339 0.51677 0.94462 0.80195 0.75538 0.53606 0.68936 0.57671 0.57049 0.52658 0.60599 0.82171 0.77694 0.56664 0.89124 x 0.97138 0.87412 0.91585 0.95406 0.51869 0.59452 0.91872 0.84962 0.9728 0.7139 0.58396 0.58743
0.82719 0.52807 0.79999 x 0.72292 0.86744 0.59114 0.53178 0.59241 0.8514 x 0.94698 0.81115 0.69382 0.93241 0.82805 0.68336 0.92912 0.6911 0.84246 0.67631 0.78932 0.62529 0.88728 0.88888 0.9138 0.71413 0.56337 0.8004 0.63547 0.81657 0.56527 0.66778 0.54828 0.71132 0.73267 0.69347 0.84389 0.6437 0.87462 0.75252 0.95535 0.66744 0.64649 0.79807 0.55524 0.7022 0.94533 0.60331 0.62846
0.54848 0.80674 0.54015 0.6177 0.5473 0.56774 0.83566 x 0.60874 0.76128 0.94698 x 0.51331 0.63139 0.9495 0.93036 0.56955 0.82502 0.70176 0.74457 0.88462 0.95725 0.62588 0.58924 0.52532 0.97017 0.86168 0.78686 0.53565 0.81774 0.63532 0.61968 0.6668 0.66913 0.91832 0.52249 0.51723 0.91058 0.72356 0.68133 0.97392 0.93281 0.64052 0.94112 0.53003 0.54146 0.69104 x 0.66117 0.5662
0.67533 0.61999 0.67 0.80248 0.86476 0.8716 0.66527 0.65909 0.91779 0.57377 0.81115 0.51331 x 0.74908 0.79041 0.60059 0.8823 0.64122 0.76287 0.75535 0.73553 0.92384 0.78537 0.94799 0.98912 0.68945 0.69241 0.79745 0.54944 0.51679 0.86353 0.82308 0.94327 0.68055 0.75815 0.85149 0.83849 0.87054 0.91593 0.90802 0.87532 0.69379 0.73341 0.76468 0.56881 0.5028 0.6033 0.90595 0.65642 0.81417
0.95475 0.61261 0.56885 0.92449 0.85957 0.63716 0.6779 0.84286 0.53843 0.8949 0.69382 0.63139 0.74908 x 0.66927 0.83396 0.66067 0.79805 0.8054 0.62183 0.86577 0.99229 0.93103 0.92603 0.67382 0.95355 0.59026 0.59449 0.98657 0.77678 0.59564 0.67114 0.9173 0.56869 0.6209 0.76393 0.93652 0.91107 0.76964 0.78202 0.63009 0.58333 0.728 x 0.93878 0.83534 0.90234 0.7584 0.79056 0.77544
0.66397 0.79193 0.66084 0.91269 0.91641 0.7778 0.82052 0.66445 0.66723 0.97725 0.93241 0.9495 0.79041 0.66927 x 0.70498 0.65955 0.9456 0.99314 0.79715 0.99956 0.90889 0.55482 0.8156 0.64603 x 0.58387 0.69279 0.62612 0.97813 0.89287 0.86927 0.89925 0.78238 0.70633 0.58027 0.59149 0.87219 0.65543 0.59031 0.58559 0.7945 0.8157 0.70616 0.53446 0.85808 0.77909 x 0.93335 x
0.66016 0.7621 0.95172 0.64176 0.75436 0.6768 0.65575 0.65116 0.87324 0.57383 0.82805 0.93036 0.60059 0.83396 0.70498 x 0.68526 0.79368 0.56591 0.67423 0.54914 0.964 0.86397 0.98902 0.52909 0.62645 x 0.52361 0.9755 0.67999 0.72835 x 0.98799 0.77906 x 0.84133 0.90327 0.88901 0.52943 0.63052 0.60673 0.55037 0.56949 0.71447 0.84901 0.74162 0.59812 0.85085 0.97251 0.70193
x 0.60472 0.52414 0.79725 0.94746 0.50274 0.61166 0.71539 x 0.57664 0.68336 0.56955 0.8823 0.66067 0.65955 0.68526 x 0.99744 0.5703 0.90965 0.81971 0.61032 0.96371 0.69022 0.67849 0.65144 0.63323 0.52558 0.95525 x 0.63451 0.64442 0.84693 0.56779 0.83735 0.86865 0.58413 0.53121 0.57075 0.94497 0.88252 0.60539 0.93233 0.85736 0.77735 0.79049 0.8236 0.69499 0.50888 0.9203
0.54006 0.52759 0.53589 0.71933 x 0.77009 0.62664 0.90868 0.91407 0.71243 0.92912 0.82502 0.64122 0.79805 0.9456 0.79368 0.99744 x 0.69445 0.68708 0.61727 0.84679 0.71552 x 0.95007 0.58651 0.76182 0.63935 0.95109 0.66461 0.61396 0.64873 0.56479 0.54849 0.98247 0.78982 0.73647 0.90652 0.77766 0.91374 0.53942 0.51363 0.56718 0.81446 0.79035 0.68155 0.66427 0.82007 0.8037 0.52559
0.82761 0.69707 0.67423 0.76972 0.86918 0.75676 0.65551 0.84826 0.75974 0.92784 0.6911 0.70176 0.76287 0.8054 0.99314 0.56591 0.5703 0.69445 x 0.94949 0.74069 0.51328 0.70209 0.81475 x 0.83193 0.51041 0.78371 0.87824 0.93428 x 0.72794 0.50153 0.90232 0.59111 0.85522 0.64899 0.7989 0.76675 0.52084 0.79415 0.89235 0.76367 0.6461 0.95789 0.6017 0.77157 0.66234 0.80291 0.54255
0.84204 0.93622 0.66046 0.73684 0.61886 0.91819 0.58721 0.75114 0.75049 0.7785 0.84246 0.74457 0.75535 0.62183 0.79715 0.67423 0.90965 0.68708 0.94949 x 0.90375 0.59863 0.6595 0.53845 x 0.84696 0.69349 0.52224 0.99112 0.73988 x 0.58619 0.72995 0.70671 0.90338 0.58397 0.79628 0.91711 0.85614 0.59993 0.53308 0.98553 0.71435 0.62943 0.98599 0.83372 0.86281 0.90908 0.70083 0.73916
0.90803 0.94305 0.96711 0.56411 0.78214 x 0.64312 0.79968 0.99321 0.66588 0.67631 0.88462 0.73553 0.86577 0.99956 0.54914 0.81971 0.61727 0.74069 0.90375 x 0.69367 0.50316 0.76589 0.96144 0.71414 0.5152 0.61048 0.52936 0.66218 0.51697 0.52607 0.77348 0.66733 x 0.71458 0.80291 0.8233 0.63364 x 0.89451 0.5957 0.87327 x 0.66883 0.62078 0.8897 0.87024 0.6635 0.50032
0.70182 0.87313 0.76329 0.76239 0.84484 0.68128 0.50819 0.86894 0.58365 0.72577 0.78932 0.95725 0.92384 0.99229 0.90889 0.964 0.61032 0.84679 0.51328 0.59863 0.69367 x 0.83319 0.78142 0.71514 x 0.93476 0.78739 0.89483 0.91112 0.51119 0.99844 0.96342 0.56515 0.54049 0.76829 0.89806 0.97202 0.64965 0.50984 0.86001 0.54293 0.93024 0.91101 0.64364 0.80225 0.98363 0.95581 0.51464 0.694
0.90689 0.63434 0.7044 0.76236 0.85087 0.57993 x 0.74799 0.50941 0.66339 0.62529 0.62588 0.78537 0.93103 0.55482 0.86397 0.96371 0.71552 0.70209 0.6595 0.50316 0.83319 x x 0.93319 0.82859 0.55828 0.60907 0.67 0.81227 0.65442 0.52584 0.91914 0.58852 0.94661 0.5837 0.64109 0.8442 0.65549 0.77127 0.96145 0.60124 x 0.57567 0.98178 0.88707 0.87029 x 0.89809 x
0.52169 0.74304 0.99937 0.63769 0.7045 0.76422 0.84933 0.95409 0.95169 0.51677 0.88728 0.58924 0.94799 0.92603 0.8156 0.98902 0.69022 x 0.81475 0.53845 0.76589 0.78142 x x 0.78645 0.79706 0.65687 0.8857 0.57187 0.81428 0.77745 0.52455 0.70499 0.68417 0.61903 0.85247 0.58749 0.95586 0.57862 0.99748 0.71457 0.98731 0.53655 0.69222 0.65646 0.72401 0.65041 0.71053 0.51022 0.81126
0.87251 0.8914 0.87911 0.51488 0.87689 0.70636 0.7787 0.91143 0.57353 0.94462 0.88888 0.52532 0.98912 0.67382 0.64603 0.52909 0.67849 0.95007 x x 0.96144 0.71514 0.93319 0.78645 x 0.7718 0.5213 0.56869 0.78817 0.71383 0.84827 0.53445 0.9632 0.72653 0.58335 0.77211 0.66454 0.82686 0.54819 0.97643 0.67496 0.7726 0.64745 0.6657 0.938 0.93431 0.73033 0.85085 0.54086 0.84089
0.83785 0.94389 0.78969 0.7767 0.97788 x 0.63347 0.78375 0.94422 0.80195 0.9138 0.97017 0.68945 0.95355 x 0.62645 0.65144 0.58651 0.83193 0.84696 0.71414 x 0.82859 0.79706 0.7718 x 0.65402 0.61685 0.73837 0.98839 0.77365 0.94729 0.57089 0.58207 0.98137 0.58223 0.62946 0.6105 0.57653 0.87661 x 0.99677 x x 0.82032 0.8025 0.61606 0.90861 0.7711 0.84221
0.95141 0.96061 0.71432 0.94101 0.70897 0.53853 0.75241 0.88919 x 0.75538 0.71413 0.86168 0.69241 0.59026 0.58387 x 0.63323 0.76182 0.51041 0.69349 0.5152 0.93476 0.55828 0.65687 0.5213 0.65402 x 0.85047 0.59592 0.51935 0.7236 0.92513 0.52703 0.68627 0.76764 0.70479 0.6407 0.95927 0.54413 0.85631 0.9401 0.86995 0.66712 0.74797 0.65051 0.51955 0.79352 0.91702 0.55743 0.65217
0.80861 0.51463 0.99822 0.98838 0.74178 0.62346 0.73331 0.74871 0.7876 0.53606 0.56337 0.78686 0.79745 0.59449 0.69279 0.52361 0.52558 0.63935 0.78371 0.52224 0.61048 0.78739 0.60907 0.8857 0.56869 0.61685 0.85047 x 0.80452 0.77357 0.7759 0.96347 x 0.72511 0.92413 0.66075 0.58272 0.98387 0.99942 x 0.84823 0.5653 0.89264 0.57072 0.88089 0.6654 0.73567 0.56531 0.78453 0.99375
0.52053 0.72374 0.9798 0.64004 0.84704 0.74222 0.59627 0.99774 0.58946 0.68936 0.8004 0.53565 0.54944 0.98657 0.62612 0.9755 0.95525 0.95109 0.87824 0.99112 0.52936 0.89483 0.67 0.57187 0.78817 0.73837 0.59592 0.80452 x 0.58021 0.88343 0.75742 0.96738 0.70773 0.81302 0.99276 0.64482 0.64908 0.69263 0.73219 0.94954 0.71077 0.69196 0.70208 x 0.89142 0.53859 0.89444 0.6569 0.79774
0.63053 0.59534 0.80934 0.66361 0.99949 0.67141 0.58745 0.96877 0.74748 0.57671 0.63547 0.81774 0.51679 0.77678 0.97813 0.67999 x 0.66461 0.93428 0.73988 0.66218 0.91112 0.81227 0.81428 0.71383 0.98839 0.51935 0.77357 0.58021 x 0.74753 0.53317 0.78642 0.56877 0.56522 0.89377 0.57302 0.9563 0.86152 0.94524 0.59028 x 0.58161 0.76115 0.71983 0.62824 0.60484 0.80796 0.52414 0.95183
0.66632 0.50935 0.78071 0.99756 0.8947 0.80144 0.98301 x 0.82071 0.57049 0.81657 0.63532 0.86353 0.59564 0.89287 0.72835 0.63451 0.61396 x x 0.51697 0.51119 0.65442 0.77745 0.84827 0.77365 0.7236 0.7759 0.88343 0.74753 x 0.62909 0.50509 0.65046 0.98017 0.68748 0.7292 0.84884 0.60916 0.54057 0.60258 0.5959 0.68024 0.76556 0.62167 0.80012 x 0.78595 0.785 x
0.97513 0.87879 0.58885 0.64791 0.62632 0.54407 0.98882 0.9483 0.92615 0.52658 0.56527 0.61968 0.82308 0.67114 0.86927 x 0.64442 0.64873 0.72794 0.58619 0.52607 0.99844 0.52584 0.52455 0.53445 0.94729 0.92513 0.96347 0.75742 0.53317 0.62909 x 0.97935 0.83223 0.63376 0.78207 x 0.67835 0.88739 0.54822 0.86966 0.57031 0.5568 0.58021 0.78465 0.79206 x x 0.78055 0.91999
0.98874 0.83769 0.55235 0.82274 0.80538 0.6179 0.79891 0.74609 0.9374 0.60599 0.66778 0.6668 0.94327 0.9173 0.89925 0.98799 0.84693 0.56479 0.50153 0.72995 0.77348 0.96342 0.91914 0.70499 0.9632 0.57089 0.52703 x 0.96738 0.78642 0.50509 0.97935 x 0.83362 0.97285 0.92252 0.71647 0.83609 0.53837 0.6619 0.73199 0.58834 0.97034 0.80256 0.85171 0.85995 0.84185 0.80288 0.93964 0.89671
0.55592 0.75647 0.55984 x 0.79957 0.89569 0.66438 0.97047 0.82276 0.82171 0.54828 0.66913 0.68055 0.56869 0.78238 0.77906 0.56779 0.54849 0.90232 0.70671 0.66733 0.56515 0.58852 0.68417 0.72653 0.58207 0.68627 0.72511 0.70773 0.56877 0.65046 0.83223 0.83362 x 0.87287 0.51106 x 0.65862 0.99007 0.59105 0.63236 0.79009 0.59418 0.73747 0.64883 0.9956 0.91384 0.63998 0.90229 0.816
0.97549 0.5975 0.50501 0.6605 0.94809 0.84922 0.95866 0.63441 0.74576 0.77694 0.71132 0.91832 0.75815 0.6209 0.70633 x 0.83735 0.98247 0.59111 0.90338 x 0.54049 0.94661 0.61903 0.58335 0.98137 0.76764 0.92413 0.81302 0.56522 0.98017 0.63376 0.97285 0.87287 x 0.56665 0.57182 0.75794 0.58712 0.72498 0.60297 0.50037 0.84425 0.84138 0.86763 0.79344 0.91805 0.86951 0.53186 0.84868
0.75461 0.54687 0.6102 0.92166 0.73591 0.59819 0.65449 0.62439 0.65266 0.56664 0.73267 0.52249 0.85149 0.76393 0.58027 0.84133 0.86865 0.78982 0.85522 0.58397 0.71458 0.76829 0.5837 0.85247 0.77211 0.58223 0.70479 0.66075 0.99276 0.89377 0.68748 0.78207 0.92252 0.51106 0.56665 x x 0.52249 0.77823 0.99575 0.979 0.90344 0.99441 0.97639 0.96082 0.56392 0.63576 0.92879 0.50864 0.72988
0.79466 0.88051 0.64253 0.91487 0.59017 0.96394 0.65285 0.9375 0.69299 0.89124 0.69347 0.51723 0.83849 0.93652 0.59149 0.90327 0.58413 0.73647 0.64899 0.79628 0.80291 0.89806 0.64109 0.58749 0.66454 0.62946 0.6407 0.58272 0.64482 0.57302 0.7292 x 0.71647 x 0.57182 x x 0.62472 x 0.6634 0.83883 0.79607 0.76939 0.8405 0.8002 0.78374 0.84402 0.54597 0.80331 0.51961
0.88155 0.74156 0.76063 0.89872 0.6034 0.92956 0.527 0.7971 0.76468 x 0.84389 0.91058 0.87054 0.91107 0.87219 0.88901 0.53121 0.90652 0.7989 0.91711 0.8233 0.97202 0.8442 0.95586 0.82686 0.6105 0.95927 0.98387 0.64908 0.9563 0.84884 0.67835 0.83609 0.65862 0.75794 0.52249 0.62472 x 0.96704 0.70491 0.76678 0.87388 0.79988 0.5785 0.54261 0.75046 0.9194 0.62228 0.85205 0.77933
x 0.97437 0.87921 0.68269 0.61703 0.57038 0.51913 0.70631 x 0.97138 0.6437 0.72356 0.91593 0.76964 0.65543 0.52943 0.57075 0.77766 0.76675 0.85614 0.63364 0.64965 0.65549 0.57862 0.54819 0.57653 0.54413 0.99942 0.69263 0.86152 0.60916 0.88739 0.53837 0.99007 0.58712 0.77823 x 0.96704 x 0.7151 0.9951 0.69031 0.75044 0.98403 0.50669 0.56135 x 0.81904 0.72707 0.64168
0.66208 0.50891 0.99382 0.93802 0.74549 0.80582 0.81638 0.58885 0.88618 0.87412 0.87462 0.68133 0.90802 0.78202 0.59031 0.63052 0.94497 0.91374 0.52084 0.59993 x 0.50984 0.77127 0.99748 0.97643 0.87661 0.85631 x 0.73219 0.94524 0.54057 0.54822 0.6619 0.59105 0.72498 0.99575 0.6634 0.70491 0.7151 x 0.50706 0.81391 0.76177 0.67367 0.9175 0.99234 0.58046 0.62313 0.75138 0.94551
0.59756 0.52984 0.82708 0.95554 0.83821 0.54744 0.76623 0.65014 0.52356 0.91585 0.75252 0.97392 0.87532 0.63009 0.58559 0.60673 0.88252 0.53942 0.79415 0.53308 0.89451 0.86001 0.96145 0.71457 0.67496 x 0.9401 0.84823 0.94954 0.59028 0.60258 0.86966 0.73199 0.63236 0.60297 0.979 0.83883 0.76678 0.9951 0.50706 x 0.80029 0.6763 0.78071 0.61834 x 0.59963 0.87085 0.57834 0.85272
0.97861 0.67554 0.74818 0.58366 0.64242 0.7724 0.74708 0.52015 0.92427 0.95406 0.95535 0.93281 0.69379 0.58333 0.7945 0.55037 0.60539 0.51363 0.89235 0.98553 0.5957 0.54293 0.60124 0.98731 0.7726 0.99677 0.86995 0.5653 0.71077 x 0.5959 0.57031 0.58834 0.79009 0.50037 0.90344 0.79607 0.87388 0.69031 0.81391 0.80029 x 0.71978 0.5821 0.93612 0.86226 0.87603 0.6256 0.98335 0.56801
0.89264 0.85355 0.63949 0.79095 0.8983 0.58665 0.94008 0.9562 0.75351 0.51869 0.66744 0.64052 0.73341 0.728 0.8157 0.56949 0.93233 0.56718 0.76367 0.71435 0.87327 0.93024 x 0.53655 0.64745 x 0.66712 0.89264 0.69196 0.58161 0.68024 0.5568 0.97034 0.59418 0.84425 0.99441 0.76939 0.79988 0.75044 0.76177 0.6763 0.71978 x 0.61643 0.70543 0.62438 0.99784 0.77462 0.73469 0.86857
0.77938 0.66336 0.73867 0.73959 0.63705 0.88976 0.77074 0.8667 0.7072 0.59452 0.64649 0.94112 0.76468 x 0.70616 0.71447 0.85736 0.81446 0.6461 0.62943 x 0.91101 0.57567 0.69222 0.6657 x 0.74797 0.57072 0.70208 0.76115 0.76556 0.58021 0.80256 0.73747 0.84138 0.97639 0.8405 0.5785 0.98403 0.67367 0.78071 0.5821 0.61643 x 0.64716 0.66806 0.64392 0.91324 x 0.991
0.53885 0.69041 0.62932 0.9015 0.61604 0.56863 0.68518 0.92023 0.92042 0.91872 0.79807 0.53003 0.56881 0.93878 0.53446 0.84901 0.77735 0.79035 0.95789 0.98599 0.66883 0.64364 0.98178 0.65646 0.938 0.82032 0.65051 0.88089 x 0.71983 0.62167 0.78465 0.85171 0.64883 0.86763 0.96082 0.8002 0.54261 0.50669 0.9175 0.61834 0.93612 0.70543 0.64716 x 0.74844 0.94832 0.82288 0.55238 0.92824
0.66557 0.53585 0.51349 0.89372 0.85549 0.95816 0.8369 0.78199 0.63379 0.84962 0.55524 0.54146 0.5028 0.83534 0.85808 0.74162 0.79049 0.68155 0.6017 0.83372 0.62078 0.80225 0.88707 0.72401 0.93431 0.8025 0.51955 0.6654 0.89142 0.62824 0.80012 0.79206 0.85995 0.9956 0.79344 0.56392 0.78374 0.75046 0.56135 0.99234 x 0.86226 0.62438 0.66806 0.74844 x 0.8796 0.67739 0.88128 0.55234
0.91065 0.88605 0.66829 0.70779 0.67174 0.63196 0.99825 0.55571 0.69674 0.9728 0.7022 0.69104 0.6033 0.90234 0.77909 0.59812 0.8236 0.66427 0.77157 0.86281 0.8897 0.98363 0.87029 0.65041 0.73033 0.61606 0.79352 0.73567 0.53859 0.60484 x x 0.84185 0.91384 0.91805 0.63576 0.84402 0.9194 x 0.58046 0.59963 0.87603 0.99784 0.64392 0.94832 0.8796 x 0.81893 0.93437 0.90176
0.59975 0.62255 0.73535 0.82104 0.65752 0.89182 0.80684 0.56789 0.90926 0.7139 0.94533 x 0.90595 0.7584 x 0.85085 0.69499 0.82007 0.66234 0.90908 0.87024 0.95581 x 0.71053 0.85085 0.90861 0.91702 0.56531 0.89444 0.80796 0.78595 x 0.80288 0.63998 0.86951 0.92879 0.54597 0.62228 0.81904 0.62313 0.87085 0.6256 0.77462 0.91324 0.82288 0.67739 0.81893 x 0.55407 0.81139
0.72619 0.82945 0.7606 0.78077 0.9083 0.55546 0.76643 0.83605 0.67207 0.58396 0.60331 0.66117 0.65642 0.79056 0.93335 0.97251 0.50888 0.8037 0.80291 0.70083 0.6635 0.51464 0.89809 0.51022 0.54086 0.7711 0.55743 0.78453 0.6569 0.52414 0.785 0.78055 0.93964 0.90229 0.53186 0.50864 0.80331 0.85205 0.72707 0.75138 0.57834 0.98335 0.73469 x 0.55238 0.88128 0.93437 0.55407 x 0.81494
0.62694 0.76427 0.88062 0.66498 0.9965 0.85507 0.58029 0.53075 0.70312 0.58743 0.62846 0.5662 0.81417 0.77544 x 0.70193 0.9203 0.52559 0.54255 0.73916 0.50032 0.694 x 0.81126 0.84089 0.84221 0.65217 0.99375 0.79774 0.95183 x 0.91999 0.89671 0.816 0.84868 0.72988 0.51961 0.77933 0.64168 0.94551 0.85272 0.56801 0.86857 0.991 0.92824 0.55234 0.90176 0.81139 0.81494 x