50
25
0 1 2 3 4 5 6 7 8 9 10 11 12 13 14 15 16 17 18 19 20 21 22 23 24 25 26 27 28 29 30 31 32 33 34 35 36 37 38 39 40 41 42 43 44 45 46 47 48 49
9 14 5 30 25 23 38 40 2 7 49 32 21 6 22 31 29 0 18 28 37 16 42 13 19
0
x 0.59008 0.61937 0.8213 0.66593 0.64589 0.59241 0.71793 0.78314 0.79999 0.95605 0.86993 x 0.56821 0.63835 0.9453 0.56192 x 0.50494 0.98112 0.67663 0.8517 0.82082 x 0.5791 x x 0.82804 0.55796 0.93693 0.57977 0.50972 x 0.96172 x 0.53356 x x 0.71871 0.56949 0.5946 x 0.89051 x x 0.84154 0.69472 0.86221 0.52399 0.80886
0.59008 x 0.67604 0.77138 0.62379 0.53059 x x 0.87188 0.5644 x 0.61419 0.66091 0.52025 x 0.98688 x x 0.67805 0.69761 x x 0.92368 x 0.51218 0.55373 0.79052 0.66791 0.62378 0.82512 x x x 0.54042 x 0.51967 0.84093 x 0.98268 0.86861 0.96255 0.59848 0.95983 0.58194 x x 0.64176 x 0.63159 0.89817
0.61937 0.67604 x 0.77808 0.99796 x 0.60488 x x 0.62888 0.67098 x 0.55695 0.6958 0.61164 0.52607 x x 0.68584 0.68174 0.94422 0.79307 x 0.62577 0.81246 x 0.57659 0.64475 0.91035 0.70333 0.64262 0.9651 x 0.71211 0.83136 0.76389 0.6974 0.93295 0.68817 0.64926 0.88398 0.61076 0.71044 0.69929 0.65106 0.62629 0.61524 0.8694 0.92699 x
0.8213 0.77138 0.77808 x 0.83863 0.78088 0.72181 0.92264 0.73136 0.8689 0.70383 0.70874 0.97236 x 0.59562 0.53505 0.84514 x 0.62927 0.54796 0.65833 0.86213 0.65559 0.82871 0.59387 0.65962 0.79252 0.90603 0.62621 0.91965 0.65163 0.85758 0.94914 0.7097 0.8117 0.92514 0.85059 0.57317 0.84066 0.80083 0.85523 0.70313 0.86022 0.75112 0.60283 0.56914 0.59975 0.69013 0.88735 0.82047
0.66593 0.62379 0.99796 0.83863 x 0.82263 0.78559 0.74294 x 0.98422 x 0.60233 0.62607 0.76538 0.7287 0.77782 0.82632 0.91354 x x 0.93583 0.94236 0.55672 0.97107 x 0.73616 0.70995 0.98024 x 0.85648 0.6457 0.80033 0.99113 0.67998 0.57374 0.65012 0.80205 0.67669 x 0.70484 0.5174 0.62173 0.76482 0.60529 x x x x 0.96401 0.57799
0.64589 0.53059 x 0.78088 0.82263 x 0.99855 0.92575 0.70096 0.55486 x 0.84703 0.88847 0.91988 0.64762 x 0.91497 x 0.89238 0.7938 x 0.57417 0.76496 0.76507 0.63031 0.96561 0.95652 0.99302 0.97946 0.54103 0.54809 0.52677 0.77697 x 0.71162 0.73959 0.9299 0.61897 0.94013 0.91098 0.60254 x x x 0.57301 0.51438 0.64323 x 0.53181 0.86197
0.59241 x 0.60488 0.72181 0.78559 0.99855 x 0.99222 0.56778 x 0.67775 x 0.96219 0.80848 x 0.75227 0.96549 0.95843 0.62597 0.57633 0.52058 0.92452 0.70825 0.86228 0.69013 0.82566 0.97478 0.90336 0.61282 0.58334 0.61491 0.83971 x x 0.71964 0.8359 x 0.88777 0.99359 0.9952 0.87093 0.66386 0.60875 0.66139 x 0.50168 0.77044 x 0.81056 0.5082
0.71793 x x 0.92264 0.74294 0.92575 0.99222 x 0.75958 0.63492 0.97121 0.87553 0.88112 0.79085 0.77743 0.84274 0.63298 0.65231 0.89467 0.73142 0.74751 0.98693 0.92411 0.65646 x x 0.93337 0.51558 0.50744 x x 0.74903 0.58651 0.82812 0.55228 0.85183 0.59587 0.92758 0.73124 0.74711 0.83307 0.6172 0.5039 0.68349 0.6362 0.60506 0.77891 x 0.90866 0.93823
0.78314 0.87188 x 0.73136 x 0.70096 0.56778 0.75958 x 0.94211 0.51544 0.68332 0.96714 0.63008 0.66076 0.57212 x 0.71816 0.50474 0.77461 0.64141 0.56353 x 0.86478 0.8042 0.95609 0.77008 x 0.90963 0.77914 0.98494 x 0.74625 0.58588 0.60125 0.84519 0.6628 0.67925 0.64778 0.71743 0.84825 0.87236 0.6447 0.52887 0.65143 0.83116 x 0.86135 x x
0.79999 0.5644 0.62888 0.8689 0.98422 0.55486 x 0.63492 0.94211 x 0.90675 0.91634 0.51761 x 0.85594 x 0.66019 0.79649 0.85311 x 0.5023 0.86336 0.73203 0.84032 0.82336 0.62275 0.85531 0.51514 0.72155 0.79914 0.80935 0.81728 0.94456 0.5203 0.83282 x 0.69788 0.93674 0.88852 0.53228 0.93002 0.63138 0.73207 0.65298 0.9058 0.54862 0.56788 0.87269 0.84221 0.78168
0.95605 x 0.67098 0.70383 x x 0.67775 0.97121 0.51544 0.90675 x 0.6331 0.65272 0.55387 0.6028 x 0.67317 0.78993 0.92523 0.58918 0.56896 0.71508 0.97189 0.85331 0.5086 0.89332 0.79029 0.61586 0.69781 0.54718 x 0.59754 0.89512 0.64399 0.78163 0.98857 0.70095 0.53257 x 0.8177 0.86499 0.88057 x 0.61756 0.55688 0.77467 0.81895 0.76568 0.79383 0.74999
0.86993 0.61419 x 0.70874 0.60233 0.84703 x 0.87553 0.68332 0.91634 0.6331 x 0.91003 0.6768 0.78345 0.58216 0.69137 0.51065 0.59379 x 0.91744 0.61832 x 0.92246 0.73176 x 0.74959 0.97133 0.8618 x 0.55816 0.94984 0.52962 x 0.6889 0.79257 x 0.84684 0.82359 0.99611 x 0.53557 0.78534 0.50762 0.64282 0.68205 0.99406 0.9176 0.53809 x
x 0.66091 0.55695 0.97236 0.62607 0.88847 0.96219 0.88112 0.96714 0.51761 0.65272 0.91003 x x x 0.837 0.76498 0.68589 0.59953 0.68844 0.95244 0.60191 0.88298 0.57163 0.72831 0.72382 0.97401 0.72562 0.75914 0.86671 0.93017 x x 0.77104 0.60101 x 0.91603 0.98835 0.68336 0.89289 0.94921 0.5736 x 0.56009 0.59544 0.89522 0.82432 0.84571 0.5015 0.92309
0.56821 0.52025 0.6958 x 0.76538 0.91988 0.80848 0.79085 0.63008 x 0.55387 0.6768 x x 0.64616 0.94642 0.79164 x 0.89409 0.62275 0.81048 0.50171 0.81141 0.64964 0.68194 0.68146 x 0.63784 0.92898 0.82694 0.91058 0.87252 0.61337 0.82501 x 0.72181 0.99494 0.6279 0.97421 0.62242 x 0.61102 0.72193 0.76606 0.81773 x 0.55294 0.85634 x 0.72442
0.63835 x 0.61164 0.59562 0.7287 0.64762 x 0.77743 0.66076 0.85594 0.6028 0.78345 x 0.64616 x 0.55399 0.57338 0.9976 0.96083 0.69043 0.88161 0.84123 x 0.75065 0.97996 0.9841 0.5748 0.95589 0.61509 0.91019 x 0.52959 0.59437 0.50619 0.62461 0.54637 0.65076 0.82616 0.98765 x 0.74477 0.89606 0.98204 x x 0.68342 x x 0.57852 0.60155
0.9453 0.98688 0.52607 0.53505 0.77782 x 0.75227 0.84274 0.57212 x x 0.58216 0.837 0.94642 0.55399 x 0.53522 0.56987 0.57076 0.57786 0.92618 0.94378 0.69401 0.92506 0.98358 0.62689 0.60124 0.71598 0.81922 0.6929 0.92232 0.65618 0.64492 0.94985 0.7809 0.50887 0.7329 0.87765 0.68994 0.80674 0.70921 0.82521 x 0.78829 0.53691 x 0.78235 0.75311 x 0.60472
0.56192 x x 0.84514 0.82632 0.91497 0.96549 0.63298 x 0.66019 0.67317 0.69137 0.76498 0.79164 0.57338 0.53522 x 0.74364 x x 0.774 0.63053 x 0.64717 0.76994 0.5744 0.84649 0.82922 0.7019 0.59543 0.91949 0.60564 0.9778 0.59592 0.5147 x 0.55918 0.86167 0.57341 x 0.66821 x 0.91845 0.86829 0.85812 0.77657 x 0.97837 0.65673 0.68264
x x x x 0.91354 x 0.95843 0.65231 0.71816 0.79649 0.78993 0.51065 0.68589 x 0.9976 0.56987 0.74364 x 0.57888 0.89174 x 0.51572 0.96363 0.97114 0.50281 0.70288 x x 0.69846 0.71934 x x 0.58554 0.86225 0.98024 x 0.56596 0.84988 0.83277 0.9161 0.72077 0.85178 0.93122 0.87936 0.82744 0.7232 x 0.61283 0.95926 0.68406
0.50494 0.67805 0.68584 0.62927 x 0.89238 0.62597 0.89467 0.50474 0.85311 0.92523 0.59379 0.59953 0.89409 0.96083 0.57076 x 0.57888 x x 0.86792 0.65904 0.76739 0.77653 0.68544 0.86459 0.72786 0.64964 0.91723 0.69559 0.60613 x 0.7897 x 0.57965 0.95334 0.50975 x 0.85533 0.82812 0.69571 0.57238 0.71616 0.55284 0.84047 0.67816 0.80597 0.8352 0.84208 0.90772
0.98112 0.69761 0.68174 0.54796 x 0.7938 0.57633 0.73142 0.77461 x 0.58918 x 0.68844 0.62275 0.69043 0.57786 x 0.89174 x x 0.8654 0.85634 0.89269 0.53927 0.6007 0.95478 0.99219 x 0.83866 0.76257 x 0.61424 0.52837 0.90746 0.69983 x x x 0.99115 0.83021 x 0.94349 0.92101 0.58898 x 0.83228 x x 0.56184 0.50415
0.67663 x 0.94422 0.65833 0.93583 x 0.52058 0.74751 0.64141 0.5023 0.56896 0.91744 0.95244 0.81048 0.88161 0.92618 0.774 x 0.86792 0.8654 x 0.78307 0.5648 0.50361 x 0.72243 0.73255 0.82256 0.81414 x 0.9938 x 0.96727 0.59715 0.62806 x 0.97828 0.96512 0.60806 0.89335 0.90644 x 0.63159 x 0.79867 0.63363 0.88865 0.8699 0.6632 0.62925
0.8517 x 0.79307 0.86213 0.94236 0.57417 0.92452 0.98693 0.56353 0.86336 0.71508 0.61832 0.60191 0.50171 0.84123 0.94378 0.63053 0.51572 0.65904 0.85634 0.78307 x 0.99923 x x 0.97356 0.80893 0.55323 0.90607 0.77336 0.77119 0.71707 0.85056 0.69236 x 0.65749 x 0.54416 0.72349 0.57824 x 0.6404 0.7917 x 0.83146 0.71655 x x 0.76358 0.60385
0.82082 0.92368 x 0.65559 0.55672 0.76496 0.70825 0.92411 x 0.73203 0.97189 x 0.88298 0.81141 x 0.69401 x 0.96363 0.76739 0.89269 0.5648 0.99923 x 0.84687 0.67095 x 0.91234 0.61181 0.74821 0.66979 0.9687 0.81363 0.87092 0.81716 x 0.87877 x 0.72367 0.98517 0.97238 0.79751 0.83727 0.9765 0.75195 0.94907 0.50195 0.71388 0.56364 0.83055 x
x x 0.62577 0.82871 0.97107 0.76507 0.86228 0.65646 0.86478 0.84032 0.85331 0.92246 0.57163 0.64964 0.75065 0.92506 0.64717 0.97114 0.77653 0.53927 0.50361 x 0.84687 x 0.6426 0.55174 x 0.83724 0.71351 0.61216 0.59139 0.89581 x x 0.72121 0.88016 0.90258 0.52718 0.70338 x x 0.73952 0.737 0.56883 0.73597 0.54109 0.63225 0.52643 0.7422 x
0.5791 0.51218 0.81246 0.59387 x 0.63031 0.69013 x 0.8042 0.82336 0.5086 0.73176 0.72831 0.68194 0.97996 0.98358 0.76994 0.50281 0.68544 0.6007 x x 0.67095 0.6426 x 0.74425 0.91622 0.52456 0.55728 0.5796 0.53832 0.61197 0.51663 0.80519 x x 0.71842 0.91782 x 0.80022 0.81956 0.97392 0.90673 0.5062 0.65589 0.9167 x x x 0.73455
x 0.55373 x 0.65962 0.73616 0.96561 0.82566 x 0.95609 0.62275 0.89332 x 0.72382 0.68146 0.9841 0.62689 0.5744 0.70288 0.86459 0.95478 0.72243 0.97356 x 0.55174 0.74425 x 0.66635 x 0.72481 x 0.60677 0.76203 0.95029 0.60224 x 0.95805 0.74347 0.82705 0.7697 0.96691 x 0.94153 0.71038 0.67735 0.53152 0.56762 0.80249 0.58992 0.55608 0.5513
x 0.79052 0.57659 0.79252 0.70995 0.95652 0.97478 0.93337 0.77008 0.85531 0.79029 0.74959 0.97401 x 0.5748 0.60124 0.84649 x 0.72786 0.99219 0.73255 0.80893 0.91234 x 0.91622 0.66635 x 0.93016 0.75711 0.97476 x 0.82438 0.60627 0.95658 x 0.8719 x 0.56532 x x 0.79765 x 0.8891 0.56989 0.76221 x 0.63188 0.68654 0.92578 0.6165
0.82804 0.66791 0.64475 0.90603 0.98024 0.99302 0.90336 0.51558 x 0.51514 0.61586 0.97133 0.72562 0.63784 0.95589 0.71598 0.82922 x 0.64964 x 0.82256 0.55323 0.61181 0.83724 0.52456 x 0.93016 x 0.65126 0.87963 0.66441 0.91651 0.92307 0.72333 x 0.92887 0.65607 0.85358 0.91996 0.53719 0.63377 0.96053 x 0.86054 x 0.73265 0.60155 0.86415 0.71967 0.891
0.55796 0.62378 0.91035 0.62621 x 0.97946 0.61282 0.50744 0.90963 0.72155 0.69781 0.8618 0.75914 0.92898 0.61509 0.81922 0.7019 0.69846 0.91723 0.83866 0.81414 0.90607 0.74821 0.71351 0.55728 0.72481 0.75711 0.65126 x x x 0.51809 0.73308 0.91676 x 0.77864 x 0.60062 0.63406 0.84325 x 0.74208 0.52932 0.9762 x 0.73754 x 0.9113 x 0.95959
0.93693 0.82512 0.70333 0.91965 0.85648 0.54103 0.58334 x 0.77914 0.79914 0.54718 x 0.86671 0.82694 0.91019 0.6929 0.59543 0.71934 0.69559 0.76257 x 0.77336 0.66979 0.61216 0.5796 x 0.97476 0.87963 x x 0.95931 0.81877 0.94509 0.55178 0.70383 x 0.57729 x 0.76576 0.59528 0.51775 0.72256 x 0.68959 0.61965 0.9573 x 0.73985 0.55724 0.65813
0.57977 x 0.64262 0.65163 0.6457 0.54809 0.61491 x 0.98494 0.80935 x 0.55816 0.93017 0.91058 x 0.92232 0.91949 x 0.60613 x 0.9938 0.77119 0.9687 0.59139 0.53832 0.60677 x 0.66441 x 0.95931 x 0.569 0.87232 0.98806 x x 0.89811 0.88536 0.66219 0.86388 0.74385 0.83966 0.58096 0.60165 0.72442 0.96471 x 0.90287 0.57351 0.98454
0.50972 x 0.9651 0.85758 0.80033 0.52677 0.83971 0.74903 x 0.81728 0.59754 0.94984 x 0.87252 0.52959 0.65618 0.60564 x x 0.61424 x 0.71707 0.81363 0.89581 0.61197 0.76203 0.82438 0.91651 0.51809 0.81877 0.569 x 0.94389 0.57887 0.68324 0.81928 0.71315 0.79341 0.51066 0.96738 x 0.95605 0.98952 0.75393 0.92775 0.62465 x 0.57624 0.95739 0.99186
x x x 0.94914 0.99113 0.77697 x 0.58651 0.74625 0.94456 0.89512 0.52962 x 0.61337 0.59437 0.64492 0.9778 0.58554 0.7897 0.52837 0.96727 0.85056 0.87092 x 0.51663 0.95029 0.60627 0.92307 0.73308 0.94509 0.87232 0.94389 x 0.93602 x 0.83516 0.72462 0.78413 0.61819 0.9769 x x 0.58901 0.71652 0.68821 x 0.59505 0.98572 x 0.83522
0.96172 0.54042 0.71211 0.7097 0.67998 x x 0.82812 0.58588 0.5203 0.64399 x 0.77104 0.82501 0.50619 0.94985 0.59592 0.86225 x 0.90746 0.59715 0.69236 0.81716 x 0.80519 0.60224 0.95658 0.72333 0.91676 0.55178 0.98806 0.57887 0.93602 x x 0.70391 0.93044 0.6414 0.88682 0.68682 0.79443 0.74265 0.50366 0.77995 0.9566 0.59329 0.92999 0.64905 0.85038 x
x x 0.83136 0.8117 0.57374 0.71162 0.71964 0.55228 0.60125 0.83282 0.78163 0.6889 0.60101 x 0.62461 0.7809 0.5147 0.98024 0.57965 0.69983 0.62806 x x 0.72121 x x x x x 0.70383 x 0.68324 x x x 0.63868 0.67713 0.93755 0.90347 0.84732 0.95296 0.5052 x x 0.64655 0.57649 0.50741 0.92788 0.87766 x
0.53356 0.51967 0.76389 0.92514 0.65012 0.73959 0.8359 0.85183 0.84519 x 0.98857 0.79257 x 0.72181 0.54637 0.50887 x x 0.95334 x x 0.65749 0.87877 0.88016 x 0.95805 0.8719 0.92887 0.77864 x x 0.81928 0.83516 0.70391 0.63868 x 0.75068 0.75912 0.63892 0.98599 0.61894 0.60536 x 0.63129 0.91791 x 0.70449 0.8507 0.67143 0.65692
x 0.84093 0.6974 0.85059 0.80205 0.9299 x 0.59587 0.6628 0.69788 0.70095 x 0.91603 0.99494 0.65076 0.7329 0.55918 0.56596 0.50975 x 0.97828 x x 0.90258 0.71842 0.74347 x 0.65607 x 0.57729 0.89811 0.71315 0.72462 0.93044 0.67713 0.75068 x x 0.56287 0.56338 0.61915 0.70569 x 0.51285 0.50486 0.96502 0.60474 0.65045 0.74521 x
x x 0.93295 0.57317 0.67669 0.61897 0.88777 0.92758 0.67925 0.93674 0.53257 0.84684 0.98835 0.6279 0.82616 0.87765 0.86167 0.84988 x x 0.96512 0.54416 0.72367 0.52718 0.91782 0.82705 0.56532 0.85358 0.60062 x 0.88536 0.79341 0.78413 0.6414 0.93755 0.75912 x x 0.52866 x 0.52854 0.84496 0.74772 0.68551 0.52372 0.64681 0.50008 0.52873 x x
0.71871 0.98268 0.68817 0.84066 x 0.94013 0.99359 0.73124 0.64778 0.88852 x 0.82359 0.68336 0.97421 0.98765 0.68994 0.57341 0.83277 0.85533 0.99115 0.60806 0.72349 0.98517 0.70338 x 0.7697 x 0.91996 0.63406 0.76576 0.66219 0.51066 0.61819 0.88682 0.90347 0.63892 0.56287 0.52866 x 0.62192 0.54634 x x 0.75495 0.80226 x 0.7234 x 0.76083 0.64429
0.56949 0.86861 0.64926 0.80083 0.70484 0.91098 0.9952 0.74711 0.71743 0.53228 0.8177 0.99611 0.89289 0.62242 x 0.80674 x 0.9161 0.82812 0.83021 0.89335 0.57824 0.97238 x 0.80022 0.96691 x 0.53719 0.84325 0.59528 0.86388 0.96738 0.9769 0.68682 0.84732 0.98599 0.56338 x 0.62192 x 0.88264 0.51812 0.71733 0.52282 0.86034 0.90972 x 0.97609 0.82477 x
0.5946 0.96255 0.88398 0.85523 0.5174 0.60254 0.87093 0.83307 0.84825 0.93002 0.86499 x 0.94921 x 0.74477 0.70921 0.66821 0.72077 0.69571 x 0.90644 x 0.79751 x 0.81956 x 0.79765 0.63377 x 0.51775 0.74385 x x 0.79443 0.95296 0.61894 0.61915 0.52854 0.54634 0.88264 x 0.83766 x x 0.62894 x 0.6001 0.8629 0.81182 0.57253
x 0.59848 0.61076 0.70313 0.62173 x 0.66386 0.6172 0.87236 0.63138 0.88057 0.53557 0.5736 0.61102 0.89606 0.82521 x 0.85178 0.57238 0.94349 x 0.6404 0.83727 0.73952 0.97392 0.94153 x 0.96053 0.74208 0.72256 0.83966 0.95605 x 0.74265 0.5052 0.60536 0.70569 0.84496 x 0.51812 0.83766 x 0.8231 0.97962 x 0.66595 x 0.7278 0.71734 0.97966
0.89051 0.95983 0.71044 0.86022 0.76482 x 0.60875 0.5039 0.6447 0.73207 x 0.78534 x 0.72193 0.98204 x 0.91845 0.93122 0.71616 0.92101 0.63159 0.7917 0.9765 0.737 0.90673 0.71038 0.8891 x 0.52932 x 0.58096 0.98952 0.58901 0.50366 x x x 0.74772 x 0.71733 x 0.8231 x 0.84283 0.66076 0.86063 0.65874 0.91288 0.89624 0.71038
x 0.58194 0.69929 0.75112 0.60529 x 0.66139 0.68349 0.52887 0.65298 0.61756 0.50762 0.56009 0.76606 x 0.78829 0.86829 0.87936 0.55284 0.58898 x x 0.75195 0.56883 0.5062 0.67735 0.56989 0.86054 0.9762 0.68959 0.60165 0.75393 0.71652 0.77995 x 0.63129 0.51285 0.68551 0.75495 0.52282 x 0.97962 0.84283 x 0.68605 0.84691 0.53165 x 0.94922 0.68341
x x 0.65106 0.60283 x 0.57301 x 0.6362 0.65143 0.9058 0.55688 0.64282 0.59544 0.81773 x 0.53691 0.85812 0.82744 0.84047 x 0.79867 0.83146 0.94907 0.73597 0.65589 0.53152 0.76221 x x 0.61965 0.72442 0.92775 0.68821 0.9566 0.64655 0.91791 0.50486 0.52372 0.80226 0.86034 0.62894 x 0.66076 0.68605 x 0.90423 0.68541 0.59512 0.51352 x
0.84154 x 0.62629 0.56914 x 0.51438 0.50168 0.60506 0.83116 0.54862 0.77467 0.68205 0.89522 x 0.68342 x 0.77657 0.7232 0.67816 0.83228 0.63363 0.71655 0.50195 0.54109 0.9167 0.56762 x 0.73265 0.73754 0.9573 0.96471 0.62465 x 0.59329 0.57649 x 0.96502 0.64681 x 0.90972 x 0.66595 0.86063 0.84691 0.90423 x 0.96326 0.83386 0.57419 0.74655
0.69472 0.64176 0.61524 0.59975 x 0.64323 0.77044 0.77891 x 0.56788 0.81895 0.99406 0.82432 0.55294 x 0.78235 x x 0.80597 x 0.88865 x 0.71388 0.63225 x 0.80249 0.63188 0.60155 x x x x 0.59505 0.92999 0.50741 0.70449 0.60474 0.50008 0.7234 x 0.6001 x 0.65874 0.53165 0.68541 0.96326 x x 0.68694 0.78587
0.86221 x 0.8694 0.69013 x x x x 0.86135 0.87269 0.76568 0.9176 0.84571 0.85634 x 0.75311 0.97837 0.61283 0.8352 x 0.8699 x 0.56364 0.52643 x 0.58992 0.68654 0.86415 0.9113 0.73985 0.90287 0.57624 0.98572 0.64905 0.92788 0.8507 0.65045 0.52873 x 0.97609 0.8629 0.7278 0.91288 x 0.59512 0.83386 x x 0.74388 x
0.52399 0.63159 0.92699 0.88735 0.96401 0.53181 0.81056 0.90866 x 0.84221 0.79383 0.53809 0.5015 x 0.57852 x 0.65673 0.95926 0.84208 0.56184 0.6632 0.76358 0.83055 0.7422 x 0.55608 0.92578 0.71967 x 0.55724 0.57351 0.95739 x 0.85038 0.87766 0.67143 0.74521 x 0.76083 0.82477 0.81182 0.71734 0.89624 0.94922 0.51352 0.57419 0.68694 0.74388 x 0.63346
0.80886 0.89817 x 0.82047 0.57799 0.86197 0.5082 0.93823 x 0.78168 0.74999 x 0.92309 0.72442 0.60155 0.60472 0.68264 0.68406 0.90772 0.50415 0.62925 0.60385 x x 0.73455 0.5513 0.6165 0.891 0.95959 0.65813 0.98454 0.99186 0.83522 x x 0.65692 x x 0.64429 x 0.57253 0.97966 0.71038 0.68341 x 0.74655 0.78587 x 0.63346 x