50
25
0 1 2 3 4 5 6 7 8 9 10 11 12 13 14 15 16 17 18 19 20 21 22 23 24 25 26 27 28 29 30 31 32 33 34 35 36 37 38 39 40 41 42 43 44 45 46 47 48 49
21 15 30 41 39 22 9 37 33 31 43 18 27 12 4 13 35 10 3 1 29 6 40 36 17
0
x x 0.79088 0.58333 0.98505 0.52139 0.74458 x 0.68473 0.50133 0.50532 0.70922 0.55571 0.98206 0.87879 0.82314 0.53375 0.78374 x 0.66517 0.92223 0.88522 0.53102 0.5513 0.60465 0.97474 x 0.50875 0.54971 0.79513 0.95305 0.95526 0.86863 0.74823 x x 0.9403 x 0.68578 0.89556 0.99969 0.86895 0.51831 0.74818 x 0.91919 0.78332 0.81588 0.74862 0.96701
x x 0.88447 0.70596 x 0.95057 0.61044 x 0.81053 0.61492 x 0.5432 0.65711 0.60828 x x 0.80857 x 0.81875 0.92645 0.81747 0.95764 0.81858 0.68999 0.6187 x 0.8324 0.84134 0.8697 0.86082 0.81397 0.69771 0.59685 x 0.51593 0.55773 0.59676 0.56116 0.74682 0.7989 0.69297 0.78554 0.59608 0.66084 0.54125 0.72259 0.50986 0.96365 x x
0.79088 0.88447 x 0.80531 0.92845 x 0.90748 0.88042 x 0.92064 0.86848 0.86571 0.8309 0.64595 0.71906 0.9381 0.67907 0.78082 0.68291 0.9873 0.62917 0.72819 x 0.96726 0.54343 0.74331 0.8915 0.5528 0.99252 0.62984 0.64952 0.73217 0.93671 0.81081 x 0.74323 0.76809 0.71823 0.89924 0.644 0.53579 x 0.86688 0.90297 0.52365 0.5678 0.61373 0.62186 0.86333 0.72756
0.58333 0.70596 0.80531 x 0.86661 0.52571 0.74752 0.70493 0.68824 0.93461 0.95818 0.85681 0.79657 0.60026 x x 0.98211 0.5079 0.60792 0.63859 x 0.59606 0.61512 0.62399 0.76698 0.7126 0.75469 0.60362 x x 0.91403 x x 0.98679 0.7272 0.70103 0.92733 0.62036 x x 0.54418 0.64049 0.59653 0.95882 0.68163 0.72882 0.97398 0.67172 x 0.76911
0.98505 x 0.92845 0.86661 x 0.75676 x x 0.75799 0.90543 0.66498 0.69846 0.86027 0.52303 0.78049 x 0.68776 0.55942 0.56785 0.92196 0.54176 x x 0.82783 x 0.88975 x 0.64804 0.55686 x 0.73046 x 0.63504 0.9575 0.83075 0.76761 0.69992 0.69125 0.99589 0.7495 0.5673 0.97385 x 0.72658 0.63771 0.79664 0.64554 0.70367 x 0.93906
0.52139 0.95057 x 0.52571 0.75676 x 0.50876 x 0.65088 0.74413 0.82667 0.66583 x x x x 0.58184 0.6843 x 0.70914 x 0.57 0.59285 0.65182 0.70519 x 0.84921 x 0.69068 0.59141 0.689 0.61145 0.89565 0.97368 x 0.50808 0.70914 0.62718 0.70817 0.59623 0.59273 0.90833 0.59296 0.80244 0.90865 0.76735 0.98076 0.99528 0.73698 0.90112
0.74458 0.61044 0.90748 0.74752 x 0.50876 x 0.75772 x 0.99146 0.56589 0.71898 0.84415 0.68582 0.72177 0.88565 0.57437 0.90452 0.55081 0.72044 0.85154 0.81864 0.76171 0.65364 0.75288 0.50832 0.92347 0.69329 0.75456 0.55901 x 0.74869 0.81292 0.76508 0.95918 0.60809 0.86044 0.97328 0.89323 x 0.90636 0.88181 x 0.95706 0.53416 0.9587 0.86432 0.83813 0.70276 0.87673
x x 0.88042 0.70493 x x 0.75772 x 0.82524 0.5499 x x 0.92842 0.86042 0.73572 x 0.84024 x 0.64231 0.79324 0.81135 0.95518 0.99615 x 0.90381 0.82418 0.52363 0.63434 0.6344 0.60564 0.62281 0.86434 0.58467 0.90556 0.77456 0.54648 0.53439 0.73304 0.75079 0.74526 0.91198 0.93915 0.51717 0.93209 0.9623 x 0.64293 x x 0.5215
0.68473 0.81053 x 0.68824 0.75799 0.65088 x 0.82524 x 0.55982 0.81471 x 0.77419 0.78112 0.5068 0.56181 0.73127 0.84806 0.77062 0.59588 0.91628 0.67892 0.6874 0.57009 0.535 x x 0.73458 0.97796 0.65621 0.90344 0.74834 0.6775 x 0.83041 0.98023 0.83092 0.67198 0.88689 0.57631 0.7333 0.76754 x 0.5196 0.5913 0.60713 0.76941 x x x
0.50133 0.61492 0.92064 0.93461 0.90543 0.74413 0.99146 0.5499 0.55982 x 0.73397 x 0.97256 0.71156 0.85584 0.61778 0.96359 0.59403 0.72269 0.99012 0.60261 0.71396 0.53127 0.61707 x 0.57786 x 0.78813 0.62725 x 0.55546 x 0.62634 0.53973 0.72439 0.88162 0.56008 0.84718 0.73629 0.69335 0.99161 x 0.85453 0.83344 0.9439 0.94962 0.89943 0.72849 0.69918 0.99669
0.50532 x 0.86848 0.95818 0.66498 0.82667 0.56589 x 0.81471 0.73397 x x 0.8204 0.50796 x x 0.51458 x 0.60513 0.6907 0.8573 0.85679 0.62964 0.69612 x 0.64013 0.9817 0.50411 0.95255 0.93684 0.58214 0.92343 x 0.65098 0.57345 0.92533 0.73897 0.78159 0.76897 0.87122 0.62696 0.99897 0.85647 x x 0.67886 0.71601 0.69042 x x
0.70922 0.5432 0.86571 0.85681 0.69846 0.66583 0.71898 x x x x x 0.96147 0.62072 0.53756 0.84361 0.52234 x 0.55778 x 0.67535 0.65849 x 0.90767 x x 0.75995 0.84049 0.75707 0.86954 0.74515 x 0.77504 0.89891 0.61867 0.50722 0.89513 0.93678 x 0.90304 0.92187 0.64253 0.52748 0.54054 0.85893 0.98444 0.82991 0.94634 x 0.97014
0.55571 0.65711 0.8309 0.79657 0.86027 x 0.84415 0.92842 0.77419 0.97256 0.8204 0.96147 x 0.92291 0.79665 x x 0.9706 x 0.89705 0.98637 0.97457 x 0.51039 0.65755 0.54945 0.91181 x 0.54094 0.60037 0.66342 x 0.79236 0.5257 0.80785 0.59705 0.58009 0.68318 0.85338 0.82835 x 0.9964 0.92529 0.52182 x 0.90055 0.94826 0.55333 0.88421 x
0.98206 0.60828 0.64595 0.60026 0.52303 x 0.68582 0.86042 0.78112 0.71156 0.50796 0.62072 0.92291 x 0.66095 0.51675 0.59244 0.91485 0.75587 0.54331 0.64803 0.53312 0.63692 x x x 0.99161 0.982 0.51973 0.90412 0.56529 0.57336 0.79364 0.5423 0.87087 0.58584 0.84622 x 0.96152 0.89586 x 0.56482 0.79985 x 0.65246 0.84876 0.66175 0.63196 0.74939 0.65663
0.87879 x 0.71906 x 0.78049 x 0.72177 0.73572 0.5068 0.85584 x 0.53756 0.79665 0.66095 x 0.94499 0.90587 0.82753 x 0.63508 0.93186 0.97477 0.52682 0.70763 0.50369 0.65271 0.59557 0.93233 x 0.84039 x 0.79135 0.82349 0.82575 x x 0.68534 0.52835 0.52983 0.81494 x 0.91593 x 0.88304 x 0.52064 0.77118 0.65136 0.91614 0.86889
0.82314 x 0.9381 x x x 0.88565 x 0.56181 0.61778 x 0.84361 x 0.51675 0.94499 x 0.62402 0.78057 0.585 0.58235 0.65929 x 0.78124 0.52706 0.86764 0.762 0.846 0.9807 0.74622 0.73448 x 0.97738 0.56814 0.90789 x 0.90285 0.92487 0.90209 0.51401 0.66688 0.72656 0.82669 x 0.91663 0.9628 0.50274 x 0.87295 0.59754 0.764
0.53375 0.80857 0.67907 0.98211 0.68776 0.58184 0.57437 0.84024 0.73127 0.96359 0.51458 0.52234 x 0.59244 0.90587 0.62402 x 0.73475 0.63266 0.74695 0.52725 x x x x 0.73908 0.95246 0.66723 0.61636 0.72651 x 0.75874 0.80829 0.52237 0.90053 x 0.55673 0.93836 0.58138 0.77061 0.75984 0.75794 0.95674 0.50999 0.61735 0.7658 x 0.97385 x 0.53457
0.78374 x 0.78082 0.5079 0.55942 0.6843 0.90452 x 0.84806 0.59403 x x 0.9706 0.91485 0.82753 0.78057 0.73475 x 0.54971 0.8671 x 0.67613 0.73676 0.72769 0.64326 0.6552 0.86406 0.95064 x x 0.80524 0.96778 x 0.7412 0.65847 x 0.8077 0.65217 x 0.90379 0.9581 0.95072 0.84408 0.72866 0.78047 0.58574 0.86739 0.84038 0.88893 0.77359
x 0.81875 0.68291 0.60792 0.56785 x 0.55081 0.64231 0.77062 0.72269 0.60513 0.55778 x 0.75587 x 0.585 0.63266 0.54971 x 0.62397 0.68741 0.87956 0.61786 0.73767 x 0.72456 x x 0.84871 0.75195 0.51144 0.861 0.51947 0.54301 0.65281 0.5184 0.9644 0.96154 0.80155 0.53024 0.91853 0.66034 x 0.7269 0.54867 0.8287 0.87599 x 0.82394 0.85526
0.66517 0.92645 0.9873 0.63859 0.92196 0.70914 0.72044 0.79324 0.59588 0.99012 0.6907 x 0.89705 0.54331 0.63508 0.58235 0.74695 0.8671 0.62397 x 0.93444 0.87482 x 0.78884 x 0.78411 0.56836 0.94045 0.82102 0.58244 0.61629 0.73437 0.75726 0.70679 0.86104 0.71011 0.68619 0.54827 x x 0.85974 0.72053 x 0.86694 0.84799 0.61315 0.50287 x 0.82777 0.9358
0.92223 0.81747 0.62917 x 0.54176 x 0.85154 0.81135 0.91628 0.60261 0.8573 0.67535 0.98637 0.64803 0.93186 0.65929 0.52725 x 0.68741 0.93444 x 0.53862 x 0.84014 x 0.68096 x x 0.96296 x 0.81377 0.726 x x x 0.91917 0.85796 0.72279 0.8097 x 0.95471 x 0.59821 0.87519 0.75709 x 0.97726 0.79939 x x
0.88522 0.95764 0.72819 0.59606 x 0.57 0.81864 0.95518 0.67892 0.71396 0.85679 0.65849 0.97457 0.53312 0.97477 x x 0.67613 0.87956 0.87482 0.53862 x 0.51603 0.63854 0.7599 0.64481 x 0.61359 0.50655 x 0.50075 0.71319 0.94045 x 0.86741 0.67889 0.77658 0.85421 0.66576 0.87914 0.54459 0.58133 x 0.77708 0.98973 x 0.91396 x 0.7745 0.93924
0.53102 0.81858 x 0.61512 x 0.59285 0.76171 0.99615 0.6874 0.53127 0.62964 x x 0.63692 0.52682 0.78124 x 0.73676 0.61786 x x 0.51603 x 0.73008 x 0.71029 x 0.65998 x 0.80718 0.92303 0.94558 0.61519 x 0.53872 0.8055 0.7771 0.57113 0.51583 x 0.67576 0.5228 0.53293 0.70253 0.58402 0.74423 0.62145 0.63353 0.74063 0.87655
0.5513 0.68999 0.96726 0.62399 0.82783 0.65182 0.65364 x 0.57009 0.61707 0.69612 0.90767 0.51039 x 0.70763 0.52706 x 0.72769 0.73767 0.78884 0.84014 0.63854 0.73008 x 0.91525 0.64067 0.88982 0.747 x 0.89363 x 0.75195 0.96112 x 0.6254 0.52159 0.97373 0.95535 0.70623 0.51166 0.87163 0.76268 0.71433 0.91619 x 0.50756 0.5203 0.83438 0.98043 0.62854
0.60465 0.6187 0.54343 0.76698 x 0.70519 0.75288 0.90381 0.535 x x x 0.65755 x 0.50369 0.86764 x 0.64326 x x x 0.7599 x 0.91525 x 0.67817 x 0.74004 0.63127 0.53705 0.53802 0.88929 0.99261 0.57603 x 0.90896 0.7718 0.95675 0.76996 0.83621 0.95747 0.69397 0.51392 0.7463 0.86022 0.9737 0.83595 0.54188 0.63689 0.69363
0.97474 x 0.74331 0.7126 0.88975 x 0.50832 0.82418 x 0.57786 0.64013 x 0.54945 x 0.65271 0.762 0.73908 0.6552 0.72456 0.78411 0.68096 0.64481 0.71029 0.64067 0.67817 x 0.82877 x x 0.61998 0.62913 0.64319 0.68957 x 0.58863 0.94905 0.53973 0.90896 x 0.62411 0.96823 0.92428 0.93865 0.78653 x x 0.96665 0.97448 0.96629 0.94921
x 0.8324 0.8915 0.75469 x 0.84921 0.92347 0.52363 x x 0.9817 0.75995 0.91181 0.99161 0.59557 0.846 0.95246 0.86406 x 0.56836 x x x 0.88982 x 0.82877 x 0.79523 x x 0.82665 x 0.68879 0.90075 x 0.8355 0.62455 0.96317 0.58933 0.78426 0.59679 0.91769 x 0.53276 x 0.59559 0.80054 0.5567 0.58232 0.67151
0.50875 0.84134 0.5528 0.60362 0.64804 x 0.69329 0.63434 0.73458 0.78813 0.50411 0.84049 x 0.982 0.93233 0.9807 0.66723 0.95064 x 0.94045 x 0.61359 0.65998 0.747 0.74004 x 0.79523 x 0.6157 0.99461 0.86999 x 0.78873 0.84913 0.81825 x 0.82447 0.99885 0.87526 0.56044 0.99701 0.92155 0.61398 0.97996 0.98196 x 0.79965 0.54554 0.76443 0.77089
0.54971 0.8697 0.99252 x 0.55686 0.69068 0.75456 0.6344 0.97796 0.62725 0.95255 0.75707 0.54094 0.51973 x 0.74622 0.61636 x 0.84871 0.82102 0.96296 0.50655 x x 0.63127 x x 0.6157 x 0.57353 0.90386 0.71969 0.90341 x 0.5298 0.80149 x 0.58523 x 0.90455 0.55488 0.94857 0.77668 0.75125 0.68611 0.60073 0.73001 0.86723 0.66749 0.68138
0.79513 0.86082 0.62984 x x 0.59141 0.55901 0.60564 0.65621 x 0.93684 0.86954 0.60037 0.90412 0.84039 0.73448 0.72651 x 0.75195 0.58244 x x 0.80718 0.89363 0.53705 0.61998 x 0.99461 0.57353 x x 0.80517 0.95586 0.77072 x 0.67706 0.60077 0.55192 0.67307 x x 0.55659 0.66457 0.87336 0.52846 0.80475 0.65739 0.63065 0.79774 x
0.95305 0.81397 0.64952 0.91403 0.73046 0.689 x 0.62281 0.90344 0.55546 0.58214 0.74515 0.66342 0.56529 x x x 0.80524 0.51144 0.61629 0.81377 0.50075 0.92303 x 0.53802 0.62913 0.82665 0.86999 0.90386 x x 0.85989 0.62265 0.91294 0.66833 0.81416 0.8362 x 0.61521 0.5589 0.87662 0.60755 0.52474 x 0.70093 0.52785 0.60403 x 0.84087 0.67041
0.95526 0.69771 0.73217 x x 0.61145 0.74869 0.86434 0.74834 x 0.92343 x x 0.57336 0.79135 0.97738 0.75874 0.96778 0.861 0.73437 0.726 0.71319 0.94558 0.75195 0.88929 0.64319 x x 0.71969 0.80517 0.85989 x x 0.54418 x 0.63852 0.50483 x 0.67331 0.77129 0.73462 x x 0.89062 0.83262 0.53565 x x 0.594 0.7907
0.86863 0.59685 0.93671 x 0.63504 0.89565 0.81292 0.58467 0.6775 0.62634 x 0.77504 0.79236 0.79364 0.82349 0.56814 0.80829 x 0.51947 0.75726 x 0.94045 0.61519 0.96112 0.99261 0.68957 0.68879 0.78873 0.90341 0.95586 0.62265 x x 0.63701 x 0.62721 0.86533 0.77948 0.87541 0.56948 x 0.83556 0.54115 x x 0.60523 0.70986 0.86173 0.86768 x
0.74823 x 0.81081 0.98679 0.9575 0.97368 0.76508 0.90556 x 0.53973 0.65098 0.89891 0.5257 0.5423 0.82575 0.90789 0.52237 0.7412 0.54301 0.70679 x x x x 0.57603 x 0.90075 0.84913 x 0.77072 0.91294 0.54418 0.63701 x 0.97941 0.70128 0.60264 0.82351 0.70291 0.81423 x 0.87293 0.89797 0.61151 0.71206 0.84354 0.72822 0.52739 x 0.58394
x 0.51593 x 0.7272 0.83075 x 0.95918 0.77456 0.83041 0.72439 0.57345 0.61867 0.80785 0.87087 x x 0.90053 0.65847 0.65281 0.86104 x 0.86741 0.53872 0.6254 x 0.58863 x 0.81825 0.5298 x 0.66833 x x 0.97941 x 0.93733 x 0.65394 0.60331 0.83454 0.91954 0.574 0.75796 0.89407 0.77557 0.86689 0.56759 0.66844 0.68488 0.76094
x 0.55773 0.74323 0.70103 0.76761 0.50808 0.60809 0.54648 0.98023 0.88162 0.92533 0.50722 0.59705 0.58584 x 0.90285 x x 0.5184 0.71011 0.91917 0.67889 0.8055 0.52159 0.90896 0.94905 0.8355 x 0.80149 0.67706 0.81416 0.63852 0.62721 0.70128 0.93733 x 0.92023 0.93498 0.87966 x 0.61793 0.79797 0.96273 0.87848 0.51752 0.84201 0.70085 0.7483 0.51316 0.88315
0.9403 0.59676 0.76809 0.92733 0.69992 0.70914 0.86044 0.53439 0.83092 0.56008 0.73897 0.89513 0.58009 0.84622 0.68534 0.92487 0.55673 0.8077 0.9644 0.68619 0.85796 0.77658 0.7771 0.97373 0.7718 0.53973 0.62455 0.82447 x 0.60077 0.8362 0.50483 0.86533 0.60264 x 0.92023 x 0.52495 0.83325 0.69275 0.92018 0.72632 0.86188 0.98893 0.78618 0.55823 0.65516 x 0.81926 x
x 0.56116 0.71823 0.62036 0.69125 0.62718 0.97328 0.73304 0.67198 0.84718 0.78159 0.93678 0.68318 x 0.52835 0.90209 0.93836 0.65217 0.96154 0.54827 0.72279 0.85421 0.57113 0.95535 0.95675 0.90896 0.96317 0.99885 0.58523 0.55192 x x 0.77948 0.82351 0.65394 0.93498 0.52495 x x 0.55729 x 0.50759 0.82181 0.90631 0.88948 0.5836 0.58629 0.73415 0.75474 0.95807
0.68578 0.74682 0.89924 x 0.99589 0.70817 0.89323 0.75079 0.88689 0.73629 0.76897 x 0.85338 0.96152 0.52983 0.51401 0.58138 x 0.80155 x 0.8097 0.66576 0.51583 0.70623 0.76996 x 0.58933 0.87526 x 0.67307 0.61521 0.67331 0.87541 0.70291 0.60331 0.87966 0.83325 x x 0.5372 0.98872 0.84697 0.65973 0.50712 0.69195 0.90211 x 0.8195 0.77334 0.64947
0.89556 0.7989 0.644 x 0.7495 0.59623 x 0.74526 0.57631 0.69335 0.87122 0.90304 0.82835 0.89586 0.81494 0.66688 0.77061 0.90379 0.53024 x x 0.87914 x 0.51166 0.83621 0.62411 0.78426 0.56044 0.90455 x 0.5589 0.77129 0.56948 0.81423 0.83454 x 0.69275 0.55729 0.5372 x 0.98644 x 0.60764 0.65878 0.99437 0.78204 0.68226 0.62943 0.97957 0.7454
0.99969 0.69297 0.53579 0.54418 0.5673 0.59273 0.90636 0.91198 0.7333 0.99161 0.62696 0.92187 x x x 0.72656 0.75984 0.9581 0.91853 0.85974 0.95471 0.54459 0.67576 0.87163 0.95747 0.96823 0.59679 0.99701 0.55488 x 0.87662 0.73462 x x 0.91954 0.61793 0.92018 x 0.98872 0.98644 x x x 0.79672 x 0.8847 0.89622 x 0.93103 0.97973
0.86895 0.78554 x 0.64049 0.97385 0.90833 0.88181 0.93915 0.76754 x 0.99897 0.64253 0.9964 0.56482 0.91593 0.82669 0.75794 0.95072 0.66034 0.72053 x 0.58133 0.5228 0.76268 0.69397 0.92428 0.91769 0.92155 0.94857 0.55659 0.60755 x 0.83556 0.87293 0.574 0.79797 0.72632 0.50759 0.84697 x x x x 0.91798 0.86655 0.54508 x 0.6237 0.63246 0.69081
0.51831 0.59608 0.86688 0.59653 x 0.59296 x 0.51717 x 0.85453 0.85647 0.52748 0.92529 0.79985 x x 0.95674 0.84408 x x 0.59821 x 0.53293 0.71433 0.51392 0.93865 x 0.61398 0.77668 0.66457 0.52474 x 0.54115 0.89797 0.75796 0.96273 0.86188 0.82181 0.65973 0.60764 x x x 0.66378 0.89516 0.81743 0.87123 x 0.88648 0.52916
0.74818 0.66084 0.90297 0.95882 0.72658 0.80244 0.95706 0.93209 0.5196 0.83344 x 0.54054 0.52182 x 0.88304 0.91663 0.50999 0.72866 0.7269 0.86694 0.87519 0.77708 0.70253 0.91619 0.7463 0.78653 0.53276 0.97996 0.75125 0.87336 x 0.89062 x 0.61151 0.89407 0.87848 0.98893 0.90631 0.50712 0.65878 0.79672 0.91798 0.66378 x 0.55775 0.97207 0.91895 0.61974 0.91181 0.53451
x 0.54125 0.52365 0.68163 0.63771 0.90865 0.53416 0.9623 0.5913 0.9439 x 0.85893 x 0.65246 x 0.9628 0.61735 0.78047 0.54867 0.84799 0.75709 0.98973 0.58402 x 0.86022 x x 0.98196 0.68611 0.52846 0.70093 0.83262 x 0.71206 0.77557 0.51752 0.78618 0.88948 0.69195 0.99437 x 0.86655 0.89516 0.55775 x x 0.99045 0.62067 0.9684 0.85478
0.91919 0.72259 0.5678 0.72882 0.79664 0.76735 0.9587 x 0.60713 0.94962 0.67886 0.98444 0.90055 0.84876 0.52064 0.50274 0.7658 0.58574 0.8287 0.61315 x x 0.74423 0.50756 0.9737 x 0.59559 x 0.60073 0.80475 0.52785 0.53565 0.60523 0.84354 0.86689 0.84201 0.55823 0.5836 0.90211 0.78204 0.8847 0.54508 0.81743 0.97207 x x 0.9869 0.68213 0.73471 x
0.78332 0.50986 0.61373 0.97398 0.64554 0.98076 0.86432 0.64293 0.76941 0.89943 0.71601 0.82991 0.94826 0.66175 0.77118 x x 0.86739 0.87599 0.50287 0.97726 0.91396 0.62145 0.5203 0.83595 0.96665 0.80054 0.79965 0.73001 0.65739 0.60403 x 0.70986 0.72822 0.56759 0.70085 0.65516 0.58629 x 0.68226 0.89622 x 0.87123 0.91895 0.99045 0.9869 x 0.6824 0.9595 x
0.81588 0.96365 0.62186 0.67172 0.70367 0.99528 0.83813 x x 0.72849 0.69042 0.94634 0.55333 0.63196 0.65136 0.87295 0.97385 0.84038 x x 0.79939 x 0.63353 0.83438 0.54188 0.97448 0.5567 0.54554 0.86723 0.63065 x x 0.86173 0.52739 0.66844 0.7483 x 0.73415 0.8195 0.62943 x 0.6237 x 0.61974 0.62067 0.68213 0.6824 x 0.6555 0.78453
0.74862 x 0.86333 x x 0.73698 0.70276 x x 0.69918 x x 0.88421 0.74939 0.91614 0.59754 x 0.88893 0.82394 0.82777 x 0.7745 0.74063 0.98043 0.63689 0.96629 0.58232 0.76443 0.66749 0.79774 0.84087 0.594 0.86768 x 0.68488 0.51316 0.81926 0.75474 0.77334 0.97957 0.93103 0.63246 0.88648 0.91181 0.9684 0.73471 0.9595 0.6555 x 0.5601
0.96701 x 0.72756 0.76911 0.93906 0.90112 0.87673 0.5215 x 0.99669 x 0.97014 x 0.65663 0.86889 0.764 0.53457 0.77359 0.85526 0.9358 x 0.93924 0.87655 0.62854 0.69363 0.94921 0.67151 0.77089 0.68138 x 0.67041 0.7907 x 0.58394 0.76094 0.88315 x 0.95807 0.64947 0.7454 0.97973 0.69081 0.52916 0.53451 0.85478 x x 0.78453 0.5601 x