50
25
0 1 2 3 4 5 6 7 8 9 10 11 12 13 14 15 16 17 18 19 20 21 22 23 24 25 26 27 28 29 30 31 32 33 34 35 36 37 38 39 40 41 42 43 44 45 46 47 48 49
9 27 0 42 22 40 29 10 17 2 7 23 33 16 43 46 4 36 8 34 11 5 24 6 44
0
x 0.85113 0.54672 0.67159 0.58993 0.94216 0.97213 0.58928 0.5694 x 0.89786 0.73291 x 0.5864 0.64927 x 0.93449 0.94225 0.571 x 0.64769 0.65167 0.96091 x 0.57641 0.71479 0.93167 0.76898 0.51929 x 0.59584 0.64478 0.94927 x 0.60359 0.91852 0.85696 0.8673 0.52919 0.82637 0.86466 0.52833 x 0.60721 0.70189 0.8181 0.63044 0.68863 0.89444 0.87897
0.85113 x 0.89546 x 0.53397 0.78966 0.53067 0.62202 x 0.50984 0.90529 0.57844 0.65814 x 0.96838 0.90457 x 0.88113 x 0.7648 0.65631 0.53758 0.93109 0.73548 x 0.50994 0.88133 0.89374 0.5547 x 0.55449 0.69532 0.70715 0.91775 0.5426 0.62114 0.68918 0.75784 0.94395 0.9831 0.56754 x 0.98467 0.81965 x 0.55469 0.7584 0.64419 0.97288 x
0.54672 0.89546 x 0.79926 0.58833 0.83562 x 0.95843 0.93087 0.83439 0.86483 0.5383 0.68618 x 0.93488 0.88171 0.89694 0.88047 0.87171 x 0.8666 0.80465 0.51697 x 0.79105 0.50543 0.66422 x 0.71422 x 0.69201 0.64862 x 0.9698 x x 0.50918 0.50156 0.97993 0.62248 0.67711 0.57093 0.91667 0.88415 0.81666 0.83487 0.77021 0.69493 x 0.59776
0.67159 x 0.79926 x 0.9842 0.88593 0.8902 x 0.64468 0.69026 0.66068 x 0.7735 0.84948 0.50037 0.72442 x 0.62161 0.74648 0.94951 0.76451 0.75001 0.80315 0.51363 0.86893 0.6936 0.90014 0.92802 0.61137 0.86301 0.50844 0.61265 0.78603 0.71719 0.88804 0.8189 0.9447 0.72376 0.82234 0.50302 0.50168 0.96388 0.5848 x 0.69871 0.88559 0.92458 x 0.94424 x
0.58993 0.53397 0.58833 0.9842 x 0.58556 x x 0.76599 0.59071 0.65514 0.8357 0.89566 x 0.87719 0.89506 0.95925 0.87177 0.77675 x 0.58182 0.85226 0.98593 0.68162 0.65586 0.76585 0.72367 x 0.65494 x 0.94131 0.83132 0.87849 0.70781 x 0.78827 0.92617 0.61051 0.99102 0.71872 0.63339 0.98754 0.57358 0.80434 0.61262 x 0.68426 0.84404 x 0.99404
0.94216 0.78966 0.83562 0.88593 0.58556 x 0.64736 x 0.98993 0.64864 0.87438 0.91434 0.93393 0.92261 0.9013 0.59734 x 0.86892 0.90429 x 0.86784 0.75013 0.81939 0.66866 x 0.78261 0.87956 x 0.75876 0.84231 0.50177 0.59729 x 0.89994 0.61006 0.88407 x 0.76869 0.55054 x 0.51889 0.63995 0.53976 0.50756 x 0.75256 0.50834 0.7164 x 0.73751
0.97213 0.53067 x 0.8902 x 0.64736 x 0.6426 0.59081 x 0.61559 0.66985 0.6784 x x 0.76244 0.65532 0.93375 0.71265 0.59984 0.77839 x 0.55322 0.9514 0.93813 0.62361 0.62041 0.555 0.96111 0.60683 0.70134 0.76591 0.8071 0.8361 0.97839 0.5069 0.96661 x 0.92159 0.68597 0.75816 0.9953 0.92144 x 0.90739 x 0.8848 0.53076 0.71198 x
0.58928 0.62202 0.95843 x x x 0.6426 x 0.51159 0.66036 x 0.96971 0.5376 0.99018 0.82698 0.99896 0.9298 x 0.83373 x 0.94165 0.66483 0.54025 0.7078 0.63893 x x 0.99603 0.80951 0.94423 0.92782 x 0.57213 0.93094 0.84992 0.69766 0.87388 0.85626 0.88865 x 0.72721 0.70353 x x 0.68869 0.89216 0.76089 0.91342 0.59151 0.86327
0.5694 x 0.93087 0.64468 0.76599 0.98993 0.59081 0.51159 x 0.53855 0.93779 x 0.80578 0.77789 0.56691 0.99255 x 0.65027 0.59423 0.94056 0.74285 x 0.69041 0.8723 0.5593 0.66543 0.56365 0.64394 0.57577 x 0.75368 0.80931 x 0.8015 0.7533 0.74772 0.84143 0.92014 0.74934 0.60038 0.78432 x x 0.71913 0.82928 0.5661 0.70531 0.87747 0.62326 x
x 0.50984 0.83439 0.69026 0.59071 0.64864 x 0.66036 0.53855 x x 0.83893 0.62622 0.63226 0.71443 0.90086 0.53167 x x x 0.95588 0.65733 0.63004 0.61415 x x x x 0.94448 0.79635 0.54065 0.99142 x x 0.92401 0.59136 0.92319 0.90026 0.99457 0.83346 0.52646 0.79507 0.98492 0.9048 0.93794 0.8273 0.67788 x 0.76058 0.92499
0.89786 0.90529 0.86483 0.66068 0.65514 0.87438 0.61559 x 0.93779 x x x 0.7948 x 0.70085 0.58267 0.63525 0.67362 0.81365 0.74987 0.58896 0.54607 0.55442 0.859 0.72995 0.50462 x 0.56065 0.5196 0.86489 0.90309 0.9749 0.66503 0.75797 0.97357 0.62605 x 0.69531 0.9096 x 0.54993 0.96801 0.885 0.51848 0.69108 0.57061 0.95738 0.99911 0.62302 0.96994
0.73291 0.57844 0.5383 x 0.8357 0.91434 0.66985 0.96971 x 0.83893 x x 0.92405 0.84183 0.69046 0.98022 0.75946 0.5818 0.93378 0.77088 0.74865 x 0.86611 0.73777 0.98852 0.92478 x x 0.76341 x 0.85593 0.90602 x x 0.57462 0.53893 0.72596 0.63087 0.92072 0.76691 0.87807 0.9039 0.6355 0.81018 0.6834 0.87014 0.95509 x 0.55134 x
x 0.65814 0.68618 0.7735 0.89566 0.93393 0.6784 0.5376 0.80578 0.62622 0.7948 0.92405 x 0.51201 0.72846 x x 0.63159 x 0.73143 0.71081 x 0.61256 0.9239 0.76094 x x x 0.659 0.85567 0.85684 0.69562 0.95348 0.85789 0.80938 0.85555 x 0.64355 0.85425 0.62469 0.73558 0.85763 0.75832 0.56785 0.71705 0.86377 x 0.98576 0.58349 x
0.5864 x x 0.84948 x 0.92261 x 0.99018 0.77789 0.63226 x 0.84183 0.51201 x x 0.94895 0.73618 x 0.95923 x 0.50944 x 0.69538 x 0.55087 0.63962 0.80307 x 0.61163 0.89593 x 0.99781 x 0.52076 0.95131 0.69228 0.59121 0.66052 0.96838 0.84358 0.65711 0.90983 x x 0.90678 0.63799 x 0.71232 0.86817 0.59658
0.64927 0.96838 0.93488 0.50037 0.87719 0.9013 x 0.82698 0.56691 0.71443 0.70085 0.69046 0.72846 x x x 0.62294 0.99948 0.51924 0.87599 x 0.82321 x x 0.9132 0.80863 x 0.84908 0.93562 0.82228 0.98213 0.73481 0.62568 0.53414 0.67449 0.99093 0.90269 0.81433 0.63822 0.93455 0.61631 0.72294 0.71782 0.90278 0.65767 0.78489 0.5555 0.61649 0.86133 0.58992
x 0.90457 0.88171 0.72442 0.89506 0.59734 0.76244 0.99896 0.99255 0.90086 0.58267 0.98022 x 0.94895 x x 0.56142 0.54081 x x 0.61251 0.92364 0.97908 0.6259 0.95032 0.84314 0.99993 0.88317 0.99444 0.90896 0.53144 0.58605 0.98494 0.56221 0.99208 0.74942 0.92127 0.93413 0.62518 0.78523 0.5117 0.68163 x 0.86868 x x 0.70734 0.51555 0.62283 0.52449
0.93449 x 0.89694 x 0.95925 x 0.65532 0.9298 x 0.53167 0.63525 0.75946 x 0.73618 0.62294 0.56142 x 0.8761 0.76372 0.60985 0.82692 x x x 0.57133 0.96543 0.53197 0.66675 x 0.75558 x 0.77401 x 0.51557 0.9651 0.63836 x 0.62507 0.52226 0.7192 0.85964 0.84305 0.67946 0.53954 0.63102 0.65969 0.51101 0.68712 x x
0.94225 0.88113 0.88047 0.62161 0.87177 0.86892 0.93375 x 0.65027 x 0.67362 0.5818 0.63159 x 0.99948 0.54081 0.8761 x 0.99512 0.58613 0.52388 0.98036 0.56523 0.77744 0.72801 0.99478 0.54348 0.72403 0.66042 0.82863 0.69187 0.64031 x 0.80969 0.98486 0.61471 0.98467 0.77822 x 0.59109 0.94941 0.57998 x 0.78784 0.70322 0.89561 0.58507 x 0.85166 0.61682
0.571 x 0.87171 0.74648 0.77675 0.90429 0.71265 0.83373 0.59423 x 0.81365 0.93378 x 0.95923 0.51924 x 0.76372 0.99512 x 0.50948 0.69254 0.52624 x 0.55097 0.82938 0.83108 0.91795 0.59513 x 0.70533 x 0.85334 x x 0.68677 x x 0.7188 x 0.91339 0.69282 0.80536 0.58687 0.50396 0.76862 0.95715 0.6623 0.62889 x 0.52815
x 0.7648 x 0.94951 x x 0.59984 x 0.94056 x 0.74987 0.77088 0.73143 x 0.87599 x 0.60985 0.58613 0.50948 x 0.8854 0.68812 x 0.52765 0.64378 0.64231 0.67796 0.74503 x 0.96928 0.94346 0.97287 x 0.61374 x x x 0.85665 0.74178 0.70487 0.66251 0.57195 0.6456 0.75074 0.80454 0.62905 0.93699 x 0.50926 x
0.64769 0.65631 0.8666 0.76451 0.58182 0.86784 0.77839 0.94165 0.74285 0.95588 0.58896 0.74865 0.71081 0.50944 x 0.61251 0.82692 0.52388 0.69254 0.8854 x 0.73085 x 0.71943 x 0.73526 0.51372 0.66544 0.63472 0.86115 0.70937 x 0.99251 x x 0.97469 0.52726 0.72145 x x 0.84552 0.99817 0.98182 0.68048 0.95917 x x 0.66001 0.94132 0.66932
0.65167 0.53758 0.80465 0.75001 0.85226 0.75013 x 0.66483 x 0.65733 0.54607 x x x 0.82321 0.92364 x 0.98036 0.52624 0.68812 0.73085 x 0.82298 0.77824 0.63835 0.69855 0.56044 0.55815 0.68135 0.71635 0.95882 0.54129 0.9038 x 0.62675 0.75291 0.7874 0.80742 0.66822 0.7821 0.78088 0.70259 0.70174 0.64331 0.88461 x x 0.68026 0.83809 0.58466
0.96091 0.93109 0.51697 0.80315 0.98593 0.81939 0.55322 0.54025 0.69041 0.63004 0.55442 0.86611 0.61256 0.69538 x 0.97908 x 0.56523 x x x 0.82298 x 0.96921 0.73574 0.85351 0.91023 0.98366 0.73541 0.73939 0.94036 0.86618 0.98297 0.72195 0.58401 0.86527 0.73728 0.84649 0.50294 0.87996 0.68487 0.91134 0.9827 0.92524 0.92465 0.51538 x 0.73083 0.67478 0.96069
x 0.73548 x 0.51363 0.68162 0.66866 0.9514 0.7078 0.8723 0.61415 0.859 0.73777 0.9239 x x 0.6259 x 0.77744 0.55097 0.52765 0.71943 0.77824 0.96921 x 0.51368 0.57933 0.62761 0.67416 0.71705 0.91976 0.99107 0.61362 x 0.91463 0.90007 x 0.69227 x x 0.51353 x 0.6883 0.7039 0.95163 x x 0.5886 0.80576 0.98025 0.713
0.57641 x 0.79105 0.86893 0.65586 x 0.93813 0.63893 0.5593 x 0.72995 0.98852 0.76094 0.55087 0.9132 0.95032 0.57133 0.72801 0.82938 0.64378 x 0.63835 0.73574 0.51368 x 0.58434 0.92778 0.66947 0.54809 0.73665 0.72682 0.63592 0.76008 0.58495 0.89016 0.8354 0.87037 0.77839 0.84262 0.86122 0.64732 0.71681 0.82897 0.94441 0.74627 0.99517 0.62594 0.97126 0.99556 0.66534
0.71479 0.50994 0.50543 0.6936 0.76585 0.78261 0.62361 x 0.66543 x 0.50462 0.92478 x 0.63962 0.80863 0.84314 0.96543 0.99478 0.83108 0.64231 0.73526 0.69855 0.85351 0.57933 0.58434 x x x 0.59536 0.95887 0.82107 0.7212 0.5127 0.72091 0.65829 x 0.61584 0.98871 0.6902 0.77241 0.56292 0.62773 0.55022 0.66311 0.98329 0.50858 0.71748 0.55353 0.55703 0.70693
0.93167 0.88133 0.66422 0.90014 0.72367 0.87956 0.62041 x 0.56365 x x x x 0.80307 x 0.99993 0.53197 0.54348 0.91795 0.67796 0.51372 0.56044 0.91023 0.62761 0.92778 x x x 0.90663 0.90635 x 0.72904 x x 0.77727 0.97455 0.82179 0.6611 x 0.79346 0.70982 0.73268 x 0.95876 0.71287 0.81524 0.65793 0.96432 0.65718 x
0.76898 0.89374 x 0.92802 x x 0.555 0.99603 0.64394 x 0.56065 x x x 0.84908 0.88317 0.66675 0.72403 0.59513 0.74503 0.66544 0.55815 0.98366 0.67416 0.66947 x x x 0.61037 0.6609 0.62076 x 0.86368 x 0.63646 0.68125 0.96537 0.7499 0.51061 0.96762 0.70452 0.81155 x 0.75406 0.85296 0.55447 0.71015 0.66806 x 0.55013
0.51929 0.5547 0.71422 0.61137 0.65494 0.75876 0.96111 0.80951 0.57577 0.94448 0.5196 0.76341 0.659 0.61163 0.93562 0.99444 x 0.66042 x x 0.63472 0.68135 0.73541 0.71705 0.54809 0.59536 0.90663 0.61037 x 0.73879 x 0.56827 0.5433 x 0.70022 0.67888 0.91428 0.51897 0.56638 0.5437 0.95719 0.51272 0.94219 0.59962 0.9369 0.78135 0.62434 0.80966 x x
x x x 0.86301 x 0.84231 0.60683 0.94423 x 0.79635 0.86489 x 0.85567 0.89593 0.82228 0.90896 0.75558 0.82863 0.70533 0.96928 0.86115 0.71635 0.73939 0.91976 0.73665 0.95887 0.90635 0.6609 0.73879 x 0.59396 0.57729 0.50261 0.59576 0.83157 0.90423 0.95934 0.63417 0.70677 0.83503 0.77811 0.51431 x 0.71823 0.66601 0.99144 x x 0.73356 0.58103
0.59584 0.55449 0.69201 0.50844 0.94131 0.50177 0.70134 0.92782 0.75368 0.54065 0.90309 0.85593 0.85684 x 0.98213 0.53144 x 0.69187 x 0.94346 0.70937 0.95882 0.94036 0.99107 0.72682 0.82107 x 0.62076 x 0.59396 x 0.79226 0.86726 0.57723 0.87603 x 0.57524 x 0.63232 0.88587 0.87477 0.70478 0.74459 0.52958 0.5406 0.81405 x 0.61043 0.60295 0.73054
0.64478 0.69532 0.64862 0.61265 0.83132 0.59729 0.76591 x 0.80931 0.99142 0.9749 0.90602 0.69562 0.99781 0.73481 0.58605 0.77401 0.64031 0.85334 0.97287 x 0.54129 0.86618 0.61362 0.63592 0.7212 0.72904 x 0.56827 0.57729 0.79226 x 0.88675 0.65751 0.91811 0.93342 0.96366 0.52984 0.78545 0.84281 0.56438 0.51554 0.81507 0.67004 0.54777 0.62468 x 0.82098 0.93981 0.78331
0.94927 0.70715 x 0.78603 0.87849 x 0.8071 0.57213 x x 0.66503 x 0.95348 x 0.62568 0.98494 x x x x 0.99251 0.9038 0.98297 x 0.76008 0.5127 x 0.86368 0.5433 0.50261 0.86726 0.88675 x 0.75414 0.72331 x 0.72748 0.65701 0.88995 0.61061 0.64302 x 0.58519 x 0.55886 x 0.80748 0.82733 0.89076 0.62131
x 0.91775 0.9698 0.71719 0.70781 0.89994 0.8361 0.93094 0.8015 x 0.75797 x 0.85789 0.52076 0.53414 0.56221 0.51557 0.80969 x 0.61374 x x 0.72195 0.91463 0.58495 0.72091 x x x 0.59576 0.57723 0.65751 0.75414 x 0.89904 0.87393 0.56457 0.87676 0.91608 0.78976 x 0.85417 0.54663 0.81791 0.76284 x 0.80923 x 0.93793 0.72511
0.60359 0.5426 x 0.88804 x 0.61006 0.97839 0.84992 0.7533 0.92401 0.97357 0.57462 0.80938 0.95131 0.67449 0.99208 0.9651 0.98486 0.68677 x x 0.62675 0.58401 0.90007 0.89016 0.65829 0.77727 0.63646 0.70022 0.83157 0.87603 0.91811 0.72331 0.89904 x 0.71248 0.69248 0.59812 0.6848 0.52921 x 0.85111 0.83912 0.92589 0.91143 x 0.52325 0.68441 0.8781 x
0.91852 0.62114 x 0.8189 0.78827 0.88407 0.5069 0.69766 0.74772 0.59136 0.62605 0.53893 0.85555 0.69228 0.99093 0.74942 0.63836 0.61471 x x 0.97469 0.75291 0.86527 x 0.8354 x 0.97455 0.68125 0.67888 0.90423 x 0.93342 x 0.87393 0.71248 x x x x 0.77948 x 0.9667 x 0.52902 0.89901 0.52883 0.61248 0.63559 0.73751 0.5317
0.85696 0.68918 0.50918 0.9447 0.92617 x 0.96661 0.87388 0.84143 0.92319 x 0.72596 x 0.59121 0.90269 0.92127 x 0.98467 x x 0.52726 0.7874 0.73728 0.69227 0.87037 0.61584 0.82179 0.96537 0.91428 0.95934 0.57524 0.96366 0.72748 0.56457 0.69248 x x 0.92672 0.56636 0.92891 0.76553 0.57291 0.71972 x x 0.93963 0.58478 0.6609 0.56753 x
0.8673 0.75784 0.50156 0.72376 0.61051 0.76869 x 0.85626 0.92014 0.90026 0.69531 0.63087 0.64355 0.66052 0.81433 0.93413 0.62507 0.77822 0.7188 0.85665 0.72145 0.80742 0.84649 x 0.77839 0.98871 0.6611 0.7499 0.51897 0.63417 x 0.52984 0.65701 0.87676 0.59812 x 0.92672 x 0.86463 0.77993 x 0.68132 0.67476 0.87009 0.63884 0.97705 0.79245 0.90333 0.59166 0.86458
0.52919 0.94395 0.97993 0.82234 0.99102 0.55054 0.92159 0.88865 0.74934 0.99457 0.9096 0.92072 0.85425 0.96838 0.63822 0.62518 0.52226 x x 0.74178 x 0.66822 0.50294 x 0.84262 0.6902 x 0.51061 0.56638 0.70677 0.63232 0.78545 0.88995 0.91608 0.6848 x 0.56636 0.86463 x 0.63407 0.83999 0.53657 0.82379 0.60985 0.9151 0.81914 x x x 0.78392
0.82637 0.9831 0.62248 0.50302 0.71872 x 0.68597 x 0.60038 0.83346 x 0.76691 0.62469 0.84358 0.93455 0.78523 0.7192 0.59109 0.91339 0.70487 x 0.7821 0.87996 0.51353 0.86122 0.77241 0.79346 0.96762 0.5437 0.83503 0.88587 0.84281 0.61061 0.78976 0.52921 0.77948 0.92891 0.77993 0.63407 x 0.55409 0.86806 0.5611 0.91869 0.57343 0.53204 0.52456 0.77772 0.97949 0.72115
0.86466 0.56754 0.67711 0.50168 0.63339 0.51889 0.75816 0.72721 0.78432 0.52646 0.54993 0.87807 0.73558 0.65711 0.61631 0.5117 0.85964 0.94941 0.69282 0.66251 0.84552 0.78088 0.68487 x 0.64732 0.56292 0.70982 0.70452 0.95719 0.77811 0.87477 0.56438 0.64302 x x x 0.76553 x 0.83999 0.55409 x 0.79857 0.82196 0.82238 0.64792 x 0.92919 0.54878 0.56401 0.67126
0.52833 x 0.57093 0.96388 0.98754 0.63995 0.9953 0.70353 x 0.79507 0.96801 0.9039 0.85763 0.90983 0.72294 0.68163 0.84305 0.57998 0.80536 0.57195 0.99817 0.70259 0.91134 0.6883 0.71681 0.62773 0.73268 0.81155 0.51272 0.51431 0.70478 0.51554 x 0.85417 0.85111 0.9667 0.57291 0.68132 0.53657 0.86806 0.79857 x x x 0.67957 0.54746 0.65351 0.93326 0.61491 0.95406
x 0.98467 0.91667 0.5848 0.57358 0.53976 0.92144 x x 0.98492 0.885 0.6355 0.75832 x 0.71782 x 0.67946 x 0.58687 0.6456 0.98182 0.70174 0.9827 0.7039 0.82897 0.55022 x x 0.94219 x 0.74459 0.81507 0.58519 0.54663 0.83912 x 0.71972 0.67476 0.82379 0.5611 0.82196 x x 0.78105 0.76552 0.53927 0.83183 x x 0.81879
0.60721 0.81965 0.88415 x 0.80434 0.50756 x x 0.71913 0.9048 0.51848 0.81018 0.56785 x 0.90278 0.86868 0.53954 0.78784 0.50396 0.75074 0.68048 0.64331 0.92524 0.95163 0.94441 0.66311 0.95876 0.75406 0.59962 0.71823 0.52958 0.67004 x 0.81791 0.92589 0.52902 x 0.87009 0.60985 0.91869 0.82238 x 0.78105 x 0.73092 x 0.56614 0.64577 0.6793 0.83908
0.70189 x 0.81666 0.69871 0.61262 x 0.90739 0.68869 0.82928 0.93794 0.69108 0.6834 0.71705 0.90678 0.65767 x 0.63102 0.70322 0.76862 0.80454 0.95917 0.88461 0.92465 x 0.74627 0.98329 0.71287 0.85296 0.9369 0.66601 0.5406 0.54777 0.55886 0.76284 0.91143 0.89901 x 0.63884 0.9151 0.57343 0.64792 0.67957 0.76552 0.73092 x 0.98812 0.63236 0.99149 0.81482 0.81745
0.8181 0.55469 0.83487 0.88559 x 0.75256 x 0.89216 0.5661 0.8273 0.57061 0.87014 0.86377 0.63799 0.78489 x 0.65969 0.89561 0.95715 0.62905 x x 0.51538 x 0.99517 0.50858 0.81524 0.55447 0.78135 0.99144 0.81405 0.62468 x x x 0.52883 0.93963 0.97705 0.81914 0.53204 x 0.54746 0.53927 x 0.98812 x x x 0.95169 x
0.63044 0.7584 0.77021 0.92458 0.68426 0.50834 0.8848 0.76089 0.70531 0.67788 0.95738 0.95509 x x 0.5555 0.70734 0.51101 0.58507 0.6623 0.93699 x x x 0.5886 0.62594 0.71748 0.65793 0.71015 0.62434 x x x 0.80748 0.80923 0.52325 0.61248 0.58478 0.79245 x 0.52456 0.92919 0.65351 0.83183 0.56614 0.63236 x x x 0.92678 0.69966
0.68863 0.64419 0.69493 x 0.84404 0.7164 0.53076 0.91342 0.87747 x 0.99911 x 0.98576 0.71232 0.61649 0.51555 0.68712 x 0.62889 x 0.66001 0.68026 0.73083 0.80576 0.97126 0.55353 0.96432 0.66806 0.80966 x 0.61043 0.82098 0.82733 x 0.68441 0.63559 0.6609 0.90333 x 0.77772 0.54878 0.93326 x 0.64577 0.99149 x x x 0.91417 x
0.89444 0.97288 x 0.94424 x x 0.71198 0.59151 0.62326 0.76058 0.62302 0.55134 0.58349 0.86817 0.86133 0.62283 x 0.85166 x 0.50926 0.94132 0.83809 0.67478 0.98025 0.99556 0.55703 0.65718 x x 0.73356 0.60295 0.93981 0.89076 0.93793 0.8781 0.73751 0.56753 0.59166 x 0.97949 0.56401 0.61491 x 0.6793 0.81482 0.95169 0.92678 0.91417 x x
0.87897 x 0.59776 x 0.99404 0.73751 x 0.86327 x 0.92499 0.96994 x x 0.59658 0.58992 0.52449 x 0.61682 0.52815 x 0.66932 0.58466 0.96069 0.713 0.66534 0.70693 x 0.55013 x 0.58103 0.73054 0.78331 0.62131 0.72511 x 0.5317 x 0.86458 0.78392 0.72115 0.67126 0.95406 0.81879 0.83908 0.81745 x 0.69966 x x x