50
25
0 1 2 3 4 5 6 7 8 9 10 11 12 13 14 15 16 17 18 19 20 21 22 23 24 25 26 27 28 29 30 31 32 33 34 35 36 37 38 39 40 41 42 43 44 45 46 47 48 49
25 30 6 41 28 34 29 4 11 27 39 44 9 42 23 18 33 49 43 3 46 5 13 12 7
0
x 0.75744 0.95272 0.9592 0.903 x 0.74293 0.68681 x 0.59992 0.56011 0.54906 0.90288 0.882 0.77946 0.9219 0.58505 0.54903 0.81109 0.89251 0.62777 x 0.57073 0.97811 x 0.95694 0.66306 0.80234 0.65888 0.58128 0.93493 0.68264 0.70196 0.71245 0.89269 0.88245 0.88304 0.79624 x x 0.51412 0.69962 0.52803 0.89615 0.56487 0.78522 0.94741 0.9654 0.72391 0.70307
0.75744 x 0.86859 0.93258 x x x 0.72733 0.54818 0.73928 0.9228 0.64054 0.54659 0.61998 0.56707 0.82174 0.74514 0.53863 0.62559 0.83612 x 0.6136 0.96203 x 0.79189 0.99386 0.76487 0.98143 0.92762 0.7184 0.54011 0.79104 0.6768 0.75647 0.70048 0.68719 0.95194 x 0.58202 0.56779 0.84671 0.99143 0.7969 0.60745 x x 0.944 0.64276 x 0.77242
0.95272 0.86859 x x 0.52294 x 0.6235 0.74919 0.67681 0.98252 0.99699 0.83163 x x 0.59153 x 0.53575 0.57474 x 0.94299 0.67306 0.9495 0.66689 x 0.74326 x 0.69925 0.94808 0.9905 0.95674 0.57264 0.52023 0.7642 x 0.73102 0.97381 x 0.64721 0.90415 0.96117 x 0.8232 0.72367 0.69517 0.56178 0.94997 0.89381 0.86669 0.65589 0.80154
0.9592 0.93258 x x 0.95931 0.81104 0.92093 0.84349 0.50137 x 0.69189 0.55759 x 0.59162 0.55128 0.95007 0.77309 0.50915 0.77921 x 0.66198 0.83134 0.70669 0.75368 0.80843 x 0.546 x 0.88136 x x x 0.54889 0.75832 x 0.86362 0.59359 x 0.59847 0.78812 x 0.64384 0.80546 0.93207 0.98471 0.52674 0.60653 0.58914 0.50789 0.88284
0.903 x 0.52294 0.95931 x 0.77999 0.78474 0.70803 0.7332 x 0.5151 0.79834 0.59937 x x 0.793 x 0.65921 0.74827 0.88242 0.95105 0.81623 0.93528 0.53069 x x 0.59343 0.55624 x 0.60593 x 0.8147 0.67939 0.71916 x 0.61356 0.85412 0.85648 0.6241 x 0.64172 0.83635 0.94386 0.50249 x x 0.71976 0.62655 0.73596 0.56806
x x x 0.81104 0.77999 x x 0.55684 0.87865 x 0.79601 0.78846 0.7664 0.95729 0.80085 0.65849 0.99949 x 0.95373 0.96952 x 0.64688 0.91076 0.63797 0.8919 0.60117 x 0.54083 0.79878 x 0.84161 x 0.50107 x x 0.60013 0.67873 0.57999 0.85515 x 0.82726 0.84729 0.86977 x 0.52831 0.89732 0.79678 x x 0.8241
0.74293 x 0.6235 0.92093 0.78474 x x 0.59117 0.99983 0.57489 x x 0.66555 0.53888 0.53718 x 0.89785 0.90446 0.84245 0.81017 0.91061 0.97816 0.62287 0.99879 0.68452 0.91563 0.96371 0.53395 0.817 0.69655 0.96763 0.92487 0.89352 x 0.74629 0.67133 0.68596 0.74742 0.98659 0.58449 0.84639 0.75712 0.77212 x 0.93497 0.9042 x 0.96994 x 0.95037
0.68681 0.72733 0.74919 0.84349 0.70803 0.55684 0.59117 x 0.62913 x 0.61035 0.81375 x 0.63183 0.67946 0.89993 0.97183 0.73185 0.78644 x x 0.80376 0.76645 0.67059 x 0.61621 0.54083 0.85965 0.69999 x 0.79264 0.85034 0.95912 0.81991 x x 0.73786 0.84763 0.50386 0.72958 x x 0.97891 0.58146 0.50646 0.67563 x 0.78216 0.63583 0.52145
x 0.54818 0.67681 0.50137 0.7332 0.87865 0.99983 0.62913 x 0.95102 0.84366 0.68673 0.91469 0.67519 0.87693 0.58504 0.93703 0.80337 0.72596 0.80517 x x 0.74602 x x 0.72394 0.6849 0.60305 0.71711 0.69556 0.96091 x 0.78482 x 0.54834 0.89692 0.99834 0.7745 x 0.913 0.7633 0.67912 0.74172 0.52293 x 0.89578 0.51545 0.7867 x 0.84172
0.59992 0.73928 0.98252 x x x 0.57489 x 0.95102 x 0.89071 0.79663 0.50528 0.8563 x 0.93374 0.75559 0.86006 0.79509 0.99536 0.78838 0.76687 0.59048 x 0.74238 0.94446 0.85286 0.90252 x 0.72172 0.94101 x 0.66868 x 0.89987 0.75923 0.88844 0.56723 0.67407 0.91607 0.75692 0.92935 0.67031 0.80132 0.72839 0.69191 0.77279 0.87737 0.61278 0.6534
0.56011 0.9228 0.99699 0.69189 0.5151 0.79601 x 0.61035 0.84366 0.89071 x 0.50866 0.57574 0.62913 0.78198 0.59267 0.88019 0.79584 0.78455 0.62667 x x 0.8129 0.91258 0.77515 0.82693 0.83535 0.55401 0.63802 x 0.88539 0.97638 0.81424 x 0.54934 0.52938 x x 0.94181 0.68543 0.92639 0.69815 0.98325 0.58596 x 0.97134 0.89985 0.90524 0.58608 x
0.54906 0.64054 0.83163 0.55759 0.79834 0.78846 x 0.81375 0.68673 0.79663 0.50866 x 0.71937 0.81022 0.63519 x 0.71329 0.91841 x x 0.94306 0.83124 0.65712 0.5577 0.55134 0.53614 0.97924 0.95005 0.8229 x 0.54824 0.67748 0.81236 0.52803 x 0.90062 x x 0.84693 0.54975 0.50386 x x 0.53852 0.81237 0.73655 0.98596 x 0.65952 x
0.90288 0.54659 x x 0.59937 0.7664 0.66555 x 0.91469 0.50528 0.57574 0.71937 x 0.50555 x 0.66278 0.82202 0.74248 0.73624 0.76833 x 0.59281 0.78574 0.98209 0.53955 0.84274 0.81421 0.70349 x 0.64935 0.72734 0.80239 0.89623 x 0.73733 0.80993 0.66299 0.76942 0.68 0.72564 x 0.59064 0.72191 0.65704 0.75284 0.50075 0.97101 0.77936 0.75333 0.77856
0.882 0.61998 x 0.59162 x 0.95729 0.53888 0.63183 0.67519 0.8563 0.62913 0.81022 0.50555 x 0.95789 0.99447 0.72065 0.75113 0.75157 0.8577 0.64937 0.59669 x 0.80435 0.69016 0.94776 0.73108 0.63243 x 0.85633 0.52193 0.85899 0.53076 0.56737 0.50769 0.8677 0.60389 0.79572 0.85984 0.81932 0.52231 0.69176 0.78285 0.96196 0.59578 0.65494 0.59077 0.76228 0.57739 0.86868
0.77946 0.56707 0.59153 0.55128 x 0.80085 0.53718 0.67946 0.87693 x 0.78198 0.63519 x 0.95789 x 0.65926 0.68406 0.74293 x 0.62665 0.50086 0.55255 0.77667 0.80025 0.65329 0.75511 0.62911 0.97818 0.82347 0.85512 0.75149 0.63581 0.91385 0.51382 0.50206 x 0.54837 0.50609 0.69768 0.63591 x 0.74099 0.56369 0.5439 0.57267 0.78134 0.65032 0.82446 0.90702 x
0.9219 0.82174 x 0.95007 0.793 0.65849 x 0.89993 0.58504 0.93374 0.59267 x 0.66278 0.99447 0.65926 x 0.94575 0.77487 x x 0.8529 0.87949 0.75948 0.89852 0.72331 0.94277 0.57105 0.92286 x 0.91463 x 0.97027 0.80066 0.62186 0.80548 x 0.59784 0.86636 0.66195 0.63496 0.81965 x 0.76635 0.7723 0.5563 0.85362 0.76305 x x 0.96337
0.58505 0.74514 0.53575 0.77309 x 0.99949 0.89785 0.97183 0.93703 0.75559 0.88019 0.71329 0.82202 0.72065 0.68406 0.94575 x 0.64394 0.78554 0.86542 0.68684 0.67454 0.55538 0.89218 0.66842 0.54195 0.97202 0.61439 0.99574 x 0.99647 x 0.54485 0.59162 0.96244 0.53014 x 0.56991 x x 0.90404 0.52892 0.90526 0.9053 0.71704 0.7201 x x 0.80278 x
0.54903 0.53863 0.57474 0.50915 0.65921 x 0.90446 0.73185 0.80337 0.86006 0.79584 0.91841 0.74248 0.75113 0.74293 0.77487 0.64394 x x 0.79514 0.7468 x 0.79525 0.76226 0.91739 0.80382 0.94018 0.7012 0.72465 0.59894 0.63243 0.51623 0.77063 0.71961 0.59294 0.69204 x 0.72908 x 0.99706 0.59013 x 0.71084 x 0.56893 0.61034 0.60691 0.96982 0.81861 0.65512
0.81109 0.62559 x 0.77921 0.74827 0.95373 0.84245 0.78644 0.72596 0.79509 0.78455 x 0.73624 0.75157 x x 0.78554 x x 0.91493 x x 0.67407 0.82384 x 0.83555 0.62201 0.73811 x 0.85886 0.66331 0.71832 0.91921 0.63261 0.93539 0.72295 0.71085 0.73388 0.51393 0.70122 0.69878 x 0.6935 0.77181 0.61948 0.77891 0.68502 0.78115 0.6537 0.97644
0.89251 0.83612 0.94299 x 0.88242 0.96952 0.81017 x 0.80517 0.99536 0.62667 x 0.76833 0.8577 0.62665 x 0.86542 0.79514 0.91493 x 0.60771 0.57544 0.64969 0.87746 0.85404 0.59246 x x 0.61499 0.80087 0.57934 0.66817 0.68532 0.6514 0.74652 x x x 0.79528 0.95185 x 0.57519 0.87621 0.72976 0.68323 0.8747 0.99398 0.78146 0.64813 x
0.62777 x 0.67306 0.66198 0.95105 x 0.91061 x x 0.78838 x 0.94306 x 0.64937 0.50086 0.8529 0.68684 0.7468 x 0.60771 x 0.64945 0.68599 0.81296 0.94363 x 0.90453 0.54423 0.87034 0.54919 0.91241 0.71289 0.60981 0.91814 0.53927 0.94178 x 0.86057 0.62421 0.72252 0.9175 x 0.72394 0.65765 0.81796 0.80419 0.55973 0.56371 0.66507 0.52976
x 0.6136 0.9495 0.83134 0.81623 0.64688 0.97816 0.80376 x 0.76687 x 0.83124 0.59281 0.59669 0.55255 0.87949 0.67454 x x 0.57544 0.64945 x 0.69987 0.75047 0.94706 x 0.82569 0.65369 0.94427 x 0.94466 0.64328 0.69563 0.85878 0.85305 0.50843 0.82097 0.67313 0.9382 0.51208 x 0.8263 x 0.6057 0.6748 0.61643 0.98541 x 0.86616 0.51191
0.57073 0.96203 0.66689 0.70669 0.93528 0.91076 0.62287 0.76645 0.74602 0.59048 0.8129 0.65712 0.78574 x 0.77667 0.75948 0.55538 0.79525 0.67407 0.64969 0.68599 0.69987 x 0.91309 0.53406 0.53102 x 0.70531 0.63875 0.72963 0.7608 0.83129 0.99614 0.56092 0.67509 x 0.53633 0.887 x 0.66865 x 0.87363 0.88551 0.56028 0.94736 0.9915 0.7404 x 0.55813 x
0.97811 x x 0.75368 0.53069 0.63797 0.99879 0.67059 x x 0.91258 0.5577 0.98209 0.80435 0.80025 0.89852 0.89218 0.76226 0.82384 0.87746 0.81296 0.75047 0.91309 x 0.81555 0.98659 x 0.58131 x 0.98311 0.99428 0.77545 0.69652 0.6256 0.59166 x 0.98205 0.77339 x x 0.83399 x 0.93422 0.77772 0.52045 0.50938 x 0.58257 0.6926 0.58204
x 0.79189 0.74326 0.80843 x 0.8919 0.68452 x x 0.74238 0.77515 0.55134 0.53955 0.69016 0.65329 0.72331 0.66842 0.91739 x 0.85404 0.94363 0.94706 0.53406 0.81555 x 0.67587 0.82975 x 0.84259 0.9935 0.61913 0.92534 0.51886 0.79053 0.5277 0.75076 x 0.7078 x 0.7208 0.72469 0.88916 0.91686 0.73687 0.73625 x 0.94681 0.73769 0.52426 0.58704
0.95694 0.99386 x x x 0.60117 0.91563 0.61621 0.72394 0.94446 0.82693 0.53614 0.84274 0.94776 0.75511 0.94277 0.54195 0.80382 0.83555 0.59246 x x 0.53102 0.98659 0.67587 x 0.67143 0.53592 0.81961 0.73033 0.8053 0.86703 0.50578 0.55154 0.97345 x 0.55492 0.64981 0.57158 0.59468 0.60347 0.91306 0.86658 0.843 0.61028 0.90014 x 0.98199 0.98071 0.94128
0.66306 0.76487 0.69925 0.546 0.59343 x 0.96371 0.54083 0.6849 0.85286 0.83535 0.97924 0.81421 0.73108 0.62911 0.57105 0.97202 0.94018 0.62201 x 0.90453 0.82569 x x 0.82975 0.67143 x x 0.79531 x 0.56208 x 0.88504 x x 0.95333 0.60545 0.63458 x x 0.95258 0.97453 0.70885 x 0.59373 0.9273 0.98434 0.92553 0.58738 0.6979
0.80234 0.98143 0.94808 x 0.55624 0.54083 0.53395 0.85965 0.60305 0.90252 0.55401 0.95005 0.70349 0.63243 0.97818 0.92286 0.61439 0.7012 0.73811 x 0.54423 0.65369 0.70531 0.58131 x 0.53592 x x 0.77512 0.64482 0.6167 0.83937 0.7827 x x 0.51122 0.81249 0.56971 0.78178 x 0.84161 0.86143 x 0.97147 0.76808 x 0.8128 0.75883 0.76189 0.98425
0.65888 0.92762 0.9905 0.88136 x 0.79878 0.817 0.69999 0.71711 x 0.63802 0.8229 x x 0.82347 x 0.99574 0.72465 x 0.61499 0.87034 0.94427 0.63875 x 0.84259 0.81961 0.79531 0.77512 x 0.84774 0.98322 x 0.8467 0.73647 0.70822 0.50172 0.65674 0.50191 x 0.68724 0.90444 0.84755 0.80524 0.99175 x 0.80591 0.60639 0.85307 0.94568 0.81822
0.58128 0.7184 0.95674 x 0.60593 x 0.69655 x 0.69556 0.72172 x x 0.64935 0.85633 0.85512 0.91463 x 0.59894 0.85886 0.80087 0.54919 x 0.72963 0.98311 0.9935 0.73033 x 0.64482 0.84774 x 0.95761 0.74892 x 0.82538 x 0.64425 0.62815 0.78468 0.70237 x 0.64511 0.60247 0.67655 x 0.98545 x 0.69769 0.51375 x 0.85835
0.93493 0.54011 0.57264 x x 0.84161 0.96763 0.79264 0.96091 0.94101 0.88539 0.54824 0.72734 0.52193 0.75149 x 0.99647 0.63243 0.66331 0.57934 0.91241 0.94466 0.7608 0.99428 0.61913 0.8053 0.56208 0.6167 0.98322 0.95761 x 0.60305 0.69667 0.99312 0.99146 x 0.72366 0.89536 0.90321 0.5594 0.91203 0.76098 0.89505 0.7569 x 0.80835 0.51527 0.95926 0.58356 0.97082
0.68264 0.79104 0.52023 x 0.8147 x 0.92487 0.85034 x x 0.97638 0.67748 0.80239 0.85899 0.63581 0.97027 x 0.51623 0.71832 0.66817 0.71289 0.64328 0.83129 0.77545 0.92534 0.86703 x 0.83937 x 0.74892 0.60305 x 0.85482 0.7626 0.52148 0.89894 0.89207 0.65956 0.71314 0.53242 0.92175 x 0.9125 0.91985 0.53436 0.728 0.79192 0.87409 0.74944 0.71895
0.70196 0.6768 0.7642 0.54889 0.67939 0.50107 0.89352 0.95912 0.78482 0.66868 0.81424 0.81236 0.89623 0.53076 0.91385 0.80066 0.54485 0.77063 0.91921 0.68532 0.60981 0.69563 0.99614 0.69652 0.51886 0.50578 0.88504 0.7827 0.8467 x 0.69667 0.85482 x x 0.72996 0.57897 0.57163 0.54908 0.64198 0.77214 0.85293 0.77637 0.90479 x 0.69722 x 0.60575 0.70903 0.83677 0.52042
0.71245 0.75647 x 0.75832 0.71916 x x 0.81991 x x x 0.52803 x 0.56737 0.51382 0.62186 0.59162 0.71961 0.63261 0.6514 0.91814 0.85878 0.56092 0.6256 0.79053 0.55154 x x 0.73647 0.82538 0.99312 0.7626 x x 0.59983 0.70801 x x 0.99805 0.89657 0.82927 x 0.52895 0.98525 x 0.89938 0.69491 0.62763 0.54184 0.92551
0.89269 0.70048 0.73102 x x x 0.74629 x 0.54834 0.89987 0.54934 x 0.73733 0.50769 0.50206 0.80548 0.96244 0.59294 0.93539 0.74652 0.53927 0.85305 0.67509 0.59166 0.5277 0.97345 x x 0.70822 x 0.99146 0.52148 0.72996 0.59983 x 0.73589 0.9928 0.77684 0.5165 0.77151 0.73273 0.65677 0.81498 0.86505 0.67052 0.9692 0.67319 x 0.72582 0.99452
0.88245 0.68719 0.97381 0.86362 0.61356 0.60013 0.67133 x 0.89692 0.75923 0.52938 0.90062 0.80993 0.8677 x x 0.53014 0.69204 0.72295 x 0.94178 0.50843 x x 0.75076 x 0.95333 0.51122 0.50172 0.64425 x 0.89894 0.57897 0.70801 0.73589 x 0.88834 0.56136 0.84944 0.89947 x 0.73529 x 0.70401 0.63416 0.64371 0.71906 0.75436 0.58344 0.68627
0.88304 0.95194 x 0.59359 0.85412 0.67873 0.68596 0.73786 0.99834 0.88844 x x 0.66299 0.60389 0.54837 0.59784 x x 0.71085 x x 0.82097 0.53633 0.98205 x 0.55492 0.60545 0.81249 0.65674 0.62815 0.72366 0.89207 0.57163 x 0.9928 0.88834 x 0.55067 x 0.73753 0.99947 0.69102 0.61097 0.76671 0.55644 0.63434 0.65654 0.61447 0.57834 0.61507
0.79624 x 0.64721 x 0.85648 0.57999 0.74742 0.84763 0.7745 0.56723 x x 0.76942 0.79572 0.50609 0.86636 0.56991 0.72908 0.73388 x 0.86057 0.67313 0.887 0.77339 0.7078 0.64981 0.63458 0.56971 0.50191 0.78468 0.89536 0.65956 0.54908 x 0.77684 0.56136 0.55067 x 0.71102 0.73325 0.84439 x 0.83966 x 0.55939 0.50495 x 0.87983 0.59389 0.95867
x 0.58202 0.90415 0.59847 0.6241 0.85515 0.98659 0.50386 x 0.67407 0.94181 0.84693 0.68 0.85984 0.69768 0.66195 x x 0.51393 0.79528 0.62421 0.9382 x x x 0.57158 x 0.78178 x 0.70237 0.90321 0.71314 0.64198 0.99805 0.5165 0.84944 x 0.71102 x x 0.61898 0.74442 0.7179 0.76726 x 0.63881 0.56964 0.78145 0.98616 0.77582
x 0.56779 0.96117 0.78812 x x 0.58449 0.72958 0.913 0.91607 0.68543 0.54975 0.72564 0.81932 0.63591 0.63496 x 0.99706 0.70122 0.95185 0.72252 0.51208 0.66865 x 0.7208 0.59468 x x 0.68724 x 0.5594 0.53242 0.77214 0.89657 0.77151 0.89947 0.73753 0.73325 x x 0.94575 x 0.55278 x 0.94933 0.55428 0.87372 0.78477 0.60033 0.76443
0.51412 0.84671 x x 0.64172 0.82726 0.84639 x 0.7633 0.75692 0.92639 0.50386 x 0.52231 x 0.81965 0.90404 0.59013 0.69878 x 0.9175 x x 0.83399 0.72469 0.60347 0.95258 0.84161 0.90444 0.64511 0.91203 0.92175 0.85293 0.82927 0.73273 x 0.99947 0.84439 0.61898 0.94575 x 0.57876 0.76823 0.86838 0.6984 0.61618 0.85175 0.97416 x x
0.69962 0.99143 0.8232 0.64384 0.83635 0.84729 0.75712 x 0.67912 0.92935 0.69815 x 0.59064 0.69176 0.74099 x 0.52892 x x 0.57519 x 0.8263 0.87363 x 0.88916 0.91306 0.97453 0.86143 0.84755 0.60247 0.76098 x 0.77637 x 0.65677 0.73529 0.69102 x 0.74442 x 0.57876 x 0.73215 0.98907 0.75203 0.6598 0.87018 0.63174 0.74632 x
0.52803 0.7969 0.72367 0.80546 0.94386 0.86977 0.77212 0.97891 0.74172 0.67031 0.98325 x 0.72191 0.78285 0.56369 0.76635 0.90526 0.71084 0.6935 0.87621 0.72394 x 0.88551 0.93422 0.91686 0.86658 0.70885 x 0.80524 0.67655 0.89505 0.9125 0.90479 0.52895 0.81498 x 0.61097 0.83966 0.7179 0.55278 0.76823 0.73215 x 0.62098 0.62894 0.96438 x 0.58276 0.81521 0.85727
0.89615 0.60745 0.69517 0.93207 0.50249 x x 0.58146 0.52293 0.80132 0.58596 0.53852 0.65704 0.96196 0.5439 0.7723 0.9053 x 0.77181 0.72976 0.65765 0.6057 0.56028 0.77772 0.73687 0.843 x 0.97147 0.99175 x 0.7569 0.91985 x 0.98525 0.86505 0.70401 0.76671 x 0.76726 x 0.86838 0.98907 0.62098 x x x 0.74535 0.56678 0.80244 0.98698
0.56487 x 0.56178 0.98471 x 0.52831 0.93497 0.50646 x 0.72839 x 0.81237 0.75284 0.59578 0.57267 0.5563 0.71704 0.56893 0.61948 0.68323 0.81796 0.6748 0.94736 0.52045 0.73625 0.61028 0.59373 0.76808 x 0.98545 x 0.53436 0.69722 x 0.67052 0.63416 0.55644 0.55939 x 0.94933 0.6984 0.75203 0.62894 x x 0.7039 0.52068 x 0.71481 0.50082
0.78522 x 0.94997 0.52674 x 0.89732 0.9042 0.67563 0.89578 0.69191 0.97134 0.73655 0.50075 0.65494 0.78134 0.85362 0.7201 0.61034 0.77891 0.8747 0.80419 0.61643 0.9915 0.50938 x 0.90014 0.9273 x 0.80591 x 0.80835 0.728 x 0.89938 0.9692 0.64371 0.63434 0.50495 0.63881 0.55428 0.61618 0.6598 0.96438 x 0.7039 x 0.5365 0.7033 0.95836 0.6516
0.94741 0.944 0.89381 0.60653 0.71976 0.79678 x x 0.51545 0.77279 0.89985 0.98596 0.97101 0.59077 0.65032 0.76305 x 0.60691 0.68502 0.99398 0.55973 0.98541 0.7404 x 0.94681 x 0.98434 0.8128 0.60639 0.69769 0.51527 0.79192 0.60575 0.69491 0.67319 0.71906 0.65654 x 0.56964 0.87372 0.85175 0.87018 x 0.74535 0.52068 0.5365 x 0.93638 x 0.93276
0.9654 0.64276 0.86669 0.58914 0.62655 x 0.96994 0.78216 0.7867 0.87737 0.90524 x 0.77936 0.76228 0.82446 x x 0.96982 0.78115 0.78146 0.56371 x x 0.58257 0.73769 0.98199 0.92553 0.75883 0.85307 0.51375 0.95926 0.87409 0.70903 0.62763 x 0.75436 0.61447 0.87983 0.78145 0.78477 0.97416 0.63174 0.58276 0.56678 x 0.7033 0.93638 x 0.5512 0.67416
0.72391 x 0.65589 0.50789 0.73596 x x 0.63583 x 0.61278 0.58608 0.65952 0.75333 0.57739 0.90702 x 0.80278 0.81861 0.6537 0.64813 0.66507 0.86616 0.55813 0.6926 0.52426 0.98071 0.58738 0.76189 0.94568 x 0.58356 0.74944 0.83677 0.54184 0.72582 0.58344 0.57834 0.59389 0.98616 0.60033 x 0.74632 0.81521 0.80244 0.71481 0.95836 x 0.5512 x 0.77152
0.70307 0.77242 0.80154 0.88284 0.56806 0.8241 0.95037 0.52145 0.84172 0.6534 x x 0.77856 0.86868 x 0.96337 x 0.65512 0.97644 x 0.52976 0.51191 x 0.58204 0.58704 0.94128 0.6979 0.98425 0.81822 0.85835 0.97082 0.71895 0.52042 0.92551 0.99452 0.68627 0.61507 0.95867 0.77582 0.76443 x x 0.85727 0.98698 0.50082 0.6516 0.93276 0.67416 0.77152 x