50
25
0 1 2 3 4 5 6 7 8 9 10 11 12 13 14 15 16 17 18 19 20 21 22 23 24 25 26 27 28 29 30 31 32 33 34 35 36 37 38 39 40 41 42 43 44 45 46 47 48 49
29 10 48 49 19 25 39 31 17 45 20 44 1 14 32 11 2 24 26 6 33 18 3 37 5
0
x 0.56572 0.84339 0.62023 0.52222 0.50463 0.88131 0.99293 x 0.82011 0.79531 0.86504 0.50193 0.92893 0.70145 0.89712 x x 0.63189 0.94168 0.59098 x 0.70372 0.74825 0.5867 0.76014 0.79812 0.64789 0.78337 0.80493 0.57541 0.90878 0.90959 x 0.57519 0.77288 0.9486 0.68784 0.77556 0.58673 0.91651 0.58494 x 0.76126 0.62483 x 0.73336 x 0.59209 0.80647
0.56572 x 0.55761 0.55076 0.76294 0.98998 0.72845 x x 0.90423 0.80623 0.66581 0.58509 0.70729 0.60526 x 0.95207 0.90161 0.75736 0.87317 0.7367 x 0.54107 0.73059 0.76606 0.8177 0.6655 0.6094 0.98287 x x 0.71439 0.72095 0.77818 0.50734 0.55308 0.65638 x 0.7545 0.92287 x 0.9767 0.78926 0.94264 0.92029 0.80811 0.6027 0.57566 0.66307 0.78418
0.84339 0.55761 x 0.69508 0.84349 0.60956 0.97942 0.58302 0.51771 x 0.59022 0.81759 x 0.51738 0.64417 0.80087 0.95459 0.71339 0.65497 0.92393 0.92249 0.72474 0.94284 x 0.66226 0.57421 0.77506 0.85759 x 0.88876 0.54921 0.55352 0.6862 0.63443 0.58552 0.86246 0.91193 0.62958 0.69318 0.61138 0.56226 0.50345 0.91401 0.95066 x 0.55776 0.68876 0.90518 0.51303 0.69092
0.62023 0.55076 0.69508 x 0.97913 0.87371 0.89857 x x 0.83395 x 0.50548 0.80521 0.90337 0.89848 x 0.80588 0.74611 0.66189 0.90503 0.87148 0.6284 0.76572 0.88916 0.65745 0.8634 x 0.66488 0.64752 x x x 0.78346 0.7929 x 0.63839 x 0.80759 0.81159 0.7231 0.98504 0.62935 0.7025 0.97113 0.65343 x 0.87813 x 0.79576 0.5215
0.52222 0.76294 0.84349 0.97913 x 0.98154 0.94276 0.78419 0.9153 0.87272 0.99404 0.66042 x 0.84735 0.85239 0.86523 0.55336 0.73666 x x x 0.96707 0.80455 0.65597 0.79762 0.63048 0.78224 x 0.72826 x 0.58907 0.83437 0.73582 0.91365 0.6629 x 0.66342 0.71237 0.75576 0.83682 0.91499 0.8944 x 0.8222 0.79671 0.52999 0.64303 0.60321 0.75691 0.8387
0.50463 0.98998 0.60956 0.87371 0.98154 x 0.93968 0.78327 0.50235 0.85801 0.51934 0.90002 0.66201 0.7327 0.90778 0.83522 0.90474 0.76603 0.62955 0.732 0.71783 x x 0.50231 0.62392 x 0.78158 0.99902 x 0.75759 0.78119 0.60308 0.74477 x 0.53808 0.81728 0.64403 0.89361 0.82787 0.53872 0.79365 0.58009 0.68675 0.51491 0.51089 x 0.75959 0.82993 0.67886 0.96939
0.88131 0.72845 0.97942 0.89857 0.94276 0.93968 x x 0.56023 0.69643 0.92684 x 0.69681 0.54554 0.81124 0.70221 x 0.88264 0.568 0.96564 0.99323 x 0.96655 x x x 0.87534 0.84603 0.61029 0.59223 0.77619 0.81097 x 0.93345 x x 0.79328 0.52399 0.73125 0.76868 x 0.70591 0.65223 0.9862 x 0.53525 0.54934 0.59009 0.55569 0.87115
0.99293 x 0.58302 x 0.78419 0.78327 x x 0.70439 0.86601 0.65204 0.55391 0.77991 0.60055 0.61965 0.71222 0.75496 0.5185 0.68 0.74768 0.55942 x 0.80385 x 0.87461 x 0.82796 x 0.80419 x 0.91734 0.775 x 0.57413 0.80258 0.97515 0.52172 0.90258 0.93907 0.53846 0.5421 0.77437 x 0.96926 0.86922 0.76234 0.88308 0.64354 0.5747 0.7402
x x 0.51771 x 0.9153 0.50235 0.56023 0.70439 x 0.97062 0.91294 0.97854 0.58378 0.5168 x 0.77133 x 0.85863 0.68449 0.96933 x 0.69161 0.55584 0.93795 0.80221 x 0.84965 0.84714 0.61995 x 0.59134 0.77279 0.62568 0.54858 0.91519 0.9758 x 0.8098 0.94058 0.80763 x 0.79492 0.9939 0.7612 0.95284 0.66479 x 0.9766 0.63301 x
0.82011 0.90423 x 0.83395 0.87272 0.85801 0.69643 0.86601 0.97062 x 0.71329 0.53745 0.59097 0.76359 0.54569 0.81466 0.7518 x 0.8451 0.5494 0.76339 x x 0.72403 0.73612 0.94405 0.54328 x 0.68316 0.88893 0.56235 0.94624 0.61666 0.96077 0.82918 0.97046 0.82196 0.81119 x x 0.69344 x 0.92802 0.98484 0.58885 x x 0.77863 0.78885 0.98683
0.79531 0.80623 0.59022 x 0.99404 0.51934 0.92684 0.65204 0.91294 0.71329 x x 0.89482 x 0.81514 0.64657 0.68574 0.53132 0.62937 0.98425 0.50018 x 0.98374 0.74295 0.62994 0.55503 0.96395 0.57355 x 0.99639 0.74045 0.92414 0.51999 0.56506 0.85053 0.87102 0.59042 x x 0.66208 0.69758 x 0.96613 0.87016 x 0.9999 x x 0.92867 0.90008
0.86504 0.66581 0.81759 0.50548 0.66042 0.90002 x 0.55391 0.97854 0.53745 x x x 0.77002 0.91743 0.53965 0.55208 0.57187 0.56697 0.89783 0.89873 0.99855 0.78037 0.71364 0.78195 0.99316 0.5656 x 0.73757 0.64598 0.6062 x x 0.66905 x 0.7558 0.58219 0.65885 x x 0.70392 0.76751 0.65442 0.52321 0.75159 0.62148 0.78551 0.8354 0.81862 0.77561
0.50193 0.58509 x 0.80521 x 0.66201 0.69681 0.77991 0.58378 0.59097 0.89482 x x 0.67965 x x 0.82253 x 0.69522 0.73737 0.83518 0.66912 0.64462 x 0.66179 x 0.64401 0.79828 0.86202 0.82172 0.97379 0.5904 0.60382 0.72875 0.87357 x 0.9845 0.72688 0.7866 0.70169 0.54492 0.82701 0.59311 x x 0.67966 0.92974 0.97004 0.52099 x
0.92893 0.70729 0.51738 0.90337 0.84735 0.7327 0.54554 0.60055 0.5168 0.76359 x 0.77002 0.67965 x 0.57824 0.78576 0.91306 0.73368 x 0.64529 0.83649 0.69414 0.73559 0.50644 0.68953 0.62138 0.63793 0.71368 0.91861 0.59741 0.77484 0.8318 0.8827 0.50237 0.72922 0.75111 0.84281 0.50963 x 0.61381 0.95059 0.94558 x x 0.55862 0.78629 0.64169 0.72982 0.92857 x
0.70145 0.60526 0.64417 0.89848 0.85239 0.90778 0.81124 0.61965 x 0.54569 0.81514 0.91743 x 0.57824 x 0.86648 0.54115 x 0.95971 0.68083 0.97045 x 0.92782 0.54587 x 0.80765 0.53422 0.64983 0.96916 x 0.86289 x x 0.76254 0.97942 x 0.54918 0.63372 0.7552 0.62289 0.54279 0.79081 0.74059 0.85492 0.7823 x 0.65037 0.87117 0.59199 0.94516
0.89712 x 0.80087 x 0.86523 0.83522 0.70221 0.71222 0.77133 0.81466 0.64657 0.53965 x 0.78576 0.86648 x x 0.51703 0.50899 x 0.97179 0.83967 0.76276 0.59516 0.66234 x x 0.85672 0.73669 0.94514 0.71028 0.88444 0.72186 x x 0.81366 x 0.81484 0.62659 0.677 0.99982 0.70703 x 0.61219 0.73708 0.73345 0.70039 0.67161 0.64729 0.87123
x 0.95207 0.95459 0.80588 0.55336 0.90474 x 0.75496 x 0.7518 0.68574 0.55208 0.82253 0.91306 0.54115 x x 0.95181 0.97739 x 0.61732 0.96445 0.8058 x 0.94471 x 0.836 0.54064 0.7255 0.57948 x 0.83691 0.82935 0.55258 0.89607 0.66547 0.72512 0.54967 0.60866 x 0.67028 0.67843 0.81541 0.61429 x 0.99709 0.76238 0.75636 0.61839 0.57404
x 0.90161 0.71339 0.74611 0.73666 0.76603 0.88264 0.5185 0.85863 x 0.53132 0.57187 x 0.73368 x 0.51703 0.95181 x 0.50474 x x 0.86781 0.71377 0.75029 0.67314 0.85138 x x x 0.9145 0.7305 0.77932 0.87256 x x 0.53747 0.88658 0.74001 x x 0.76233 0.8025 0.66323 0.71893 0.94546 x x 0.66365 0.99382 0.8064
0.63189 0.75736 0.65497 0.66189 x 0.62955 0.568 0.68 0.68449 0.8451 0.62937 0.56697 0.69522 x 0.95971 0.50899 0.97739 0.50474 x x 0.98712 0.50203 0.67034 0.92332 0.73122 0.7791 0.64857 x x 0.50221 x 0.5183 0.92169 0.66202 0.81968 x 0.96376 0.63892 0.58024 x 0.8514 0.64315 0.68137 0.88754 x x 0.52582 0.64608 0.58886 0.53135
0.94168 0.87317 0.92393 0.90503 x 0.732 0.96564 0.74768 0.96933 0.5494 0.98425 0.89783 0.73737 0.64529 0.68083 x x x x x 0.61838 0.90942 0.69167 0.76365 0.58494 0.72327 0.52782 0.77781 0.82416 0.90924 0.98203 0.99027 0.88996 0.96948 0.90714 0.66961 0.98485 0.88007 0.91944 0.79811 x 0.79292 0.57875 0.86521 0.69135 x x 0.72785 0.82194 0.55919
0.59098 0.7367 0.92249 0.87148 x 0.71783 0.99323 0.55942 x 0.76339 0.50018 0.89873 0.83518 0.83649 0.97045 0.97179 0.61732 x 0.98712 0.61838 x x 0.62483 0.54176 0.54166 x 0.78521 0.79096 x 0.55589 0.80624 0.67245 0.88954 0.93155 0.93169 0.94628 0.98081 0.84267 0.84204 x 0.55398 0.6959 0.70266 0.9406 0.76244 0.87241 0.99613 0.75106 0.99232 0.57942
x x 0.72474 0.6284 0.96707 x x x 0.69161 x x 0.99855 0.66912 0.69414 x 0.83967 0.96445 0.86781 0.50203 0.90942 x x 0.66622 0.61703 x 0.96893 0.82084 0.76716 0.88997 x x 0.52011 0.99278 0.68886 x 0.73955 x 0.8709 0.86676 0.91673 x 0.54256 0.59106 0.53014 0.9971 0.57642 0.84856 0.54396 0.58467 x
0.70372 0.54107 0.94284 0.76572 0.80455 x 0.96655 0.80385 0.55584 x 0.98374 0.78037 0.64462 0.73559 0.92782 0.76276 0.8058 0.71377 0.67034 0.69167 0.62483 0.66622 x x 0.85203 0.5058 0.61201 0.98103 0.71781 x 0.99564 0.73553 0.53596 0.93972 0.70362 x 0.50434 x 0.98421 0.67875 0.91561 0.95409 x 0.66204 0.99591 x 0.6768 0.90888 x 0.96801
0.74825 0.73059 x 0.88916 0.65597 0.50231 x x 0.93795 0.72403 0.74295 0.71364 x 0.50644 0.54587 0.59516 x 0.75029 0.92332 0.76365 0.54176 0.61703 x x x 0.53505 0.54511 0.65471 0.95064 0.81689 0.66169 0.50908 0.70912 0.63322 x 0.5899 0.77763 0.90092 0.9179 x 0.80858 0.63009 0.76119 0.65144 0.86264 0.9817 0.66462 0.91081 0.77475 0.94587
0.5867 0.76606 0.66226 0.65745 0.79762 0.62392 x 0.87461 0.80221 0.73612 0.62994 0.78195 0.66179 0.68953 x 0.66234 0.94471 0.67314 0.73122 0.58494 0.54166 x 0.85203 x x x 0.67478 0.94634 0.5132 0.90781 x 0.85982 x 0.66918 0.628 0.79274 0.6417 0.72226 0.99208 0.52925 0.80328 x 0.81984 0.98588 x 0.84882 0.99206 0.99485 0.91785 0.78667
0.76014 0.8177 0.57421 0.8634 0.63048 x x x x 0.94405 0.55503 0.99316 x 0.62138 0.80765 x x 0.85138 0.7791 0.72327 x 0.96893 0.5058 0.53505 x x 0.66466 0.86732 x x 0.96371 0.96214 0.53331 0.5548 0.65733 0.72614 0.68903 x x 0.87046 0.54863 0.73664 x 0.71406 0.57732 x x 0.72215 0.86105 x
0.79812 0.6655 0.77506 x 0.78224 0.78158 0.87534 0.82796 0.84965 0.54328 0.96395 0.5656 0.64401 0.63793 0.53422 x 0.836 x 0.64857 0.52782 0.78521 0.82084 0.61201 0.54511 0.67478 0.66466 x 0.6259 0.91315 0.5675 0.79659 0.51823 0.6632 0.95898 0.67634 0.76136 0.70746 0.99488 0.58359 0.59926 0.63381 0.8746 0.99996 0.9242 x 0.85866 0.89426 x 0.6453 0.63187
0.64789 0.6094 0.85759 0.66488 x 0.99902 0.84603 x 0.84714 x 0.57355 x 0.79828 0.71368 0.64983 0.85672 0.54064 x x 0.77781 0.79096 0.76716 0.98103 0.65471 0.94634 0.86732 0.6259 x 0.75225 0.67295 0.71564 0.8612 0.52796 0.7879 x 0.80081 0.86519 0.87402 0.75289 x 0.65964 0.99259 0.60457 0.76453 0.85666 0.90975 0.57813 0.98042 0.5044 x
0.78337 0.98287 x 0.64752 0.72826 x 0.61029 0.80419 0.61995 0.68316 x 0.73757 0.86202 0.91861 0.96916 0.73669 0.7255 x x 0.82416 x 0.88997 0.71781 0.95064 0.5132 x 0.91315 0.75225 x x 0.65538 0.55825 x 0.78217 x 0.86628 0.77209 0.95571 0.50875 0.80941 0.77129 0.57859 0.97928 0.6496 x 0.89639 0.62845 x x 0.67177
0.80493 x 0.88876 x x 0.75759 0.59223 x x 0.88893 0.99639 0.64598 0.82172 0.59741 x 0.94514 0.57948 0.9145 0.50221 0.90924 0.55589 x x 0.81689 0.90781 x 0.5675 0.67295 x x 0.85744 0.91243 x 0.87422 0.74965 x 0.5502 x 0.7824 0.82776 0.58484 x x 0.86825 x 0.90211 0.99167 x 0.78804 x
0.57541 x 0.54921 x 0.58907 0.78119 0.77619 0.91734 0.59134 0.56235 0.74045 0.6062 0.97379 0.77484 0.86289 0.71028 x 0.7305 x 0.98203 0.80624 x 0.99564 0.66169 x 0.96371 0.79659 0.71564 0.65538 0.85744 x x 0.98392 0.72562 0.91722 x 0.57793 0.79142 0.56341 0.81446 0.75257 0.71361 0.77231 0.76015 0.88348 0.80588 0.52766 0.72931 0.94555 0.51847
0.90878 0.71439 0.55352 x 0.83437 0.60308 0.81097 0.775 0.77279 0.94624 0.92414 x 0.5904 0.8318 x 0.88444 0.83691 0.77932 0.5183 0.99027 0.67245 0.52011 0.73553 0.50908 0.85982 0.96214 0.51823 0.8612 0.55825 0.91243 x x 0.50237 0.95555 x 0.99503 0.53798 0.57225 x 0.59278 0.55737 0.9069 0.97038 0.59429 x 0.71942 0.86181 0.92451 x 0.82816
0.90959 0.72095 0.6862 0.78346 0.73582 0.74477 x x 0.62568 0.61666 0.51999 x 0.60382 0.8827 x 0.72186 0.82935 0.87256 0.92169 0.88996 0.88954 0.99278 0.53596 0.70912 x 0.53331 0.6632 0.52796 x x 0.98392 0.50237 x 0.72991 x 0.66516 x x 0.65794 0.59242 0.64425 x 0.90268 0.73291 0.95904 x 0.57178 0.52855 0.67899 0.69425
x 0.77818 0.63443 0.7929 0.91365 x 0.93345 0.57413 0.54858 0.96077 0.56506 0.66905 0.72875 0.50237 0.76254 x 0.55258 x 0.66202 0.96948 0.93155 0.68886 0.93972 0.63322 0.66918 0.5548 0.95898 0.7879 0.78217 0.87422 0.72562 0.95555 0.72991 x x 0.72962 x 0.53157 x 0.52354 0.69201 0.99393 0.54818 0.60347 0.52024 0.83806 0.78213 0.8243 0.74842 0.66524
0.57519 0.50734 0.58552 x 0.6629 0.53808 x 0.80258 0.91519 0.82918 0.85053 x 0.87357 0.72922 0.97942 x 0.89607 x 0.81968 0.90714 0.93169 x 0.70362 x 0.628 0.65733 0.67634 x x 0.74965 0.91722 x x x x x 0.75235 x 0.94172 0.61813 0.56053 0.76274 x 0.83267 0.94477 0.78424 0.62566 0.65691 0.70631 0.51641
0.77288 0.55308 0.86246 0.63839 x 0.81728 x 0.97515 0.9758 0.97046 0.87102 0.7558 x 0.75111 x 0.81366 0.66547 0.53747 x 0.66961 0.94628 0.73955 x 0.5899 0.79274 0.72614 0.76136 0.80081 0.86628 x x 0.99503 0.66516 0.72962 x x x 0.58597 x 0.72907 0.51682 x 0.51136 0.73949 0.66574 0.84608 0.70119 0.55491 0.55649 0.94434
0.9486 0.65638 0.91193 x 0.66342 0.64403 0.79328 0.52172 x 0.82196 0.59042 0.58219 0.9845 0.84281 0.54918 x 0.72512 0.88658 0.96376 0.98485 0.98081 x 0.50434 0.77763 0.6417 0.68903 0.70746 0.86519 0.77209 0.5502 0.57793 0.53798 x x 0.75235 x x 0.68354 x x 0.89671 0.82215 0.62113 0.76592 x 0.66113 0.69209 0.61952 0.6577 0.61346
0.68784 x 0.62958 0.80759 0.71237 0.89361 0.52399 0.90258 0.8098 0.81119 x 0.65885 0.72688 0.50963 0.63372 0.81484 0.54967 0.74001 0.63892 0.88007 0.84267 0.8709 x 0.90092 0.72226 x 0.99488 0.87402 0.95571 x 0.79142 0.57225 x 0.53157 x 0.58597 0.68354 x 0.59044 x 0.87228 0.6845 0.8189 0.60643 0.93329 x 0.98434 0.59283 x x
0.77556 0.7545 0.69318 0.81159 0.75576 0.82787 0.73125 0.93907 0.94058 x x x 0.7866 x 0.7552 0.62659 0.60866 x 0.58024 0.91944 0.84204 0.86676 0.98421 0.9179 0.99208 x 0.58359 0.75289 0.50875 0.7824 0.56341 x 0.65794 x 0.94172 x x 0.59044 x 0.50833 0.67288 0.90066 0.54948 0.83935 x 0.52273 0.5342 0.6113 0.83988 0.51133
0.58673 0.92287 0.61138 0.7231 0.83682 0.53872 0.76868 0.53846 0.80763 x 0.66208 x 0.70169 0.61381 0.62289 0.677 x x x 0.79811 x 0.91673 0.67875 x 0.52925 0.87046 0.59926 x 0.80941 0.82776 0.81446 0.59278 0.59242 0.52354 0.61813 0.72907 x x 0.50833 x 0.96664 0.77062 0.99862 0.75361 0.81748 0.81656 0.83823 0.78434 0.79016 0.6289
0.91651 x 0.56226 0.98504 0.91499 0.79365 x 0.5421 x 0.69344 0.69758 0.70392 0.54492 0.95059 0.54279 0.99982 0.67028 0.76233 0.8514 x 0.55398 x 0.91561 0.80858 0.80328 0.54863 0.63381 0.65964 0.77129 0.58484 0.75257 0.55737 0.64425 0.69201 0.56053 0.51682 0.89671 0.87228 0.67288 0.96664 x 0.8986 0.83224 x 0.72635 0.57119 0.91115 0.66282 0.89391 x
0.58494 0.9767 0.50345 0.62935 0.8944 0.58009 0.70591 0.77437 0.79492 x x 0.76751 0.82701 0.94558 0.79081 0.70703 0.67843 0.8025 0.64315 0.79292 0.6959 0.54256 0.95409 0.63009 x 0.73664 0.8746 0.99259 0.57859 x 0.71361 0.9069 x 0.99393 0.76274 x 0.82215 0.6845 0.90066 0.77062 0.8986 x 0.87553 0.77178 0.57929 0.95847 0.68599 0.50329 0.74128 0.92672
x 0.78926 0.91401 0.7025 x 0.68675 0.65223 x 0.9939 0.92802 0.96613 0.65442 0.59311 x 0.74059 x 0.81541 0.66323 0.68137 0.57875 0.70266 0.59106 x 0.76119 0.81984 x 0.99996 0.60457 0.97928 x 0.77231 0.97038 0.90268 0.54818 x 0.51136 0.62113 0.8189 0.54948 0.99862 0.83224 0.87553 x 0.57256 0.93719 0.82498 0.54734 0.98264 0.83252 0.54077
0.76126 0.94264 0.95066 0.97113 0.8222 0.51491 0.9862 0.96926 0.7612 0.98484 0.87016 0.52321 x x 0.85492 0.61219 0.61429 0.71893 0.88754 0.86521 0.9406 0.53014 0.66204 0.65144 0.98588 0.71406 0.9242 0.76453 0.6496 0.86825 0.76015 0.59429 0.73291 0.60347 0.83267 0.73949 0.76592 0.60643 0.83935 0.75361 x 0.77178 0.57256 x 0.96793 0.69275 0.89301 0.74124 x 0.89847
0.62483 0.92029 x 0.65343 0.79671 0.51089 x 0.86922 0.95284 0.58885 x 0.75159 x 0.55862 0.7823 0.73708 x 0.94546 x 0.69135 0.76244 0.9971 0.99591 0.86264 x 0.57732 x 0.85666 x x 0.88348 x 0.95904 0.52024 0.94477 0.66574 x 0.93329 x 0.81748 0.72635 0.57929 0.93719 0.96793 x x x x x 0.8793
x 0.80811 0.55776 x 0.52999 x 0.53525 0.76234 0.66479 x 0.9999 0.62148 0.67966 0.78629 x 0.73345 0.99709 x x x 0.87241 0.57642 x 0.9817 0.84882 x 0.85866 0.90975 0.89639 0.90211 0.80588 0.71942 x 0.83806 0.78424 0.84608 0.66113 x 0.52273 0.81656 0.57119 0.95847 0.82498 0.69275 x x 0.59018 0.97458 x 0.72424
0.73336 0.6027 0.68876 0.87813 0.64303 0.75959 0.54934 0.88308 x x x 0.78551 0.92974 0.64169 0.65037 0.70039 0.76238 x 0.52582 x 0.99613 0.84856 0.6768 0.66462 0.99206 x 0.89426 0.57813 0.62845 0.99167 0.52766 0.86181 0.57178 0.78213 0.62566 0.70119 0.69209 0.98434 0.5342 0.83823 0.91115 0.68599 0.54734 0.89301 x 0.59018 x 0.75786 x 0.63297
x 0.57566 0.90518 x 0.60321 0.82993 0.59009 0.64354 0.9766 0.77863 x 0.8354 0.97004 0.72982 0.87117 0.67161 0.75636 0.66365 0.64608 0.72785 0.75106 0.54396 0.90888 0.91081 0.99485 0.72215 x 0.98042 x x 0.72931 0.92451 0.52855 0.8243 0.65691 0.55491 0.61952 0.59283 0.6113 0.78434 0.66282 0.50329 0.98264 0.74124 x 0.97458 0.75786 x 0.92358 0.74238
0.59209 0.66307 0.51303 0.79576 0.75691 0.67886 0.55569 0.5747 0.63301 0.78885 0.92867 0.81862 0.52099 0.92857 0.59199 0.64729 0.61839 0.99382 0.58886 0.82194 0.99232 0.58467 x 0.77475 0.91785 0.86105 0.6453 0.5044 x 0.78804 0.94555 x 0.67899 0.74842 0.70631 0.55649 0.6577 x 0.83988 0.79016 0.89391 0.74128 0.83252 x x x x 0.92358 x 0.81472
0.80647 0.78418 0.69092 0.5215 0.8387 0.96939 0.87115 0.7402 x 0.98683 0.90008 0.77561 x x 0.94516 0.87123 0.57404 0.8064 0.53135 0.55919 0.57942 x 0.96801 0.94587 0.78667 x 0.63187 x 0.67177 x 0.51847 0.82816 0.69425 0.66524 0.51641 0.94434 0.61346 x 0.51133 0.6289 x 0.92672 0.54077 0.89847 0.8793 0.72424 0.63297 0.74238 0.81472 x